pO2 mew_e electrons holes VO{2} VO{1} VO{0} VM{-4} VM{-3} VM{-2} VM{-1} VM{0} Oi{-2} Oi{-1} Oi{0} Mi{4} Mi{3} Mi{2} Mi{1} Mi{0} Ii{0} Ii{-1} Ii{1} IsubO{1} IsubO{2} IsubO{3} IsubZr{-3} IsubZr{-4} IsubZr{-5} Stoich
-35 3.22927871582872 -1.0332073016009 -8.81647571717792 -1.17137444576583 -1.24527451720255 -1.32518480354396 -14.5852712816635 -24.5038272201422 -34.5594276194197 -44.6384758678545 -58.0674610902255 -14.1415258400535 -21.3101018952496 -31.1158222250819 -10.7218474889415 -9.10783272371311 -7.54448061258782 -8.4933870600879 -9.44622061399525 -20.2765841782467 -16.3700927972064 -20.0781718956748 -3.00000002652985 -10.2157702457386 -15.3117048315686 -24.9797928833418 -28.3162916791867 -27.5140194986495 0.0150386425495688 
-34.8 3.21620355741557 -1.07713790475634 -8.77254511402249 -1.1794817915026 -1.29731246609475 -1.42115335559158 -14.5609936942845 -24.4356190296077 -34.4472888257298 -44.4824064710092 -57.8674610902247 -14.1293870430153 -21.254032495056 -31.0158222217328 -10.7461250729714 -9.1760409108985 -7.65661940292864 -8.64945645358415 -9.64622061064693 -20.2245462288726 -16.3619854509877 -19.9822033431453 -3.000000029397 -10.1718396454503 -15.2238436281253 -24.8595467467823 -28.2399761457826 -27.4816345684009 -0.0301289858072287 
-34.6 3.20301225698328 -1.12145872796044 -8.72822429081838 -1.18744326862634 -1.3495947664226 -1.51775647912354 -14.5382769871017 -24.3685814992208 -34.3359304721388 -44.3267272942141 -57.6674610902255 -14.1180286868865 -21.198353315723 -30.9158222191958 -10.7688417776172 -9.24307843874835 -7.76797775398259 -8.80513562784221 -9.8462206081091 -20.1722639291707 -16.3540239744898 -19.8856002202392 -3.00000003255994 -10.1275188254091 -15.1352019848796 -24.7402269192305 -28.1649771414349 -27.4509563872573 -0.072590658919744 
-34.4 3.18971455356198 -1.1661370495089 -8.68354596926992 -1.19521739613771 -1.40204721548243 -1.61488724973183 -14.5169902732948 -24.3026164638654 -34.225287115235 -44.1714056157618 -57.4674610902248 -14.1073853280542 -21.1430316353423 -30.8158222172666 -10.7901284894949 -9.30904347217455 -7.87862110895726 -8.96045730436533 -10.0462206061807 -20.1198114817846 -16.3462498486523 -19.7884694513047 -3.00000003616292 -10.0828405074636 -15.0458453453861 -24.6218094384183 -28.0912379821712 -27.421895549542 -0.112302861210045 
-34.2 3.1763181364858 -1.21114703437348 -8.63853598440534 -1.20276739565282 -1.45460719986212 -1.71245721897611 -14.4970302127539 -24.23764641846 -34.1153070849649 -44.0164156006271 -57.2674610902256 -14.0974052963114 -21.0880416187349 -30.7158222157946 -10.8100885485638 -9.37401351610802 -7.9886011377553 -9.11544731802796 -10.2462206047079 -20.0672514992015 -16.3386998509337 -19.690899483857 -3.00000003943145 -10.0378305258676 -14.955825378925 -24.5042794119017 -28.0187179405191 -27.3943854927545 -0.149266793004777 
-34 3.16282913659829 -1.25646808382448 -8.59321493495434 -1.21006141246861 -1.5072222661289 -1.81039333469388 -14.4783144105571 -24.1736095668122 -34.0059491838662 -43.8617366500774 -57.0674610902248 -14.0880473940867 -21.0333626670592 -30.6158222146679 -10.8288043496338 -9.43805036662901 -8.09795903772729 -9.27012626745095 -10.4462206035819 -20.0146364368674 -16.3314058380506 -19.5929633720719 -3.0000000444909 -9.99250948147603 -14.8651832850829 -24.3876274990466 -27.947387077115 -27.3683756788014 -0.183522000780346 
-33.8 3.14925253675369 -1.30208345620675 -8.54759956257207 -1.21707263527568 -1.55984886131825 -1.9086353022655 -14.4607759000862 -24.1104556839591 -33.8971799286307 -43.7073520224597 -56.8674610902248 -14.079278137986 -20.9789780385762 -30.5158222138026 -10.8463428592396 -9.50120424861711 -8.20672829209766 -9.42451089420358 -10.6462206027168 -19.9620098456023 -16.3243946191678 -19.4947214084245 -3.00000004928004 -9.94689411388327 -14.7739525451075 -24.2718470257934 -27.8772219762441 -27.3438259503128 -0.215139839111531 
-33.6 3.13559250675996 -1.34797914158082 -8.501703877198 -1.223779316629 -1.61245122804564 -2.00713335436697 -14.4443586415826 -24.0481427400813 -33.7889712993789 -43.5532477078338 -56.6674610902249 -14.0710695080681 -20.9248737232843 -30.4158222131366 -10.8627601170773 -9.56351719182885 -8.31493692068348 -9.57861520816348 -10.8462206020507 -19.9094074832075 -16.317687942147 -19.3962233606556 -3.00000005427861 -9.90099843350739 -14.6821611793579 -24.1569317201869 -27.8082023560116 -27.3207020154543 -0.244217024730308 
-33.4 3.12185266984952 -1.39414296642025 -8.45554005235857 -1.23016469782185 -1.66500043407792 -2.10584638523867 -14.4290139409403 -23.9866342145996 -33.6812989490578 -43.3994115326732 -56.4674610902249 -14.0633971572328 -20.8710375476096 -30.3158222126225 -10.8781048172054 -9.62502571679642 -8.42260927049047 -9.7324513828099 -11.0462206015366 -19.8568582829184 -16.3113025666974 -19.2975103355272 -3.00000006053598 -9.85483461492571 -14.5898335359364 -24.0428739949303 -27.7403084555945 -27.2989719398766 -0.270869517002815 
-33.2 3.10803630857728 -1.44056390182493 -8.40911911695389 -1.2362168437165 -1.71747351537725 -2.20474040194268 -14.414697682559 -23.9258970208137 -33.5741408198672 -43.2458324680779 -56.2674610902249 -14.0562390276443 -20.8174584826164 -30.2158222122246 -10.8924210751888 -9.68576291018446 -8.52976739928319 -9.8860304470073 -11.2462206011387 -19.8043852084294 -16.3052504276131 -19.1986163256335 -3.00000006774422 -9.80841368672889 -14.4969916723353 -23.9296637270532 -27.6735191231221 -27.2786035428089 -0.295226913571271 
-33 3.09414651825121 -1.48723154801675 -8.36245147076207 -1.24192839563514 -1.76985271348771 -2.30378724624496 -14.4013682673263 -23.8658999593892 -33.4674761122508 -43.0925001142698 -56.0674610902249 -14.0495743197193 -20.7641261284995 -30.115822211916 -10.9057504901128 -9.74575997130029 -8.63643210659084 -10.0393628005068 -11.44622060083 -19.7520060173926 -16.2995388827681 -19.0995694884048 -3.00000007512649 -9.76174604791971 -14.4036563873339 -23.8172874749005 -27.6078105171612 -27.2595625830399 -0.317427492518549 
-32.8 3.08018631583987 -1.53413576842645 -8.31554725035238 -1.24729625299602 -1.82212479125829 -2.40296354442523 -14.3889851489651 -23.8066126206183 -33.3612845530702 -42.9394043346795 -55.8674610902249 -14.0433827602986 -20.7110303486692 -30.0158222116759 -10.9181336082339 -9.80504730983114 -8.74262366553139 -10.192458579857 -11.6462206005899 -19.6997339482543 -16.2941710340395 -19.0003931988568 -3.00000008399884 -9.714841836382 -14.3098479553869 -23.7057280672314 -27.5431553299018 -27.2418116161901 -0.337613972512061 
-32.6 3.06615871192926 -1.58126644792923 -8.26841657084959 -1.2523211966828 -1.87428041444785 -2.50224984711758 -14.3775078669763 -23.7480046591266 -33.2555459120758 -42.7865350141823 -55.667461090225 -14.0376441191171 -20.6581610279849 -29.9158222114888 -10.9296108900357 -9.86365527113565 -8.84836230633868 -10.3453279001671 -11.8462206004028 -19.6475783343412 -16.2891460996291 -18.9011069054409 -3.00000009346239 -9.66771116634315 -14.2155866058449 -23.5949644920138 -27.4795224341869 -27.2253093999781 -0.355930007775878 
-32.4 3.05206675276274 -1.6286133515969 -8.22106966718193 -1.25700746859716 -1.92631359002988 -2.60162992636727 -14.366895481647 -23.6900453701296 -33.1502397194112 -42.63388191785 -55.467461090225 -14.0323379263063 -20.6055079315064 -29.8158222113427 -10.9402232752188 -9.92161455998645 -8.95366849885715 -10.4979809963532 -12.0462206002566 -19.5955451694446 -16.2844598384002 -18.8017268368767 -3.00000010429403 -9.62036427350673 -14.1208928093412 -23.4849720382664 -27.4168768841072 -27.210010753566 -0.372517390807592 
-32.2 3.03791353882434 -1.67616606226053 -8.17351695651829 -1.26136232290514 -1.97822115500149 -2.70109020200252 -14.3571063243015 -23.6327035021206 -33.0453451407385 -42.4814346285136 -55.267461090225 -14.0274433475191 -20.5530606420555 -29.7158222112282 -10.9500124324498 -9.97895642788108 -9.05856307741541 -10.6504282855751 -12.2462206001421 -19.5436376162997 -16.2801049959189 -18.7022665730681 -3.00000011623518 -9.57281157478464 -14.0257873999551 -23.3757226172268 -27.3551801737313 -27.1958667538537 -0.387513904180399 
-32 3.02370222572907 -1.72391397751927 -8.12576904125956 -1.26539556427683 -2.03000231163192 -2.80061927389168 -14.3480979853365 -23.5759472478968 -32.940840971256 -42.3291825437724 -55.067461090225 -14.0229391779467 -20.5008085572245 -29.6158222111384 -10.959020771325 -10.035712682015 -9.1630672468081 -10.8026803702265 -12.4462206000523 -19.4918564728215 -16.2760717676995 -18.6027375143312 -3.00000012947724 -9.52506367276757 -13.9302915826796 -23.2671852196147 -27.2943906913779 -27.1828251867591 -0.401051744071949 
-31.8 3.00943601248559 -1.77184634917605 -8.07783666960278 -1.26911908768355 -2.08165820669542 -2.90020754061196 -14.3398274719636 -23.5197443628672 -32.8367057145695 -42.1771149154292 -54.867461090225 -14.0188039211897 -20.4487409288106 -29.5158222110678 -10.9672912846273 -10.091915566974 -9.2672025034239 -10.9547479984991 -12.6462205999816 -19.4402005929694 -16.2723482595041 -18.5031492628223 -3.00000014475923 -9.47713131639317 -13.8344268546481 -23.1593264548036 -27.2344642982235 -27.1708311652615 -0.413256429918959 
-31.6 2.99511812145145 -1.81995235058483 -8.02973066819399 -1.27254643271286 -2.13319155313351 -2.99984688845884 -14.3322514775988 -23.4640623670935 -32.7329177173871 -42.025220916838 -54.6674610902251 -14.0150159239516 -20.3968469301638 -29.4158222110121 -10.9748672789364 -10.147597562692 -9.37099050055064 -11.1066419970346 -12.8462205999259 -19.3886672630215 -16.268920930965 -18.4035099314656 -3.0000001613051 -9.42902533152987 -13.7382148683764 -23.0521111291377 -27.1753549739665 -27.1598278424132 -0.424246114683283 
-31.4 2.98075177354855 -1.86822115992336 -7.98146185885546 -1.27569236318634 -2.18460629294552 -3.09953043760938 -14.3253267149529 -23.4088687951091 -32.6294553360642 -41.8734897261766 -54.4674610902251 -14.0115535425847 -20.3451157394583 -29.3158222109682 -10.9817920415383 -10.2027911346324 -9.47445288182959 -11.2583731876521 -13.0462205998819 -19.3372525426473 -16.2657750199294 -18.3038264017529 -3.00000018078689 -9.38075654167351 -13.6416772691811 -22.9455028368231 -27.1170154909904 -27.1497571687757 -0.434131215892921 
-31.2 2.96634016161512 -1.91664204972616 -7.93304096905266 -1.27857248064651 -2.23590730020849 -3.19925233467516 -14.3190102741642 -23.3541314645176 -32.5262971156698 -41.7219106159794 -54.2674610902251 -14.0083953221555 -20.2935366292263 -29.2158222109334 -10.9881084822923 -10.2575284651892 -9.57761110218916 -11.4099522978145 -13.2462205998471 -19.2859515566964 -16.2628949237813 -18.2041045259993 -3.00000020213381 -9.33233567321725 -13.5448355109224 -22.8394645203155 -27.0593980642856 -27.1405606318736 -0.44301429624706 
-31 2.95188642405721 -1.965204475412 -7.88447854336682 -1.28120287747625 -2.28710012272407 -3.29900758287657 -14.3132599769075 -23.2998187415751 -32.4234219670415 -41.5704730416652 -54.0674610902251 -14.0055201734996 -20.2420990548846 -29.1158222109058 -10.9938587795213 -10.3118411881041 -9.68048625078985 -11.561389872101 -13.4462205998195 -19.2347587580435 -16.2602645508142 -18.1043493016605 -3.00000022602405 -9.28377327142203 -13.447710683441 -22.7339589987477 -27.0024549684036 -27.1321799616775 -0.450990133048925 
-30.8 2.93739362039764 -2.0138981574356 -7.83578486134322 -1.28359983328371 -2.33819076055513 -3.39879190273123 -14.3080347050019 -23.2458997876459 -32.3208093310888 -41.4191667236889 -53.8674610902252 -14.0029075375248 -20.1907927368862 -29.0158222108838 -10.9990840514049 -10.3657601420113 -9.78309888672067 -11.7126961900554 -13.6462205997975 -19.1836681466253 -16.2578676214196 -18.0045650082187 -3.00000025245888 -9.23507961583289 -13.3503233458286 -22.6289494334223 -26.9461390851018 -27.1245577603993 -0.458145925748589 
-30.6 2.92286470975869 -2.06271315358268 -7.78696986519614 -1.2857795557529 -2.3891854791714 -3.49860161749458 -14.3032946895903 -23.1923447760872 -32.2184393233829 -41.267981719836 -53.6674610902252 -14.0005375298015 -20.1396077330158 -28.9158222108663 -11.0038240667991 -10.4193151535525 -9.88546889440899 -11.8638811938909 -13.84622059978 -19.1326734579696 -16.255687928911 -17.9047553234159 -3.00000028243694 -9.18626464966424 -13.2526933835125 -22.5243997332253 -26.8904043810519 -27.1176380524965 -0.464561600719342 
-30.4 2.908302532896 -2.11163991933342 -7.73804309944541 -1.28775796545554 -2.44009065462477 -3.59843355869869 -14.2990017525933 -23.1391250733394 -32.1162928548844 -41.1169084855867 -53.4674610902252 -13.9983910612888 -20.0885344987524 -28.8158222108522 -11.0081170037821 -10.4725348562863 -9.98761536289352 -12.0149544281261 -14.046220599766 -19.081768316521 -16.2537095532132 -17.8049234162166 -3.00000031645593 -9.13733791793211 -13.1548398860297 -22.420274889043 -26.8352063026203 -27.1113667398156 -0.470310180742091 
-30.2 2.89370979803216 -2.1606693554595 -7.68901366331932 -1.28955052253111 -2.49091264782643 -3.69828498802643 -14.2951194970969 -23.0862133817169 -32.0143517271359 -40.9659379217121 -53.2674610902245 -13.9964499335298 -20.0375639348673 -28.715822210841 -11.0119992592674 -10.5254465478976 -10.0895564906309 -12.1659249919896 -14.2462205997555 -19.0309463615878 -16.251917034406 -17.7050720251573 -3.00000035473552 -9.08830852008562 -13.0567810520575 -22.3165412424984 -26.7805020922019 -27.1056919655233 -0.475458194010221 
-30 2.8790890704779 -2.2097928428953 -7.63989017588352 -1.29117209212251 -2.54165770485363 -3.79815353248943 -14.2916134468408 -23.0335838440251 -31.9125987020082 -40.8150614091486 -53.0674610902252 -13.9946969083924 -19.9866874222941 -28.615822210832 -11.0155053095144 -10.5780760855804 -10.1913095157495 -12.316801504544 -14.4462205997458 -18.9802013466905 -16.2502955069445 -17.6052035228242 -3.00000039687443 -9.03918507478873 -12.9585341193244 -22.2131666899183 -26.7262510270576 -27.1005643878147 -0.480066103391679 
-29.8 2.86444276582807 -2.25900226559859 -7.59068075318023 -1.29263684468195 -2.59233188011636 -3.89803713045545 -14.2884511376533 -22.9812121121342 -31.8110175474141 -40.6642708318512 -52.8674610902245 -13.9931157537918 -19.9358968449902 -28.5158222108248 -11.0186676186948 -10.6304478174641 -10.2928906703365 -12.4675920818342 -14.6462205997393 -18.9295272193546 -16.248830802312 -17.505319972785 -3.00000044480851 -8.98997570001952 -12.8601153218523 -22.1101208306988 -26.6724145905413 -27.0959373740018 -0.484188741578293 
-29.6 2.84977314641067 -2.30829002248106 -7.54139299629776 -1.29395818701525 -2.64294097933213 -3.99793398655369 -14.2856021651839 -22.9290753827824 -31.7095930611798 -40.5135585887344 -52.6674610902253 -13.9916912675509 -19.8851846018669 -28.415822210819 -11.0215165911583 -10.6825845468101 -10.3943151565649 -12.6183043249452 -14.8462205997327 -18.8789181735228 -16.2475095133626 -17.4054231700707 -3.00000049819826 -8.9406879965268 -12.7615398614767 -22.007375055521 -26.618956572246 -27.0917671125889 -0.487875741468739 
-29.4 2.83508232055819 -2.35764902985659 -7.49203398892223 -1.2951487195657 -2.6934905192581 -4.09784253385519 -14.2830381946853 -22.8771524049083 -31.6083110759301 -40.3629175961092 -52.4674610902245 -13.9904092822973 -19.8345436092377 -28.3158222108143 -11.0240805616522 -10.7345075246795 -10.4955971418099 -12.7689453175657 -15.0462205997287 -18.8283686933623 -16.2463190405776 -17.3055146825347 -3.00000055796847 -8.89132904892148 -12.6628219064962 -21.904902597491 -26.5658431215916 -27.0880126693101 -0.491171954392939 
-29.2 2.82037224427749 -2.40707271583069 -7.44261030294813 -1.29622021580233 -2.74398570146884 -4.19776140204003 -14.2807329385825 -22.8254234628314 -31.5071584478791 -40.2123412820841 -52.2674610902253 -13.9892566542417 -19.783967295208 -28.2158222108105 -11.0263858177511 -10.7862364667526 -10.5967497698571 -12.9195216315869 -15.2462205997241 -18.777873578298 -16.2452476114875 -17.2055958814964 -3.00000062511879 -8.8419054300977 -12.563974601698 -21.8026785403537 -26.5130427504283 -27.0846359841209 -0.494117850867477 
-29 2.80564472486915 -2.45655500814012 -7.3931280106387 -1.2971836196462 -2.79443139762214 -4.29768939050277 -14.2786621078195 -22.7738703397589 -31.4061230324972 -40.0618235743928 -52.0674610902246 -13.9882212388574 -19.7334495875143 -28.1158222108074 -11.0284566485111 -10.8377895898219 -10.6977851852359 -13.0700393392752 -15.4462205997217 -18.7274279578757 -16.2442842833745 -17.1056679687646 -3.00000070085283 -8.79242321352231 -12.4650100928135 -21.700679796862 -26.4605262992461 -27.0816018252481 -0.496749900541858 
-28.8 2.79090142608157 -2.50609031683573 -7.3435927019431 -1.29804905729976 -2.8448321439713 -4.39762544554753 -14.2768033426027 -22.7224762658465 -31.3051936498892 -39.9113588830892 -51.8674610902254 -13.9872918562461 -19.6829848962074 -28.0158222108049 -11.0303154137253 -10.8891836637318 -10.7987145678413 -13.2205040305762 -15.6462205997184 -18.677027295673 -16.2434189298674 -17.0057319978662 -3.00000078500183 -8.7428879889757 -12.3659395595709 -21.5988850607494 -26.4082668718291 -27.0788777065267 -0.499100929277519 
-28.6 2.77614387440748 -2.5556735131271 -7.29400950565172 -1.29882586014902 -2.89519214311193 -4.49756864097953 -14.2751361277674 -22.6712258547199 -31.2043600424712 -39.7609420793798 -51.6674610902246 -13.9864582488268 -19.6325680924967 -27.9158222108028 -11.0319826285585 -10.9404340748563 -10.8995481752572 -13.3709208342835 -15.8462205997171 -18.6266673916467 -16.2426422221325 -16.9057888975486 -3.00000088011827 -8.69330488780077 -12.266773262105 -21.4972747455986 -26.3562397529697 -27.0764337839587 -0.501200452428445 
-28.4 2.76137346620482 -2.60529990545764 -7.24438311332119 -1.29952259604113 -2.94551527133459 -4.59751816153273 -14.2736416970904 -22.6201050317123 -31.1036128271331 -39.6105684717111 -51.4674610902254 -13.9857110334862 -19.5821944848255 -27.8158222108011 -11.0334770592338 -10.9915548978622 -11.0002953905937 -13.5212944419505 -16.0462205997146 -18.5763443703985 -16.2419455932148 -16.8058394839698 -3.00000098709438 -8.64367860244634 -12.1675205844197 -21.3958309013445 -26.3044223010461 -27.0742427243656 -0.50307498394874 
-28.2 2.74659147533188 -2.65496521385137 -7.19471780492746 -1.30014710638954 -2.99580509007673 -4.69747328866859 -14.2723029306645 -22.5691009568927 -31.0029434439198 -39.4602337801041 -51.2674610902247 -13.9850416502722 -19.5318597932179 -27.7158222107997 -11.0348158256583 -11.0425589726804 -11.1009647738056 -13.6716291335561 -16.2462205997139 -18.526054671005 -16.2413212022151 -16.7058844761827 -3.00000110644449 -8.59401341340273 -12.0681900869827 -21.2945371271329 -26.2527938352282 -27.0722795669415 -0.504748321778136 
-28 2.73179906105995 -2.70466554332788 -7.14501747545094 -1.30070654713649 -3.04606486030019 -4.79743338836857 -14.2711042485714 -22.5182019453231 -30.9023441028736 -39.3099341095814 -51.0674610902254 -13.9844423092241 -19.4815601226932 -27.6158222107985 -11.0360145077503 -11.0934579842489 -11.2015641148506 -13.8219288040776 -16.446220599712 -18.4757950352843 -16.2407618959709 -16.6059245109854 -3.00000124094835 -8.54431321843007 -11.9687895625332 -21.1933784798436 -26.2013355174154 -27.0705215786052 -0.50624181017793 
-27.8 2.71699727607746 -2.75439735700928 -7.09528566176954 -1.30120743201547 -3.09629755886057 -4.89739790061036 -14.2700315032962 -22.4673973863665 -30.8018077302357 -39.1596659232621 -50.8674610902247 -13.983905936586 -19.4312919363737 -27.5158222107976 -11.0370872530244 -11.1442625432045 -11.3021004874876 -13.972196990396 -16.6462205997117 -18.4255624866736 -16.2402611610416 -16.5059601486933 -3.00000139089906 -8.49458155469938 -11.8693260851214 -21.0923413722774 -26.1500302235306 -27.0689480984018 -0.507574579918111 
-27.6 2.70218707440313 -2.80415744953347 -7.04552556924535 -1.30165567662258 -3.14650589599187 -4.99736633026585 -14.2690718733938 -22.4166776639399 -30.7013279152848 -39.0094260157871 -50.6674610902255 -13.9834261216336 -19.3810520288971 -27.4158222107968 -11.0380468829261 -11.1949822656303 -11.4025803024376 -14.1224368978702 -16.8462205997102 -18.375354318496 -16.2398130853882 -16.4059918879915 -3.00000155985353 -8.44482163112966 -11.7698060690271 -20.9914134816739 -26.0988624254514 -27.0675403928467 -0.508763767652808 
-27.4 2.68736931911623 -2.85394292108144 -6.99574009769739 -1.30205664247283 -3.19669233339008 -5.09733823921202 -14.2682137595849 -22.366034078583 -30.60089885838 -38.8592114873343 -50.4674610902247 -13.9829970647288 -19.3308375004444 -27.3158222107961 -11.0389049967343 -11.2456258509865 -11.5030093593417 -14.2726514263223 -17.0462205997102 -18.3251680712737 -16.2394123097139 -16.3060201692213 -3.0000017500301 -8.39503634975827 -11.6702353161082 -20.8905836490954 -26.0478180644208 -27.0662815033642 -0.509824715553185 
-27.2 2.67254478979243 -2.90375115239393 -6.94593186638489 -1.30241518010872 -3.24685910233847 -5.1973132394729 -14.2674466848356 -22.3154587725213 -30.5005153210058 -38.7090197186476 -50.2674610902255 -13.9826135273533 -19.2806457317563 -27.2158222107956 -11.039672071483 -11.2962011570477 -11.6033928967154 -14.4228431950085 -17.2462205997089 -18.2750015147361 -16.2390539844887 -16.2060453813711 -3.00000196244142 -8.3452283308571 -11.5706190658941 -20.7898417864966 -25.9968844331345 -27.0651561033903 -0.51077115266548 
-27 2.65771418958153 -2.95357978099141 -6.89610323778741 -1.30273567068463 -3.29700822151186 -5.29729098724377 -14.2667611992248 -22.264944658313 -30.4001725782 -38.5588483472443 -50.0674610902248 -13.9822707845478 -19.2304743603534 -27.1158222107951 -11.0403575570933 -11.3467152712555 -11.7037356395207 -14.5730145664113 -17.4462205997092 -18.2248526345208 -16.238733732871 -16.1060678725584 -3.00000220140004 -8.29539994121823 -11.4709620476582 -20.6891787920736 -25.9460500673089 -27.0641503661622 -0.511615359323823 
-26.8 2.64287815190544 -3.00342667866967 -6.84625634010915 -1.30302206576064 -3.34714151426613 -5.3972711776763 -14.2661487899387 -22.2144853513486 -30.2998663735573 -38.4086952449234 -49.8674610902256 -13.9819645799039 -19.1803212580312 -27.0158222107947 -11.0409699663791 -11.3971745782195 -11.804041844163 -14.7231676687319 -17.646220599708 -18.174719609488 -16.2384476055164 -16.0060879498473 -3.00000246912189 -8.24555331126182 -11.3712685200231 -20.5885864600767 -25.8953046329903 -27.0632518295219 -0.512368315793249 
-26.6 2.62803724672396 -3.05328993044786 -6.79639308833097 -1.30327792484253 -3.39726062512621 -5.49725354031456 -14.2656017970507 -22.1640751066824 -30.1995928771129 -38.2585584967008 -49.6674610902248 -13.9816910834598 -19.1301845098089 -26.9158222107942 -11.0415169592668 -11.4475848228854 -11.9043153406071 -14.8733044169541 -17.8462205997084 -18.1246007992035 -16.2381920470101 -15.9061058877847 -3.00000276969764 -8.19569036005939 -11.2715423170429 -20.4880574051264 -25.8446388298182 -27.0624492781279 -0.513039836603456 
-26.4 2.61319198637911 -3.10316781493245 -6.74651520384637 -1.30350645065443 -3.4473670354227 -5.59723783509565 -14.265113334989 -22.1137087601362 -30.0993486460822 -38.1084363811854 -49.4674610902249 -13.9814468524287 -19.0800623942932 -26.815822210794 -11.0420054213281 -11.4979511694313 -12.0045595716376 -15.0234265324692 -18.0462205997081 -18.0744947267292 -16.2379638590204 -15.8061219308257 -3.00000310752006 -8.1458128133976 -11.1717868858961 -20.3875849861061 -25.7940442952825 -27.0617326280769 -0.513638691646036 
-26.2 2.59834283100997 -3.15305878612395 -6.69662423265488 -1.30371052201658 -3.49746207797634 -5.69722384884078 -14.2646772197551 -22.0633816737107 -29.9991305884652 -37.9583273523769 -49.2674610902249 -13.9812287948114 -19.0299533654845 -26.7158222107937 -11.0424415365619 -11.5482782558566 -12.1047776292543 -15.1735355612774 -18.2462205997078 -18.0244000621947 -16.2377601656774 -15.7061362950997 -3.00000348553944 -8.0959222202251 -11.0720053215325 -20.2871632351464 -25.7435135155143 -27.0610928195001 -0.514172715241277 
-26 2.58349019353568 -3.20296145667502 -6.64672156210381 -1.30389272424038 -3.54754695075122 -5.79721139216674 -14.2642879019594 -22.0130896853639 -29.8989359295673 -37.808230022928 -49.0674610902249 -13.9810341359134 -18.9798560360354 -26.6158222107935 -11.0428308543573 -11.5985702442031 -12.2049722881519 -15.3236328907261 -18.4462205997076 -17.974315614975 -16.2375783890088 -15.606149177329 -3.00000391109487 -8.04601997522984 -10.9722004059858 -20.1867867995802 -25.6930397504991 -27.060521725036 -0.514648904332285 
-25.8 2.56863444425183 -3.2528745824471 -6.59680843633172 -1.30405537730054 -3.59762272958346 -5.89720029677106 -14.2639404050477 -21.9628290626802 -29.7987621811115 -37.6581431487001 -48.8674610902249 -13.9808603874574 -18.9297691618073 -26.5158222107934 -11.0431783512688 -11.6488308668867 -12.3051460366076 -15.4737197649538 -18.6462205997074 -17.924240312569 -16.2374162123748 -15.5061607491509 -3.00000438752125 -7.99610732588375 -10.872374630868 -20.0864508744906 -25.6426169511816 -27.0600120514906 -0.515073506602283 
-25.6 2.55377591501268 -3.30279704845882 -6.54688597032 -1.30420056154066 -3.6476903798353 -5.99719041303462 -14.2636302690946 -21.9125964607154 -29.698607113135 -37.5080656147119 -48.6674610902249 -13.9807053194807 -18.8796916278188 -26.4158222107932 -11.0434884872217 -11.6990634688513 -12.4053011045839 -15.6237972989419 -18.8462205997072 -17.8741731982522 -16.2372715640698 -15.4061711688224 -3.0000049234565 -7.94618539580766 -10.7725302347798 -19.9861511582092 -25.5922397009119 -27.0595572672326 -0.515452099762882 
-25.4 2.53891490307232 -3.35272785598032 -6.49695516279851 -1.30433014137322 -3.69775076718935 -6.09718160791017 -14.2633534991806 -21.8623888832799 -29.598468728178 -37.3579964222334 -48.467461090225 -13.9805669345235 -18.8296224353402 -26.3158222107931 -11.0437652571356 -11.7492710462867 -12.5054394895408 -15.7738664914203 -19.0462205997071 -17.8241134115205 -16.2371425848596 -15.3061805745692 -3.00000552407898 -7.89625518890827 -10.6726692203593 -19.8858837940421 -25.5419031442664 -27.0591515181086 -0.515789662524602 
-25.2 2.52405167455784 -3.40266611086381 -6.44701690791501 -1.30444578674931 -3.74780466744895 -6.19717376305326 -14.2631065187146 -21.8122036479304 -29.498345237945 -37.2079346771169 -48.267461090225 -13.9804434442904 -18.7795606902236 -26.215822210793 -11.0440122376015 -11.7994562816361 -12.6055629797737 -15.9239282365367 -19.2462205997069 -17.7740601857428 -16.2370276139653 -15.206189093908 -3.00000619856094 -7.84631760850711 -10.5727933850743 -19.785645332915 -25.4916029380227 -27.0587895667484 -0.516090638378791 
-25 2.50918646763877 -3.45261101289484 -6.39707200588399 -1.30454899280627 -3.79785277553693 -6.29716677317227 -14.2628861268387 -21.7620383540235 -29.3982350420071 -37.0578795791479 -48.067461090225 -13.9803332483524 -18.7295055922545 -26.1158222107929 -11.0442326294773 -11.8496215755429 -12.7056731757115 -16.0739833345055 -19.4462205997068 -17.7240128348624 -16.236925165116 -15.1061968409965 -3.00000695576864 -7.7963734636834 -10.4729043382199 -19.6854326881278 -25.4413351952666 -27.0584667260233 -0.516358992639312 
-24.8 2.49431949539164 -3.5025618461677 -6.34712117261112 -1.30464109765523 -3.84789571365876 -6.39716054456696 -14.2626894599302 -21.7118908538421 -29.2981367085528 -36.9078304124208 -47.867461090225 -13.980234914898 -18.6794564255273 -26.0158222107928 -11.0444292963857 -11.8997690757242 -12.8057715091657 -16.2240325012325 -19.6462205997067 -17.6739707463568 -16.2368339098832 -15.0062039192181 -3.00000780538494 -7.74642348002722 -10.3730035212905 -19.5852430994409 -25.3910964398525 -27.0581788038821 -0.516598263574765 
-24.6 2.47945094839073 -3.55251797038089 -6.29716504839793 -1.30472329849599 -3.8979340387127 -6.49715499383409 -14.262513956783 -21.6617592264817 -29.1980489569792 -36.757786536634 -47.667461090225 -13.9801471633243 -18.6294125497405 -25.9158222107928 -11.0446047995329 -11.9499007030845 -12.9058592607392 -16.3740763770193 -19.8462205997066 -17.6239333749791 -16.2367526627188 -14.9062104236272 -3.00000875906131 -7.69646830949003 -10.2730922265405 -19.4850741007029 -25.3408835653277 -27.0579220535705 -0.516811608178448 
-24.4 2.46458099705004 -3.6024788129686 -6.24720420581022 -1.30479666620692 -3.94796824901134 -6.59715004672044 -14.2623573271339 -21.6116417542448 -29.0979706421547 -36.6077473792218 -47.4674610902251 -13.9800688484997 -18.5793733923281 -25.8158222107927 -11.0447614291819 -12.0000181753213 -13.0059375755637 -16.5241155344315 -20.0462205997065 -17.573900235718 -16.2366803660453 -14.8062164417784 -3.00000983009886 -7.64650853794024 -10.1731716124026 -19.3849234892049 -25.2906937964175 -27.057693127248 -0.517001843107554 
-24.2 2.44970979373518 -3.65244386200475 -6.19723915677407 -1.30486215851989 -3.99799879036046 -6.69714563710571 -14.2622175232785 -21.5615369013533 -28.997900740227 -36.4577124282579 -47.2674610902251 -13.979998946572 -18.5293384413642 -25.7158222107927 -11.0449012330372 -12.0501230282127 -13.1060074774913 -16.6741504853952 -20.2462205997064 -17.5238708975389 -16.2366160769024 -14.7062220545631 -3.00001103326893 -7.59654469207377 -10.0732427175004 -19.2847892981344 -25.2405246543831 -27.0574890342497 -0.517171481299853 
-24 2.43483747466858 -3.70241265980215 -6.14727035897668 -1.30492063191951 -4.04802606155747 -6.79714170610012 -14.2620927144681 -21.5114432947455 -28.8978383358218 -36.3076812260554 -47.0674610902251 -13.9799365421667 -18.4793072391616 -25.6158222107926 -11.0450260418476 -12.1002166348205 -13.2060698818964 -16.8241816875978 -20.4462205997064 -17.473844976344 -16.2365589535049 -14.6062273355709 -3.00001238327113 -7.54657724427896 -9.97330647190777 -19.1846697703318 -25.1903739243779 -27.0573071020419 -0.517322764701998 
-23.8 2.41996416163495 -3.75238479718213 -6.0972982215967 -1.30497285230105 -4.098050419319 -6.89713820124162 -14.261981263988 -21.4613597068855 -28.7977826105818 -36.1576533634354 -46.8674610902251 -13.9798808169266 -18.4292793765415 -25.5158222107926 -11.0451374923276 -12.1503002226805 -13.3061256071364 -16.9742095502177 -20.6462205997063 -17.4238221349722 -16.236508249513 -14.506232356819 -3.00001389966086 -7.49660662328833 -9.87336371353754 -19.0845633410999 -25.140239632526 -27.05714494757 -0.517457693587717 
-23.6 2.40508996352791 -3.80235990827816 -6.04732311050066 -1.30501950465227 -4.14807218276625 -6.99713507578491 -14.2618817083722 -21.4112850401736 -28.6977328327739 -36.0076284745314 -46.6674610902251 -13.9798310391187 -18.3792544876375 -25.4158222107926 -11.0452370479434 -12.2003748893923 -13.4061753849443 -17.1242344391216 -20.8462205997062 -17.3738020745937 -16.2364633002306 -14.4062371853445 -3.00001560272966 -7.44663321526148 -9.77341519441427 -18.9844686140096 -25.0901200165317 -27.0570004426718 -0.517578052676927 
-23.4 2.39021497773156 -3.85233766589409 -5.99734535288474 -1.30506120170335 -4.19809163743326 -7.09713228806784 -14.2617927388359 -21.3612183130214 -28.5976883480057 -35.8576062321474 -46.4674610902252 -13.9797865543505 -18.3292322452534 -25.3158222107925 -11.0453260174797 -12.2504416165445 -13.5062198697124 -17.2742566815057 -21.0462205997062 -17.3237845331459 -16.2364235163987 -14.3062418862808 -3.00001751594891 -7.39665737086443 -9.67346159240168 -18.8843843454096 -25.0400135055477 -27.0568716893036 -0.51768543453768 
-23.2 2.37533929136784 -3.90231777731301 -5.94736524146581 -1.30509849174676 -4.24810903889559 -7.19712980094909 -14.2617131845116 -21.3111586472782 -28.4976485708436 -35.7075863435663 -46.2674610902252 -13.9797467771883 -18.2792123566723 -25.2158222107925 -11.0454055718039 -12.3005012822877 -13.6062596468745 -17.4242765700867 -21.2462205997061 -17.2737692798572 -16.2363883745289 -14.2062465215732 -3.00001966412257 -7.34667940761954 -9.57350351773749 -18.7843094263778 -24.9899186979347 -27.0567569931096 -0.517781260457008 
-23 2.3604629824068 -3.95229998056704 -5.89738303821178 -1.30513186559553 -4.2981246159984 -7.29712758130594 -14.2616419975278 -21.2611052570403 -28.3976129773517 -35.5575685468204 -46.0674610902252 -13.9797111836964 -18.2291945599264 -25.1158222107925 -11.0454767587877 -12.3505546725255 -13.7062952403664 -17.5742943668326 -21.4462205997061 -17.2237561175939 -16.2363574155197 -14.1062511560558 -3.00002207896209 -7.29669961920464 -9.47354152606894 -18.6842428738766 -24.9398343486876 -27.0566548471165 -0.517866799161496 
-22.8 2.34558612068214 -4.0022840410253 -5.84739897775353 -1.30516176296361 -4.34813857382472 -7.39712559959052 -14.2615782393601 -21.2110574384143 -28.2975810982675 -35.4075526072779 -45.8674610902245 -13.9796793046127 -18.1791786203844 -25.0158222107923 -11.0455405169554 -12.4006024911515 -13.8063271194506 -17.7243103063751 -21.6462205997068 -17.1737448726905 -16.2363302310746 -14.0062558506942 -3.00002479188529 -7.24671827166959 -9.37357611807563 -18.5841838103473 -24.8897593456165 -27.0565639045037 -0.517943183425931 
-22.6 2.33070876878392 -4.0522697483944 -5.79741327038442 -1.30518857806505 -4.39815109629527 -7.49712382943017 -14.2615210688372 -21.1610145605224 -28.1975525130065 -35.2575383146478 -45.6674610902252 -13.9796507193509 -18.1291643277535 -24.9158222107923 -11.0455976874782 -12.4506453690434 -13.9063557047116 -17.8743245990052 -21.846220599706 -17.1237353996437 -16.2363064653969 -13.9062606702783 -3.00002784130904 -7.19673561372424 -9.2736077527608 -18.4841314594086 -24.8396927020469 -27.0564829683032 -0.518011425052273 
-22.4 2.31583098287636 -4.10225691397084 -5.74742610480798 -1.3052126647577 -4.44816234856436 -7.5971222472757 -14.2614697311423 -21.110976057251 -28.0975268441586 -35.1075254802235 -45.4674610902245 -13.9796250505038 -18.0791514933299 -24.8158222107923 -11.0456490251732 -12.5006838723148 -14.0063813735594 -18.0243374334294 -22.0462205997067 -17.0737275748537 -16.2362858061833 -13.8062656799119 -3.00003126878816 -7.14675187562692 -9.17363684908742 -18.3840851313472 -24.789633539562 -27.0564109713947 -0.518072428156982 
-22.2 2.30095281342381 -4.15224536820189 -5.69743765057693 -1.30523434110406 -4.49817247914177 -7.69712083208417 -14.2614235480673 -21.0609414199449 -27.9975037526215 -34.9575139344553 -45.2674610902253 -13.9796019589659 -18.029139947561 -24.7158222107923 -11.0456952082482 -12.5507185096208 -14.1064044650965 -18.1743489791976 -22.2462205997059 -17.0237212981891 -16.2362679837498 -13.7062709490162 -3.000035122701 -7.09676727530871 -9.07366379453778 -18.2840442173766 -24.7395810798224 -27.0563469658862 -0.518127001124024 
-22 2.28607430585018 -4.20223495846985 -5.64744806030897 -1.30525389352148 -4.54818162182715 -7.7971195650375 -14.2613819091384 -21.0109101907481 -27.8974829331567 -34.8075035247225 -45.0674610902245 -13.9795811395018 -17.9791295378289 -24.6158222107923 -11.0457368471771 -12.6007497388177 -14.2064252845613 -18.3243593889304 -22.4462205997067 -16.97371649064 -16.2362527664686 -13.6062765511992 -3.0000394578373 -7.04678202017704 -8.97368894913853 -18.1840081806306 -24.6895346333444 -27.0562901096762 -0.518175867261575 
-21.8 2.27119550113589 -4.25222554708658 -5.59745747169224 -1.30527158054186 -4.59818989746426 -7.89711842929135 -14.2613442636061 -20.9608819565991 -27.7974641103909 -34.65749411334 -44.8674610902253 -13.9795623167353 -17.9291201264457 -24.5158222107923 -11.0457744927094 -12.6507779729667 -14.3064441073271 -18.4743688003128 -22.6462205997059 -16.9237130911888 -16.2362399556342 -13.5062825631313 -3.00004433402322 -6.99679630774624 -8.87371264809061 -18.0839765470304 -24.6394935883609 -27.0562396533094 -0.518219674332706 
-21.6 2.25631643634793 -4.30221700951249 -5.54746600926633 -1.30528763614735 -4.64819741549566 -7.99711740974866 -14.261310113309 -20.910856343876 -27.697447035242 -34.5074855757652 -44.6674610902246 -13.9795452415871 -17.8791115888716 -24.4158222107923 -11.0458086430064 -12.7008035856897 -14.406461182476 -18.6243773378877 -22.8462205997066 -16.8737110607217 -16.2362293875929 -13.4062890702382 -3.0000498215875 -6.9468103328846 -8.77373521080345 -17.9839489038403 -24.5894574075967 -27.0561949349711 -0.518259003160381 
-21.4 2.24143714513058 -4.35220923270776 -5.49747378607107 -1.30530227286691 -4.69820427541049 -8.09711649285875 -14.2612790060908 -20.8608330134626 -27.5974314816333 -34.3574777989612 -44.4674610902254 -13.9795296879776 -17.8291038120669 -24.3158222107923 -11.0458397502246 -12.7508269161031 -14.5064767360847 -18.7743851146916 -23.0462205997058 -16.8237103788995 -16.236220928966 -13.3062961652207 -3.00005599968008 -6.89682428778192 -8.67375694250512 -17.8839248916046 -24.5394256185563 -27.056155369126 -0.518294375281017 
-21.2 2.22655765814802 -4.4022021136452 -5.44748090513363 -1.30531568456961 -4.74821056805062 -8.19711566643632 -14.2612505298398 -20.8108116562742 -27.4974172435074 -34.2074706798979 -44.2674610902246 -13.9795154498525 -17.7790966930043 -24.2158222107923 -11.0458682264756 -12.8008482732915 -14.6064909742105 -18.9243922337549 -23.2462205997065 -16.7737110441575 -16.2362144751615 -13.2063039495413 -3.00006295757829 -6.8468383647427 -8.57377813852884 -17.7839041996743 -24.4893978075634 -27.0561204390705 -0.518326259846292 
-21 2.21167800348924 -4.45219555795004 -5.39748746082878 -1.30532804902245 -4.79821637680831 -8.29711491949886 -14.26122430706 -20.7607919891895 -27.3974041321179 -34.0574641242036 -44.0674610902254 -13.9795023384622 -17.7290901373092 -24.1158222107923 -11.0458944492554 -12.8508679403762 -14.7065040856001 -19.0743987894493 -23.4462205997058 -16.723713073706 -16.2362099490148 -13.106312534785 -3.00007079588448 -6.79685275874403 -8.47379908822495 -17.6838865621381 -24.4393736143321 -27.056089690144 -0.518355079833568 
-20.8 2.19679820703337 -4.50218947867218 -5.34749354010664 -1.30533953019833 -4.84822177870633 -8.39711424211901 -14.2611999899478 -20.7107737513552 -27.2973919735615 -33.907458044925 -43.8674610902247 -13.9794901799065 -17.6790840580313 -24.0158222107923 -11.0459187663676 -12.9008861782105 -14.8065162441565 -19.2244048687279 -23.6462205997065 -16.6737165082233 -16.2362073042542 -13.0063220485801 -3.00007963229978 -6.74686767443719 -8.37382008319635 -17.583871758821 -24.3893527317372 -27.0560627282712 -0.518381217692091 
-20.6 2.18191829280119 -4.55218379510535 -5.29749922367348 -1.30535028050653 -4.8982268454477 -8.49711362529355 -14.2611772556813 -20.6607567006555 -27.1973806064286 -33.7574523613589 -43.6674610902255 -13.9794788127728 -17.6290783744645 -23.9158222107923 -11.0459415006342 -12.9509032289103 -14.9065276112894 -19.3744105522939 -23.8462205997057 -16.6237214071624 -16.2362065196265 -12.9063326310861 -3.00008959798024 -6.6968833236845 -8.27384141601011 -17.4838596070604 -24.3393348964097 -27.0560392093769 -0.518405020360414 
-20.4 2.16703828326757 -4.60217843173728 -5.24750458704154 -1.30536044277098 -4.94823164434408 -8.59711306082186 -14.2611558022082 -20.6107406105505 -27.0973698796917 -33.6074469979901 -43.4674610902247 -13.9794680860367 -17.5790730110964 -23.8158222107923 -11.0459629541072 -13.0009193190152 -15.0065383380263 -19.5244159156628 -24.0462205997065 -16.5737278550092 -16.2362076041052 -12.8063444423009 -3.00010084472341 -6.64689993379573 -8.17386338948979 -17.3838499648023 -24.2893198907835 -27.0560188403827 -0.518426803922288 
-20.2 2.15215819966549 -4.65217331722829 -5.19750970155053 -1.30537015216421 -4.99823623922831 -8.69711254119711 -14.2611353441731 -20.5607252670243 -26.9973596506745 -33.4574418834819 -43.2674610902255 -13.9794578570188 -17.5290678965875 -23.7158222107924 -11.0459834121424 -13.0509346625414 -15.1065485670435 -19.674421030171 -24.2462205997057 -16.5237359605002 -16.2362105950872 -12.7063576623009 -3.00011354509857 -6.59691774867988 -8.07388631888255 -17.283842726767 -24.2393075382392 -27.0560013733294 -0.518446857784605 
-20 2.13727806226754 -4.70216838346552 -5.14751463531331 -1.3053795379978 -5.04824069129913 -8.79711205950515 -14.2611156091212 -20.5107104657353 -26.8973497831482 -33.3074369497184 -43.0674610902248 -13.9794479894932 -17.4790629628247 -23.6158222107924 -11.0460031471942 -13.1009494638305 -15.2065584345698 -19.8244259639345 -24.4462205997065 -16.4737458613159 -16.2362155621402 -12.6063724968794 -3.00012789798514 -6.54693703532922 -7.97391053929505 -17.1838378262937 -24.1892977040031 -27.0559866053305 -0.518465448555994 
-19.8 2.12239789066157 -4.75216356463662 -5.0975194541422 -1.30538872548274 -5.09824505995518 -8.8971116093323 -14.2610963338064 -20.4606960092494 -26.7973401454912 -33.1574321308903 -42.8674610902255 -13.9794383518355 -17.4290581439959 -23.5158222107924 -11.046022422509 -13.1509639203164 -15.3065680722268 -19.9744307827626 -24.6462205997057 -16.423757725646 -16.2362226076413 -12.5063891800384 -3.00014413097123 -6.49695808714421 -7.87393640993854 -17.0838352341378 -24.1392902930184 -27.0559743755169 -0.518482823593637 
-19.6 2.10751770401298 -4.80215879634875 -5.04752422243008 -1.30539783740474 -5.14824940358931 -8.99711118467855 -14.2610772606542 -20.410681704385 -26.6973306089147 -33.0074273626017 -42.6674610902248 -13.9794288152598 -17.379053375708 -23.4158222107925 -11.0460414956613 -13.2009782251808 -15.4065776088034 -20.1244355510513 -24.8462205997065 -16.3737717584468 -16.2362318721543 -12.4064079811271 -3.00016250740616 -6.44698123186701 -7.7739643229496 -16.9838349620743 -24.089285252667 -27.0559645668776 -0.518499214340687 
-19.4 2.09263752132925 -4.85215401473949 -4.99752900403933 -1.30540699582172 -5.19825378039703 -9.09711077987702 -14.2610581342179 -20.360667359558 -26.597321045697 -32.8574225809932 -42.4674610902256 -13.9794192520413 -17.3290485940988 -23.3158222107925 -11.0460606220976 -13.2509925700078 -15.5065871720211 -20.2744403326598 -25.0462205997057 -16.323788204571 -16.2362435366692 -12.3064292088605 -3.00018333033804 -6.39700683640814 -7.67399470909961 -16.8838370633714 -24.0392825723549 -27.0559571049562 -0.518514839424238 
-19.2 2.07775736171827 -4.90214915560922 -4.9475338631696 -1.30541632372179 -5.24825824916683 -9.19711038951655 -14.2610386976961 -20.3106527821665 -26.4973113274357 -32.7074177218622 -42.2674610902248 -13.9794095337808 -17.2790437349686 -23.2158222107926 -11.0460800586195 -13.3010071473994 -15.6065968902825 -20.4244451917909 -25.2462205997065 -16.2738073573723 -16.2362578303402 -12.2064532207921 -3.00020695190906 -6.34703531710944 -7.57402804893156 -16.7838416387811 -23.9892822886343 -27.0559519621054 -0.518529907638369 
-19 2.06287724465712 -4.9521441535178 -4.89753886526102 -1.30542594675665 -5.29826287011027 -9.29711000836857 -14.2610186893305 -20.2606377758922 -26.3973013232529 -32.5574127197708 -42.0674610902249 -13.9793995295979 -17.2290387328771 -23.1158222107925 -11.0461000669852 -13.3510221536737 -15.7066068944654 -20.5744501938823 -25.4462205997066 -16.2238295641815 -16.236275035058 -12.1064804296927 -3.00023377966141 -6.2970671469536 -7.47406488086675 -16.683848839316 -23.9392844870777 -27.0559491584574 -0.51854462076815 
-18.8 2.04799719026269 -5.00213894087542 -4.8475440779034 -1.30543599498666 -5.3482677056979 -9.39710963131382 -14.260997838761 -20.2106221379651 -26.2972908979681 -32.4074075071284 -41.8674610902249 -13.9793891043132 -17.1790335202348 -23.0158222107926 -11.0461209175548 -13.401037791601 -15.8066173197502 -20.7244554065248 -25.6462205997066 -16.1738552380406 -16.2362954962748 -12.0065113161942 -3.00026428910809 -6.24710286904227 -7.37410581559819 -16.5838588752479 -23.8892893103673 -27.0559487691046 -0.518559176386352 
-18.6 2.03311721958113 -5.05213344697017 -4.79754957180865 -1.30544660475625 -5.39827282156224 -9.49710925327291 -14.26097586314 -20.1606056562494 -26.1972799101577 -32.2574020132232 -41.6674610902249 -13.9793781165028 -17.1290280263297 -22.9158222107927 -11.0461428931759 -13.4510542733168 -15.9066283075608 -20.8744609004301 -25.8462205997067 -16.1238848670903 -16.2363196314192 -11.9065464391491 -3.00029903402203 -6.19714310786184 -7.27415154832263 -16.4838720225818 -23.8392969637959 -27.055950928628 -0.51857377057581 
-18.4 2.01823735488607 -5.10212759696592 -4.7475554218129 -1.30545792062507 -5.44827828742681 -9.59710886913323 -14.260952463123 -20.1105881062367 -26.0972682101492 -32.107396163219 -41.4674610902249 -13.9793664164945 -17.0790221763256 -22.8158222107928 -11.046166293193 -13.5010718233297 -16.0066400075694 -21.0244667504345 -26.0462205997068 -16.0739190325621 -16.2363479468868 -11.8065864546252 -3.00033866535826 -6.14718858920194 -7.17420287966736 -16.3838886380407 -23.7893077292506 -27.0559558440784 -0.518588600722999 
-18.2 2.00335762001107 -5.1521213107854 -4.69756170799343 -1.30547009753012 -5.49828417815134 -9.69710847367724 -14.2609273184009 -20.0605692476951 -25.9972556377882 -31.9573898770385 -41.2674610902249 -13.9793538441336 -17.0290158901452 -22.715822210793 -11.0461914379152 -13.5510906818714 -16.1066525799306 -21.1744730366152 -26.246220599707 -16.0239584220771 -16.2363810502213 -11.7066321303207 -3.00038394559766 -6.09724015562224 -7.0742607322678 -16.283909169014 -23.7393219740434 -27.0559638026906 -0.518603868291604 
-18 1.98847804070049 -5.20211450193142 -4.64756851684741 -1.30548330306712 -5.54829057483435 -9.79710806150627 -14.260900082985 -20.0105488211332 -25.8972420200802 -31.8073830681845 -41.067461090225 -13.9793402264259 -16.9790090812915 -22.6158222107933 -11.0462186733313 -13.6011111084335 -16.2066661976387 -21.3244798454693 -26.4462205997072 -15.9740038538968 -16.2364196731869 -11.6066843709944 -3.00043577410008 -6.04729879297826 -6.97432617847818 -16.1839341742715 -23.6893401704469 -27.0559751902402 -0.518619781769734 
-17.8 1.97359864500045 -5.25210707617307 -4.59757594260575 -1.30549772003861 -5.5982975660475 -9.89710762696107 -14.2608703799517 -19.9605265438582 -25.7972271685635 -31.6573756424262 -40.867461090225 -13.9793253749095 -16.9290016555334 -22.5158222107935 -11.046248376365 -13.6511333857088 -16.3066810491557 -21.4744872712279 -26.6462205997075 -15.9240563027377 -16.2364646962695 -11.5067442455936 -3.00049521415384 -5.99736565879075 -6.87440047004863 -16.0839643458371 -23.6393629162541 -27.0559905102891 -0.518636559740738 
-17.6 1.95871946369053 -5.30209893009558 -4.54758408868324 -1.30551354926895 -5.64830524920035 -9.99710716403643 -14.2608377956417 -19.9105021056257 -25.6972108764086 -31.5073674963487 -40.667461090225 -13.9793090827549 -16.8789935094563 -22.4158222107939 -11.0462809606753 -13.7011578239416 -16.406697341311 -21.6244954173058 -26.8462205997078 -15.8741169334097 -16.236517180864 -11.4068130223431 -3.00056352797837 -5.94744211869239 -6.77448507602815 -15.9840005382763 -23.5893909626159 -27.0560104105733 -0.518654434185596 
-17.4 1.94384053077238 -5.35208994945838 -4.49759306932044 -1.30553101279652 -5.69831373209072 -10.0971066662896 -14.260801873093 -19.8604751637142 -25.5971929151342 -31.3573585157115 -40.467461090225 -13.9792911214809 -16.8289845288195 -22.3158222107943 -11.0463168832245 -13.7511847658536 -16.5067153025858 -21.7745043979434 -27.0462205997082 -15.8241871383652 -16.2365784051824 -11.3068922079359 -3.00064221582386 -5.89752978717546 -6.67458172514803 -15.8840438013199 -23.5394252450222 -27.0560357123425 -0.518673654026343 
-17.2 1.92896188401279 -5.40208000737062 -4.4476030114082 -1.30555035742083 -5.74832313462727 -10.1971061267384 -14.2607621047419 -19.8104453374509 -25.4971730309587 -31.2073485736238 -40.2674610902251 -13.979271237306 -16.7789745867323 -22.2158222107949 -11.0463566515761 -13.8012145921174 -16.6067351867619 -21.9245143400317 -27.2462205997087 -15.7742685901118 -16.2366499148411 -11.2069836017701 -3.00073307010636 -5.84763058354534 -6.57469246360606 -15.7840954268026 -23.4894669284171 -27.0560674536496 -0.518694489074567 
-17 1.91408356556791 -5.45206896219391 -4.39761405658491 -1.305571858785 -5.79833359081473 -10.2971055377491 -14.2607179240351 -19.7604122019208 -25.3971509406053 -31.0573375284471 -40.0674610902251 -13.9792491469533 -16.7289635415563 -22.1158222107956 -11.0464008322836 -13.8512477276482 -16.706757277116 -22.074525385209 -27.4462205997094 -15.7243633006647 -16.2367335802173 -11.1070893574998 -3.00083823684605 -5.79774679546212 -6.47481972069916 -15.6841570018247 -23.4395174582625 -27.0561069383183 -0.518717234368628 
-16.8 1.89920562269332 -5.50205665515642 -4.3476263636224 -1.30559582602157 -5.84834525101381 -10.3971048909107 -14.2606686958852 -19.7103752808083 -25.2971263265304 -30.9073252214096 -39.8674610902251 -13.9792245328792 -16.6789512345197 -22.0158222107965 -11.0464500604344 -13.9012846487616 -16.8067818911918 -22.2245376922474 -27.6462205997103 -15.6744736974284 -16.2368316699435 -11.007212061301 -3.00096029380795 -5.74788115946113 -6.37496639173604 -15.5842304774751 -23.3895786268754 -27.0561557998938 -0.518742215061112 
-16.6 1.8843281085577 -5.55204290761925 -4.29764011115957 -1.30562260707672 -5.89835828453178 -10.4971041768915 -14.2606137057365 -19.6603340381968 -25.197098831456 -30.7573114738725 -39.6674610902251 -13.9791970378059 -16.6289374869837 -21.9158222107976 -11.0465050505842 -13.9513258913742 -16.9068093862672 -22.3745514397856 -27.8462205997113 -15.6246027186339 -16.2369469436119 -10.9073548300436 -3.0011023485303 -5.69803696172104 -6.27513594153274 -15.4843182560679 -23.3396526579311 -27.0562160834123 -0.518769791966045 
-16.4 1.86945108319016 -5.60202751789344 -4.24765550088538 -1.30565259491456 -5.94837288264382 -10.5971033852778 -14.2605521468333 -19.6102878690194 -25.0970680520044 -30.6072960841467 -39.4674610902251 -13.9791662583557 -16.5789220972593 -21.815822210799 -11.0465666094888 -14.001372060553 -17.0068401657202 -22.5245668295128 -28.0462205997127 -15.5747539259866 -16.2370827612388 -10.8075214271221 -3.00126815399367 -5.64821815690984 -6.17533252644774 -15.3844232942419 -23.2897423063793 -27.0562903421346 -0.518800367834778 
-16.2 1.85457461456788 -5.65201025758568 -4.19767276119314 -1.30568623463845 -5.99838926205996 -10.6971025043861 -14.2604831056023 -19.5602360880962 -24.9970335313889 -30.457278823839 -39.2674610902252 -13.979131737742 -16.5289048369533 -21.7158222108008 -11.0466356507215 -14.051423841478 -17.1068746863374 -22.6745840898223 -28.2462205997144 -15.5249316517345 -16.2372432266789 -10.7077164131778 -3.00146225915598 -5.59842952238027 -6.07556115222554 -15.2845492390648 -23.2398509908944 -27.056381766342 -0.518834394632205 
-16 1.83969877988871 -5.70199086732264 -4.14769215145618 -1.30572403182727 -6.04840766898573 -10.7971015210489 -14.2604055445501 -19.5101779173071 -24.8969947508629 -30.3072594335759 -39.0674610902252 -13.9790929572181 -16.4788854466924 -21.615822210803 -11.0467132117759 -14.1014820122693 -17.2069134668657 -22.8246034800875 -28.4462205997166 -15.4751411762448 -16.2374333609262 -10.6079453279512 -3.00169019058987 -5.54867684407683 -5.97582786418552 -15.1847005927838 -23.1899829543504 -27.0564943395349 -0.518872381898356 
-15.8 1.82482366705872 -5.75196905175282 -4.09771396702601 -1.30576656228251 -6.09842838387114 -10.8971004203645 -14.2603182822709 -19.4601124705976 -24.7969511197232 -30.1572376180061 -38.8674610902252 -13.9790493260812 -16.4288636311254 -21.5158222108058 -11.0468004740579 -14.1515474589815 -17.3069570980081 -22.9746252956601 -28.6462205997194 -15.4253889470415 -16.237659316153 -10.5082149143176 -3.00195867626917 -5.49896714532634 -5.87613998100448 -15.0848829168682 -23.140143462865 -27.0566330324797 -0.518914906441122 
-15.6 1.80994937642461 -5.80194447372617 -4.04773854505265 -1.30581448337728 -6.14845172693926 -10.9970991854059 -14.2602199701643 -19.4100387365177 -24.69690196367 -30.0072130399795 -38.6674610902252 -13.9790001700314 -16.3788390531022 -21.4158222108092 -11.046898786168 -14.2016211930649 -17.4070062540648 -23.1246498736902 -28.8462205997228 -15.3756828572956 -16.2379286483805 -10.4085334025984 -3.00227592958796 -5.44930897667139 -5.77650639037656 -14.985103093039 -23.0903390610091 -27.0568040525972 -0.518962623701329 
-15.4 1.79507602281829 -5.85191674742439 -3.99776627135443 -1.30586854745676 -6.19847806471697 -11.0970977968819 -14.2601090649572 -19.3599555576124 -24.5968465110664 -29.8571853136777 -38.4674610902252 -13.9789447174322 -16.3288113268048 -21.3158222108136 -11.0470096913794 -14.2517043719746 -17.5070617066728 -23.2746775999963 -29.0462205997272 -15.3260325829868 -16.23825064777 -10.3089108545914 -3.00265199305252 -5.39971276643811 -5.67693790644467 -14.8853696398205 -23.0405778814889 -27.0570151467751 -0.519016280967349 
-15.2 1.780203737951 -5.90188543031717 -3.94779758846165 -1.30592961752713 -6.24850781768012 -11.1970962327378 -14.2599837965284 -19.3098616062908 -24.496783876852 -29.7071539965706 -38.2674610902253 -13.9788820832231 -16.2787800097029 -21.2158222108189 -11.0471349598138 -14.3017983233017 -17.6071243408927 -23.424708917109 -29.2462205997326 -15.2764500076793 -16.2386367553553 -10.2093595963912 -3.00309917070288 -5.35019126119531 -5.5774477183091 -14.7856931131859 -22.990870037747 -27.0572759859261 -0.519076732937908 
-15 1.76533267324272 -5.95185001365567 -3.89783300512316 -1.30599868580202 -6.29854146929351 -11.2970944676897 -14.2598421298816 -19.2597553563055 -24.3967130435283 -29.5571185799083 -38.0674610902245 -13.978811249907 -16.2287445930483 -21.1158222108258 -11.0472766264674 -14.3519045732939 -17.7071951742233 -23.5747443337782 -29.4462205997403 -15.2269497403892 -16.2391010714036 -10.1098947457625 -3.00363255501918 -5.30076006217311 -5.47805193594879 -14.6860865959036 -22.9412281038032 -27.0575986353207 -0.519144959927769 
-14.8 1.75046300313611 -6.00180991133834 -3.84787310744049 -1.30607689542234 -6.34857957659649 -11.3970924726753 -14.2596817206131 -19.2096350493543 -24.2966328388944 -29.4070784775918 -37.8674610902253 -13.978731045281 -16.1787044907397 -21.0158222108345 -11.0474370357446 -14.4020248802537 -17.8072753788659 -23.7247844361034 -29.6462205997482 -15.1775497672204 -16.2396609959175 -10.0105348749111 -3.00427068914478 -5.25143829861604 -5.37877027470866 -14.586566315775 -22.8916677213573 -27.0579981505575 -0.519222089379179 
-14.6 1.73559492901549 -6.05176444674355 -3.79791857203527 -1.30616556614903 -6.3986227827284 -11.4970902142124 -14.2594998622332 -19.1594986555692 -24.1965419097041 -29.2570330129962 -37.6674610902246 -13.9786401161023 -16.1286590261558 -20.9158222108454 -11.0476188941354 -14.4521612740497 -17.9073663080671 -23.8748299007098 -29.8462205997598 -15.1282722406827 -16.240338004785 -9.91130281296816 -3.00503636872808 -5.20224944279413 -5.27962688348192 -14.4871523954413 -22.8422083364288 -27.0584933010342 -0.519309421002886 
-14.4 1.72072868378744 -6.10171283733955 -3.74797018143927 -1.30626622438939 -6.44867183156476 -11.5970876536448 -14.259293424618 -19.109343827358 -24.0964386908969 -29.106981403593 -37.4674610902253 -13.978536897308 -16.0786074167654 -20.8158222108591 -11.0478253317642 -14.5023161022746 -18.0074695268879 -24.0248815101266 -30.0462205997726 -15.0791444637948 -16.2411586184931 -9.81222664548425 -3.00595764066289 -5.15322232413293 -5.18065137422433 -14.3878697903285 -22.792874121912 -27.0591074771135 -0.519408456394145 
-14.2 1.70586453725363 -6.15165417663256 -3.69802884214626 -1.30638063842471 -6.49872758489309 -11.6970847462662 -14.2590587817892 -19.0591678452363 -23.9963213694821 -28.9569227428853 -37.2674610902246 -13.9784195759111 -16.0285487560756 -20.7158222108762 -11.0480599746101 -14.5524920844134 -18.1075868483197 -24.1749401708515 -30.2462205997905 -15.030200083839 -16.2421555778303 -9.71334092623542 -3.00706901401829 -5.10439235819533 -5.08188006899411 -14.2887494282338 -22.7436950991104 -27.0598697936048 -0.519520933532672 
-14 1.69100280234106 -6.20158741323401 -3.64809560554481 -1.30651085925811 -6.54879104232794 -11.7970814403025 -14.2587917281959 -19.0089675550414 -23.8961878426858 -28.8068559794875 -37.0674610902254 -13.9782860491355 -15.9784819926985 -20.6158222108976 -11.0483270282249 -14.6026923746297 -18.2077203751375 -24.3250069342707 -30.4462205998111 -14.9814805575651 -16.2433692881579 -9.61468816336009 -3.00841294515783 -5.05580305273341 -4.98335752693036 -14.1898296117437 -22.6947085192217 -27.0608164503176 -0.519648866965367 
-13.8 1.67614384229728 -6.25151132668574 -3.59817169209308 -1.30665926779934 -6.5988633643209 -11.8970776757471 -14.258487382002 -18.9587392953958 -23.7960356695885 -28.6567798929385 -36.8674610902247 -13.9781338760657 -15.928405906177 -20.5158222109245 -11.0486313744455 -14.652920634302 -18.3078725482616 -24.4750830208465 -30.6462205998387 -14.9330369128775 -16.244849556922 -9.5163206052208 -3.01004162243642 -5.00750781656028 -4.88513837730588 -14.0911577073838 -22.6459605283134 -27.0619923728611 -0.519794593964037 
-13.6 1.66128807885157 -6.30142450003957 -3.54825851873925 -1.30682862838346 -6.64894589825885 -11.9970733830389 -14.2581400754181 -18.9084788154581 -23.695862016297 -28.5066930662931 -36.6674610902254 -13.9779602228069 -15.8783190795643 -20.4158222109579 -11.0489786810629 -14.7031811142733 -18.4080462015866 -24.6251698475254 -30.8462205998714 -14.8849318789745 -16.2466576963728 -9.41830239796389 -3.0120191224378 -4.95957214320783 -4.78728953059922 -13.9927921935095 -22.597508187793 -27.0634532056944 -0.519960827145161 
-13.4 1.64643600134457 -6.35132528918316 -3.49835772959566 -1.30702214865487 -6.69904020767385 -12.0970684815975 -14.2577432319918 -18.8581811828882 -23.5956635945834 -28.356593855436 -36.4674610902247 -13.9777618011359 -15.8282198687497 -20.3158222109997 -11.0493755245311 -14.753478746885 -18.5082446233419 -24.7752690584243 -31.0462205999139 -14.837242403714 -16.2488690102559 -9.32071213355984 -3.01442395655059 -4.91207618817702 -4.6898927864252 -13.8948050856373 -22.5494218690644 -27.0652676761094 -0.520150713088496 
-13.2 1.63158817664289 -6.40121178952833 -3.4484712292505 -1.30724354461058 -6.74914810397472 -12.1970628782435 -14.2572892333732 -18.8078406839244 -23.4954365952745 -28.2064803557819 -36.2674610902255 -13.9775348018782 -15.7781063691468 -20.2158222110517 -11.0498295232016 -14.8038192459007 -18.6084716227028 -24.9253825581303 -31.2462205999651 -14.7900626074908 -16.2515757143779 -9.22364583699147 -3.01735205657628 -4.86511778785756 -4.59304788576019 -13.7972847903984 -22.5017880741707 -27.0675203815609 -0.520367896097624 
-13 1.61674525949797 -6.45108180120684 -3.39860121757198 -1.30749710857766 -6.79927167962032 -12.2970564655677 -14.2567692800865 -18.7574507189592 -23.3951766186308 -28.0563503674597 -36.0674610902247 -13.9772748252997 -15.7279763808899 -20.1158222111162 -11.0503494765528 -14.8542092109304 -18.708731599411 -25.075512546517 -31.4462206000303 -14.7435071759697 -16.2548902945353 -9.12722039379186 -3.02092020063628 -4.81881592023904 -4.49687600646353 -13.7003393938476 -22.4547126892984 -27.0703150083671 -0.520616584779277 
-12.8 1.60190800270126 -6.50093279495051 -3.34875022382831 -1.30778777588228 -6.84941334066861 -12.3970491203596 -14.256173255062 -18.707003700191 -23.294878606119 -27.9062013612042 -35.8674610902255 -13.9769768128669 -15.6778273747134 -20.015822211196 -11.0509455016571 -14.9046562297784 -18.8090296120027 -25.2256615528524 -31.6462206001094 -14.6977151658616 -16.2589492781708 -9.03157738994004 -3.02526985149659 -4.77331457735568 -4.40152366983613 -13.6041003648914 -22.4083246540859 -27.0737779668983 -0.520901617402019 
-12.6 1.58707726602373 -6.55076188205574 -3.29892113672308 -1.30812118359103 -6.89957583548259 -12.4970407022788 -14.2554896034822 -18.656490961506 -23.1945367803287 -27.7560304483086 -35.6674610902248 -13.9766349871757 -15.627656461917 -19.9158222112944 -11.0516291533353 -14.9551689685618 -18.9093714378914 -25.3758324658463 -31.8462206002085 -14.6528541110931 -16.2639173105076 -8.93688724806635 -3.03057129144374 -4.7287869301976 -4.30716693557319 -13.5087265713395 -22.3627799476392 -27.0780623475569 -0.521228519271146 
-12.4 1.5722540223631 -6.60056579372968 -3.24911722504914 -1.30850371098867 -6.94976227455417 -12.5970310530244 -14.2547052501787 -18.6059026965286 -23.0941446036773 -27.6058343599834 -35.4674610902256 -13.9762428106443 -15.5774603737116 -19.8158222114151 -11.0524135067595 -15.0057572336599 -19.0097636146634 -25.5260285542923 -32.0462206003284 -14.6091242517944 -16.2699913628828 -8.84335347709374 -3.03702787109596 -4.68543959817588 -4.21401569187715 -13.4144084469428 -22.3182657349164 -27.083352046508 -0.521603542412919 
-12.2 1.55743935901451 -6.65034087682111 -3.19934214195772 -1.30894248815071 -6.99997613480764 -12.6970199963692 -14.2538055825437 -18.5552279458021 -22.9936947698595 -27.455609443074 -35.2674610902248 -13.9757929769744 -15.5272354569503 -19.7158222115624 -11.0533131745417 -15.0564319845336 -19.1102134486285 -25.6762534713488 -32.2462206004763 -14.5667625199982 -16.2774047141781 -8.75121666220614 -3.04487999940604 -4.64351664339453 -4.12231765400477 -13.3213719642729 -22.275004335338 -27.089865730021 -0.522033673663317 
-12 1.54263447133471 -6.70008311510771 -3.14959990367111 -1.30944535470955 -7.05022123965308 -12.7970073395013 -14.2527745356909 -18.5044546606627 -22.8931792464335 -27.3053516813614 -35.0674610902256 -13.9752774537259 -15.4769776954152 -19.6158222117407 -11.0543442215729 -15.1072052698513 -19.2107289722328 -25.8265112332397 -32.4462206006539 -14.5260457884346 -16.286430220901 -8.66075769235585 -3.05440837250947 -4.60330277821136 -4.0323615505346 -13.2298819473915 -22.2332565567432 -27.0978601897128 -0.522526594139905 
-11.8 1.52784064581785 -6.74978818615895 -3.09989483261987 -1.31002074927504 -7.10050170526981 -12.8969928761693 -14.2515948198951 -18.4535698738157 -22.7925893885352 -27.1550567524119 -34.8674610902249 -13.9746875960427 -15.4266827666807 -19.515822211955 -11.0555239375829 -15.1580900569126 -19.3113188303454 -25.9768061624035 -32.6462206008689 -14.4872926329997 -16.2973821365174 -8.57229946586974 -3.06593568247707 -4.56512501712772 -3.9444787184001 -13.1402440048954 -22.1933236852983 -27.1076323893191 -0.523090570588738 
-11.6 1.51305922981355 -6.79945156307888 -3.05023145569995 -1.3106775113418 -7.1508218442565 -12.9969763920759 -14.2502483275748 -18.4025600045755 -22.6919161423751 -27.0047201293319 -34.6674610902249 -13.9740143501373 -15.3763461438554 -19.4158222122097 -11.0568704301581 -15.2090999264077 -19.4119920767604 -26.1271427857385 -32.8462206011238 -14.4508626725146 -16.3106155529522 -8.4862061284647 -3.07982586072353 -4.52935181845463 -3.85904214280671 -13.0528041749151 -22.155547232238 -27.1195193131787 -0.523734260913196 
-11.4 1.49829158640024 -6.84906866612509 -3.00061435265373 -1.3114245859059 -7.20118602186681 -13.0969576727324 -14.2487167397597 -18.3514113137142 -22.5911503484675 -26.8543372323781 -34.467461090225 -13.9732485565296 -15.3259632472015 -19.3158222125096 -11.0584020182731 -15.2602486175689 -19.5127578709678 -26.2775256829921 -33.0462206014236 -14.4171523952786 -16.3265223787624 -8.4028787481825 -3.09647976079802 -4.49638861548252 -3.77646183678877 -12.967945206518 -22.120305366887 -27.133894550874 -0.524466424354919 
-11.2 1.48353903567399 -6.8986350599696 -2.95104795880922 -1.31227063900725 -7.25159846881267 -13.1969365135228 -14.2469823151378 -18.3001104952477 -22.4902831361566 -26.7039036262227 -34.267461090225 -13.9723813445666 -15.275529641394 -19.2158222128576 -11.060136443243 -15.3115494363834 -19.6136250836268 -26.4279592894956 -33.2462206017716 -14.3865863811432 -16.3455227584715 -8.32274634020261 -3.11632619326048 -4.46666865410086 -3.69717548156222 -12.8860783735681 -22.0880049277817 -27.1511605056132 -0.525295544438104 
-11 1.46880278811953 -6.94814667756222 -2.90153634121661 -1.31322362128402 -7.30206306868205 -13.2969127309848 -14.2450287855083 -18.2486453480256 -22.3893063713419 -26.5534152438153 -34.067461090225 -13.9714045801496 -15.2250412593844 -19.1158222132554 -11.0620899732703 -15.3630145840033 -19.7146018488393 -26.5784476723007 -33.4462206021694 -14.359603078158 -16.368051073079 -8.24625141962482 -3.13980748974687 -4.44063833299426 -3.62163354286338 -12.807629922963 -22.0590680947692 -27.1717352901933 -0.526229400913184 
-10.8 1.45408388121488 -6.99760003312993 -2.85208298564889 -1.31429035257545 -7.3525831555412 -13.3968861734116 -14.2428422077792 -18.1970054147288 -22.2882130824773 -26.4028685993831 -33.867461090225 -13.9703112917321 -15.1744946153992 -19.0158222137024 -11.0642765514465 -15.4146545177471 -19.8156951381509 -26.72899431718 -33.6462206026164 -14.3366349272683 -16.394536277757 -8.17382991316741 -3.16735942526933 -4.41873691294937 -3.5502787672504 -12.7330218383295 -22.0339133657034 -27.1960339166952 -0.527274662593297 
-10.6 1.43938313564743 -7.0469923692842 -2.80269064949462 -1.3154762349158 -7.40316137403583 -13.4968567280605 -14.2404115523963 -18.1451824231917 -22.1869977547859 -26.2522609355374 -33.6674610902251 -13.9690959645335 -15.1238869520463 -18.9158222141953 -11.0667072073222 -15.4664775097772 -19.9169104663352 -26.8796019815186 -33.8462206031092 -14.3180835829207 -16.4253772695636 -8.10588623266545 -3.19938629892342 -4.40137145044881 -3.48352096859595 -12.6626475019518 -22.01293136548 -27.2244442526261 -0.528436605955993 
-10.4 1.42470114979939 -7.09632167554907 -2.75336134322975 -1.3167852162585 -7.45379966164339 -13.596824321933 -14.2377287774558 -18.0931703419863 -22.0856563673157 -26.1015902418023 -33.4674610902251 -13.9677545775956 -15.0732162588435 -18.8158222147277 -11.0693899827951 -15.5184895915149 -20.0182518543378 -27.030272675786 -34.0462206036416 -14.3042922439388 -16.4609152368466 -8.0427655874187 -3.23623324701673 -4.38888909227764 -3.42170930415952 -12.5968440812322 -21.9964572510252 -27.2572994444362 -0.529719079650088 
-10.2 1.41003834815099 -7.14558652573358 -2.70409649304524 -1.31822010764586 -7.50449940321525 -13.6967889136893 -14.2347881781939 -18.0409648925399 -21.9841860676847 -25.9508550919868 -33.2674610902252 -13.9662842785273 -15.0224811095908 -18.7158222152904 -11.0723305826197 -15.5706950415241 -20.1197221545314 -27.1810078261642 -34.2462206042042 -14.2955182816653 -16.5014061247576 -7.9847267749607 -3.2781590257524 -4.38155002082842 -3.36510538252618 -12.5358646689496 -21.9847426889271 -27.2948497325226 -0.531124815411486 
-10 1.39539508971435 -7.19478571361 -2.65489730516883 -1.3197832941256 -7.55526177757142 -13.7967504759219 -14.2315849296996 -17.9885624561692 -21.8825844434376 -25.8000542798633 -33.0674610902252 -13.9646826548618 -14.9716802980488 -18.615822215872 -11.0755338316956 -15.6230974784764 -20.2213237793602 -27.3318086388694 -34.4462206047858 -14.2919100736226 -16.5469971045913 -7.93191937904161 -3.32531319148431 -4.37950499868429 -3.31386117250525 -12.4798540239546 -21.9779312318086 -27.3372374632804 -0.532656124546271 
-9.80000000000004 1.38077182830389 -7.2439177144288 -2.60576530435003 -1.32147778596701 -7.60608827023162 -13.8967089694009 -14.2281129329748 -17.9359584586256 -21.7808484450752 -25.6491862806821 -32.8674610902252 -13.9629466570871 -14.9208122994553 -18.5158222164597 -11.0790058290082 -15.6757014766077 -20.3230597783103 -27.4826766386383 -34.6462206053735 -14.2934918453401 -16.5977108771277 -7.88436914994033 -3.37772145527426 -4.38278126165507 -3.26800543465761 -12.4288317975408 -21.9760410062136 -27.3844792385042 -0.534315927528733 
-9.60000000000004 1.36616930229786 -7.29298004734803 -2.5567029714308 -1.32330846393495 -7.6569812811188 -13.9966643132073 -14.2243622646518 -17.8831454573833 -21.6789731109137 -25.4982486136014 -32.6674610902253 -13.9610713235068 -14.8698746329557 -18.4158222170409 -11.0827564979124 -15.7285144784312 -20.424935113053 -27.6336143063002 -34.8462206059547 -14.3001592012091 -16.6534405659158 -7.84197417289003 -3.43528182144922 -4.39127929491117 -3.2274411349941 -12.3826861515863 -21.9789576931783 -27.4364582583882 -0.536108973279394 
-9.40000000000004 1.35158872346482 -7.34196864100411 -2.50771437777471 -1.3252833193227 -7.70794473016263 -14.0966163559072 -14.2203166392762 -17.8301112383516 -21.5769502982259 -25.3472372072575 -32.4674610902253 -13.9590485113819 -14.8188632271748 -18.3158222176039 -11.086802123851 -15.7815486980258 -20.5269579263037 -27.784625713207 -35.0462206065176 -14.3116861023911 -16.713956060754 -7.80451248041601 -3.49777217111218 -4.40478105091767 -3.1919542973449 -12.3411788331737 -21.9864389684218 -27.4929281272878 -0.538043052294756 
-9.20000000000004 1.33703193581519 -7.3908772997941 -2.45880571898473 -1.32741449838514 -7.75898456801506 -14.1965648525497 -14.2159512744361 -17.7768372147216 -21.474767615806 -25.1961458660476 -32.2674610902253 -13.9568658294971 -14.7677718865 -18.2158222181391 -11.0911674892263 -15.8348227221911 -20.629140609259 -27.9357170549523 -35.2462206070528 -14.3277419587811 -16.778920575934 -7.77165967801604 -3.56486786481937 -4.42296808583525 -3.16123267347211 -12.3039606653985 -21.9981294594365 -27.5535272770925 -0.540130017573582 
-9.00000000000004 1.3225015260943 -7.43969733263532 -2.4099856861435 -1.32971903061245 -7.81010913308359 -14.2965094504594 -14.2112314058011 -17.7232973132453 -21.3724076814884 -25.0449658988888 -32.0674610902254 -13.9545058956805 -14.7165919198422 -18.1158222186401 -11.0958873583623 -15.8883626241683 -20.7315005440775 -28.086897022612 -35.4462206075537 -14.3479157231273 -16.8479143731214 -7.743013409521 -3.63616619373315 -4.44544638190743 -3.13489093670345 -12.2705945277675 -22.0135833546467 -27.617801205144 -0.542386494697741 
-8.80000000000004 1.30800088217286 -7.48841735678204 -2.36126566199679 -1.33221921622323 -7.86132934284108 -14.3964496843636 -14.206111502388 -17.6694573856855 -21.2698477297819 -24.8936859230356 -31.8674610902254 -13.9519459444369 -14.6653119444519 -18.015822219103 -11.1010072622383 -15.9422025521911 -20.834060496247 -28.2381769989282 -35.6462206080166 -14.3717430688855 -16.9204617430263 -7.71812073113245 -3.71121374878587 -4.47177391281382 -3.11249844346274 -12.2405819455029 -22.0322907965289 -27.6852286711728 -0.544834257264336 
-8.60000000000004 1.29353420888246 -7.53702324462053 -2.3126597741583 -1.33494273547093 -7.91265874992727 -14.4963849792883 -14.200535053742 -17.615275049201 -21.1670595054589 -24.7422918108741 -31.6674610902255 -13.949157720538 -14.6139178327145 -17.9158222195271 -11.1065837113084 -15.9963848890997 -20.936848720994 -28.3895711115137 -35.8462206084407 -14.3987328515075 -16.9960574134867 -7.69650462591593 -3.78953293806994 -4.50148721425902 -3.09360585706983 -12.2133893912163 -22.0537041300807 -27.7552478925632 -0.547500328780229 
-8.40000000000004 1.279106518471 -7.5854981557373 -2.26418486304152 -1.33792259246844 -7.96411351804156 -14.5963146585194 -14.1944346982091 -17.5606997825514 -21.0640093276925 -24.5907667219909 -31.4674610902255 -13.9461075431583 -14.562392744218 -17.8158222199139 -11.1126840672281 -16.0509601561361 -21.0398988991472 -28.5410962007837 -36.0462206088275 -14.4283899634341 -17.0741894365302 -7.67768682672584 -3.87064481772414 -4.53412418279682 -3.07776791449048 -12.1884712361065 -22.0772608860878 -27.827279559687 -0.550416921381678 
-8.20000000000005 1.26472361422034 -7.63382259196152 -2.2158604268173 -1.34119701532803 -8.01571237712538 -14.6962379538274 -14.187732443106 -17.5056730912241 -20.960658200141 -24.4390911582152 -31.2674610902255 -13.9427564159596 -14.510717180795 -17.7158222202667 -11.119386322684 -16.1059868478162 -21.1432500270516 -28.6927717649123 -36.2462206091802 -14.4602329228023 -17.1543568321225 -7.66120534986974 -3.95408663582329 -4.56924156467136 -3.06456086014118 -12.1652875037946 -22.10240159 -27.9007446998235 -0.553621330312838 
-8.00000000000005 1.25039208243714 -7.68197442427462 -2.16770859450421 -1.34480941268134 -8.06747660679178 -14.7961540158069 -14.1803397723584 -17.4501285881634 -20.8569618647672 -24.2872429905283 -31.0674610902256 -13.9390600809092 -14.4588690134315 -17.6158222205901 -11.126778993755 -16.1615313512004 -21.2469463627488 -28.8446199329226 -36.4462206095036 -14.4938057311927 -17.2360814728261 -7.64662632594708 -4.03942367355671 -4.60642677009207 -3.05359423324842 -12.1433158088009 -22.1285817273195 -27.975076669456 -0.55715588181917 
-7.80000000000005 1.23611930272645 -7.72992885829239 -2.11975416048644 -1.34880845197688 -8.11943008010508 -14.896061923138 -14.1721575084296 -17.3939918902167 -20.7528707328028 -24.1351974245461 -30.8674610902256 -13.934968949244 -14.4068234477486 -17.5158222208894 -11.1349612579833 -16.2176680494465 -21.3510374950126 -28.9966654992042 -36.646220609803 -14.5286844173738 -17.3189145930249 -7.63355057811043 -4.12625583275189 -4.6453044952691 -3.04451752440767 -12.1220577967359 -22.1552781492723 -28.0497275254265 -0.561067997887312 
-7.60000000000005 1.22191348127349 -7.77765832244322 -2.07202469633561 -1.35324829103317 -8.17159938331221 -14.9959606904959 -14.1630753650322 -17.3371802826685 -20.6483296611037 -23.9829268886962 -30.6674610902249 -13.9304278778269 -14.3545529121807 -17.4158222211707 -11.144043401662 -16.274479657276 -21.455578566993 -29.1489360353354 -36.8462206100851 -14.56447919482 -17.402438834622 -7.62161589140582 -4.21421991312395 -4.68553911149033 -3.03702267647845 -12.1010409663526 -22.1819907830398 -28.1241696233449 -0.565410407903506 
-7.40000000000005 1.2077837079559 -7.82513227607937 -2.02455074269945 -1.3581889688012 -8.22401401471639 -15.0958492755363 -14.1529711795776 -17.2796021435778 -20.5432775683768 -23.8304008423332 -30.4674610902257 -13.9253757853683 -14.302026866086 -17.3158222214398 -11.1541475873857 -16.3320577966359 -21.560630659989 -29.3014620819676 -37.0462206103534 -14.6008333438383 -17.4862669372764 -7.61049608678792 -4.30298869327727 -4.72683393800749 -3.03084354935908 -12.079816976011 -22.2082407463344 -28.1978935402756 -0.57024151221396 
-7.20000000000005 1.19374003588617 -7.87231694222612 -1.9773660765527 -1.36369694678865 -8.27670665885059 -15.1957265858172 -14.1417098441638 -17.2211561420173 -20.4376469006696 -23.6775855084792 -30.267461090225 -13.9197451179248 -14.2492115324957 -17.2158222217028 -11.1654089230625 -16.3905037984593 -21.6662613279593 -29.4542774160846 -37.2462206106171 -14.6374198540367 -17.5700381136215 -7.59989793083953 -4.39226784734686 -4.76892842593034 -3.02575337113556 -12.057957484386 -22.233565920856 -28.270403380944 -0.575625887588873 
-7.00000000000005 1.17979358071489 -7.91917497393748 -1.93050804484134 -1.36984578432588 -8.32971352809918 -15.2955914867772 -14.1291419710101 -17.1617302371522 -20.3313629640931 -23.5244435401914 -30.0674610902258 -13.9134611816104 -14.1960695644699 -17.1158222219656 -11.1779767964791 -16.4499297035873 -21.7725452647986 -29.6074193846353 -37.4462206108792 -14.673936734576 -17.6534130258723 -7.58955677966756 -4.48179159687199 -4.81159414374411 -3.02156105723758 -12.0350484597974 -22.2575149279788 -28.3412104197782 -0.58163491707242 
-6.80000000000005 1.16595663698199 -7.96566506337323 -1.8840179554056 -1.37671693065821 -8.38307476386726 -15.395442811981 -14.1151023287523 -17.1012005054587 -20.2243431429639 -23.3709336296264 -29.867461090225 -13.9064413607507 -14.1425596541744 -17.0158222222344 -11.1920164390056 -16.5104594355496 -21.8795650861966 -29.760929295469 -37.6462206111487 -14.7101016305426 -17.7360680112746 -7.57923158619838 -4.57131772833786 -4.85463018577423 -3.01810700983235 -12.0106836238017 -22.2796401814189 -28.409825762654 -0.588347524833185 
-6.60000000000004 1.15224280859654 -8.01174150340602 -1.83794151537281 -1.38440061551453 -8.43683488875636 -15.4952793769029 -14.0994080888843 -17.0394298255579 -20.1164960230303 -23.21701006966 -29.6674610902259 -13.8985942410971 -14.088636094488 -16.9158222225152 -11.2077106791545 -16.5722301157312 -21.9874122064111 -29.9148528557162 -37.8462206114287 -14.7456462374928 -17.8176890582575 -7.56869975311575 -4.66062245989634 -4.89785847729992 -3.01525886132486 -11.9844575505702 -22.2994905482202 -28.4757525694881 -0.595850995860089 
-6.40000000000004 1.13866715071309 -8.05735371093781 -1.79232930784101 -1.39299682106601 -8.49104330183964 -15.5950999975179 -14.0818569190108 -16.9762664481525 -20.0077204380932 -23.0626222771911 -29.4674610902251 -13.8898186564599 -14.034248302319 -16.8158222228144 -11.2252618493272 -16.6353934934358 -22.0961877916474 -30.0692406484844 -38.0462206117286 -14.7803108043957 -17.8979658326922 -7.55775211248687 -4.74949543958332 -4.94111924945511 -3.01290742594864 -11.9559587397686 -22.3166039449504 -28.5384781737501 -0.60424185996943 
-6.20000000000004 1.12524631998758 -8.10244572206216 -1.74723729671666 -1.40261631627014 -8.54575480816812 -15.6949035149708 -14.062224963509 -16.9115424815264 -19.8979044603427 -22.9077142883162 -29.267461090226 -13.8800026790329 -13.9793403137677 -16.7158222231388 -11.2448938051534 -16.7001174603863 -22.2060037697222 -30.2241486376836 -38.2462206120522 -14.8138389072433 -17.9765859466642 -7.54618820421012 -4.83773504843508 -4.98426684718252 -3.01096301255131 -11.9247628756658 -22.3305000919719 -28.5974663318959 -0.613626816891863 
-6.00000000000004 1.11199872949604 -8.14695567156032 -1.70272734721851 -1.41338172985944 -8.60103017125557 -15.7946888275564 -14.0402647615009 -16.8450723300202 -19.7869243593383 -22.7522242378137 -29.0674610902253 -13.8690225783861 -13.9238502636227 -16.6158222234956 -11.2668540075183 -16.7665876122494 -22.3169838710835 -30.379638688543 -38.4462206124098 -14.8459726075406 -18.0532295964597 -7.53381195500928 -4.92514411146302 -5.0271659607123 -3.00935217658333 -11.8904264241 -22.3406735899043 -28.6521497793265 -0.624123673413771 
-5.80000000000004 1.09894470353142 -8.19081527280657 -1.65886774597225 -1.4254286309623 -8.6569366736047 -15.8944549311518 -14.0157031664868 -16.7766511337598 -19.6746435618317 -22.5960838390608 -28.8674610902261 -13.8567417812761 -13.8677098652665 -16.5158222238931 -11.29141560293 -16.8350088089073 -22.4292646689877 -30.5357790876935 -38.6462206128065 -14.8764480394836 -18.127564629649 -7.52042778570607 -5.01152604535767 -5.0696882933607 -3.00801490798508 -11.8524806593852 -22.3465874264357 -28.7019232171041 -0.635862253947101 
-5.60000000000004 1.0861066254794 -8.23394932092749 -1.61573369785134 -1.43890657261653 -8.71354866337984 -15.9942009690478 -13.9882393589698 -16.7060532781219 -19.5609116580728 -22.439217887181 -28.6674610902254 -13.8430098779655 -13.810843913835 -16.4158222243407 -11.3188794108946 -16.9056066649929 -22.5429965731942 -30.6926450400208 -38.8462206132548 -14.9049914860602 -18.1992421243464 -7.50583718416169 -5.09668148126182 -5.11170968114393 -3.00690224764778 -11.8104262498762 -22.3476670650477 -28.746136903837 -0.648985230742558 
-5.40000000000004 1.07350906938434 -8.27627525075972 -1.57340776801911 -1.4539800356745 -8.77094805627003 -16.0939262917703 -13.9575430782995 -16.6330310676194 -19.4455635177381 -22.2815438170141 -28.4674610902263 -13.8276617381384 -13.7531698441756 -16.3158222248491 -11.3495756920734 -16.9786288760038 -22.6583447140374 -30.8503191106962 -39.0462206137624 -14.9313159949216 -18.26789256304 -7.48983576319083 -5.18040538250496 -5.15310765255485 -3.00597428922609 -11.7637285477267 -22.3432952927304 -28.784091061352 -0.663648799002444 
-5.20000000000004 1.06117890220405 -8.31770279328898 -1.53198022548985 -1.47082918573001 -8.82922474885481 -16.1936305268843 -13.9232532484159 -16.5573136952065 -19.328418602796 -22.1229713595427 -28.2674610902256 -13.810516823779 -13.694597387287 -16.2158222254313 -11.3838655225392 -17.0543462489989 -22.7754896295617 -31.0088915687499 -39.2462206143453 -14.9551186130352 -18.333122723683 -7.47221083877527 -5.26248469262129 -5.19375942014191 -3.00519851428428 -11.7118137928454 -22.3328080803783 -28.8150313915292 -0.680023093708632 
-5.00000000000004 1.04914533899765 -8.35813379022699 -1.49154922855183 -1.48965032283457 -8.88847688289738 -16.2933136578649 -13.8849772361689 -16.4786066860215 -19.2092805966729 -21.9634023564816 -28.0674610902265 -13.7913788183263 -13.6350283848963 -16.1158222261025 -11.4221415354576 -17.1330532588553 -22.8946276363561 -31.1684605724823 -39.4462206150157 -14.9760783824928 -18.3945134900785 -7.45273961129482 -5.34269659545023 -5.23354032603284 -3.0045484232368 -11.6540665524467 -22.3154918369177 -28.8381461450065 -0.698292208114998 
-4.80000000000004 1.03743992762597 -8.39746224541596 -1.45222077336286 -1.51065586438361 -8.94881087963539 -16.3929761097919 -13.8422910569242 -16.3965920515878 -19.0879375070503 -21.80273081167 -27.867461090226 -13.7700357294831 -13.5743568408642 -16.0158222268814 -11.4648277154813 -17.215067894068 -23.0159707267578 -31.3291321180729 -39.6462206157953 -14.9938552860017 -18.4516188487764 -7.43118805961476 -5.42080749491825 -5.27232277031189 -3.00400241232727 -11.5898288207431 -22.290582560403 -28.8525653236808 -0.718653628550701 
-4.60000000000004 1.02609643289901 -8.43557471407596 -1.41410830470286 -1.53407365511524 -9.01034113902702 -16.4926188378435 -13.7947409315652 -16.3109294575688 -18.9641624443713 -21.640843280331 -27.6674610902269 -13.7462606677124 -13.5124693104335 -15.9158222277907 -11.5123778417499 -17.3007304889966 -23.1397457903463 -31.4910196503215 -39.8462206167039 -15.0080904080352 -18.5039664394699 -7.40731071298824 -5.49657287543404 -5.30997568216768 -3.00354285552268 -11.5184013478482 -22.2572675561681 -28.8573627881059 -0.741316847094688 
-4.40000000000004 1.01515058314348 -8.47235115430061 -1.37733186447821 -1.56014534912507 -9.0731892732615 -16.5922434123026 -13.7418466924633 -16.2212587782423 -18.8377153248201 -21.4776197205552 -27.4674610902265 -13.7198135492296 -13.449245751726 -15.8158222288586 -11.5652720819198 -17.3904011693912 -23.2661929109656 -31.6542432111654 -40.0462206177724 -15.0184076574066 -18.5510601290659 -7.38085152213494 -5.56973825797204 -5.34636462448103 -3.00315535761176 -11.4390479168252 -22.2146905653698 -28.8515622375323 -0.766500856709433 
-4.20000000000004 1.00463963606533 -8.50766638569493 -1.3420166330839 -1.58912356519708 -9.13748272072783 -16.6918520911633 -13.6831076180409 -16.1272044724256 -18.7083457876091 -21.3129349519499 -27.2674610902268 -13.6904440132792 -13.3845609843813 -15.7158222301196 -11.6240111576037 -17.4844554764694 -23.3955624494381 -31.8189279810322 -40.2462206190336 -15.0244174643099 -18.5923851673635 -7.35154609764393 -5.64004151108029 -5.38135264619534 -3.00282814793137 -11.3510034166506 -22.1619612965895 -28.8341482001463 -0.794430180680341 
-4.00000000000004 0.994601717587443 -8.54139231078317 -1.30829070799566 -1.6212674925794 -9.20335257319839 -16.7914478687221 -13.6180113183944 -16.0283822476908 -18.5757976377861 -21.1466608770386 -27.0674610902274 -13.6578958649538 -13.3182869109677 -15.6158222316177 -11.6891074587489 -17.5832777027028 -23.5281106007598 -31.9852020574421 -40.4462206205317 -15.0257229008541 -18.627416528996 -7.3191256090999 -5.70721679859695 -5.41480200862338 -3.00255158527156 -11.253486626962 -22.0981704319891 -28.8040832606341 -0.825329054257175 
-3.80000000000004 0.985074890065235 -8.57340104566682 -1.276281973112 -1.65683664040998 -9.27093045591262 -16.8910344863199 -13.5460462579297 -15.9244084523425 -18.4398151075541 -20.978669611923 -26.8674610902281 -13.6219133365109 -13.250295647641 -15.5158222334074 -11.7610725210039 -17.6872514998415 -23.6640931327821 -32.1531933243482 -40.6462206223214 -15.0219286686415 -18.655631031667 -7.28332264200366 -5.77100044730888 -5.44657692245204 -3.00231776421617 -11.1457185976113 -22.0224111375221 -28.7603327010508 -0.859413384017631 
-3.60000000000004 0.976095919482205 -8.60356906206581 -1.24611395671301 -1.69608251180258 -9.34034434370421 -16.9906163905105 -13.4667183235267 -15.8149125015405 -18.3001511403531 -20.808837628323 -26.6674610902291 -13.5822493714592 -13.1804636661904 -15.4158222355577 -11.8404004575583 -17.7967474527948 -23.8037571021344 -32.3230253100994 -40.8462206244717 -15.0126532404861 -18.6765236199107 -7.24387919744931 -5.83113890479481 -5.4765473635386 -3.00212018890412 -11.0269472165036 -21.9338077728134 -28.7018973527411 -0.896880190691865 
-3.40000000000004 0.967698738891571 -8.63178234992783 -1.217900668851 -1.73923817109491 -9.41171329085855 -17.0901986255269 -13.3795714749762 -15.699552365128 -18.1565777160786 -20.6370509161864 -26.4674610902305 -13.5386759497813 -13.1086769566505 -15.3158222381558 -11.9275473087083 -17.9121075918069 -23.9473305290085 -32.4948120248355 -41.0462206270698 -14.9975441914747 -18.6896278587613 -7.20055686057592 -5.88739880033967 -5.50459397122182 -3.00195350872496 -10.8964780284817 -21.8315518726534 -28.6278547404431 -0.937894428603477 
-3.20000000000004 0.959912651234021 -8.65794245569551 -1.19174056308332 -1.78650598615249 -9.48514121168382 -17.1897866521198 -13.2842118980491 -15.5780326824332 -18.0088979276161 -20.4632110219563 -26.2674610902327 -13.4909961644731 -13.0348370655746 -15.2158222413123 -12.022906888794 -18.0336272776603 -24.0950103206296 -32.6686519222243 -41.2462206302262 -14.9762962922476 -18.6945400653019 -7.15314885558113 -5.93957881878136 -5.53061388389545 -3.00181331563128 -10.7537104434033 -21.7149443933427 -28.5374073669001 -0.982573397548299 
-3.00000000000004 0.952760378128488 -8.6819730380816 -1.16770998069723 -1.83804426362522 -9.56071007154263 -17.2893860943647 -13.1803342275968 -15.4501244295948 -17.8569590923916 -20.2872416043457 -26.067461090236 -13.4390573331005 -12.9588676518159 -15.1158222451675 -12.1267845631048 -18.1615355343572 -24.2469491597126 -32.8446213436933 -41.4462206340814 -14.9486712505376 -18.690945605978 -7.10149323148502 -5.98752263307499 -5.55452711580337 -3.00169596515273 -10.5981771449997 -21.5834416773252 -28.4299352332687 -1.03096942116594 
-2.80000000000004 0.94625613313184 -8.70382634163209 -1.14585667714673 -1.89395399154938 -9.6384731030173 -17.3890024293899 -13.067747441804 -15.3156843402515 -17.7006656994978 -20.1090949079014 -25.8674610902412 -13.3827639449336 -12.8807209600985 -15.0158222498996 -12.2393713536348 -18.2959756284377 -24.4032425573436 -33.0227680448749 -41.6462206388134 -14.9145173126832 -18.678644971674 -7.04548599008006 -6.03113172196312 -5.57628290114063 -3.00159844693987 -10.4295831130699 -21.4367009489459 -28.3050478084399 -1.0830520117924 
-2.60000000000004 0.94040396189672 -8.72348877355101 -1.12619424522781 -1.95426734823322 -9.71844889162005 -17.4886406499116 -12.9463971694881 -15.1746716360167 -17.5399905633441 -19.9287573398288 -25.6674610902497 -13.3220888146065 -12.8003833978525 -14.9158222557347 -12.3607216317942 -18.436988338516 -24.5639176993408 -33.203105618791 -41.8462206446485 -14.8737862265245 -18.6575763174342 -6.98509247200247 -6.07037641857212 -5.59586516583109 -3.00151827971103 -10.2478393168413 -21.2746195846363 -28.1626288760492 -1.13869125933507 
-2.40000000000004 0.935196620928409 -8.74098467091191 -1.10869834786692 -2.01893984541008 -9.8006172861578 -17.5883049418102 -12.8163807589456 -15.0271593281133 -17.3749823580798 -19.7462532372036 -25.4674610902636 -13.2570806165532 -12.7178793024383 -14.8158222629596 -12.4907380495755 -18.5845006536582 -24.7289259118439 -33.385609728655 -42.0462206518733 -14.8265447839077 -18.6278307721783 -6.92035513202477 -6.10530336326817 -5.61329621316587 -3.0014534296853 -10.0530855590962 -21.0973617242521 -28.0028669130259 -1.19764450413196 
-2.20000000000004 0.930615237036335 -8.75637744485053 -1.09330557392829 -2.08784777948389 -9.88491799417024 -17.6879984237613 -12.6779518547237 -14.8733376499527 -17.2057679059806 -19.5616460111658 -25.2674610902871 -13.1878661734083 -12.6332720853548 -14.7158222719374 -12.6291669627988 -18.7383223408201 -24.8981403729445 -33.5702169636942 -42.2462206608511 -14.7729784614157 -18.589657223625 -6.8513960355942 -6.13603773981083 -5.62863781577028 -3.00140225835071 -9.8456975494659 -20.9053664885604 -27.8262644512728 -1.25954831683338 
-2.00000000000004 0.926629890459878 -8.76976762134821 -1.07991539743061 -2.16079199219895 -9.97125238338298 -17.7877229894717 -12.5315125607552 -14.7135081794865 -17.0325482590168 -19.3750361877043 -25.0674610903279 -13.1146465375936 -12.5466622730424 -14.6158222831274 -12.7756062679981 -18.898151822517 -25.071360031139 -33.7568267983864 -42.4462206720411 -14.7133856636147 -18.5434546023216 -6.77841306129546 -6.16277932003258 -5.64198921949396 -3.0013634855771 -9.62627527000871 -20.6993343856009 -27.633622524811 -1.3239173401862 
-1.80000000000004 0.923201110439834 -8.78128781633234 -1.06839520244649 -2.23750788810366 -10.0594884742718 -17.8874792753446 -12.3775933407637 -14.548068764511 -16.8555886490571 -19.1865563827604 -24.8674610904 -13.0376869415437 -12.4581824820083 -14.5158222971092 -12.9295255020434 -19.0635912515464 -25.2483196551526 -33.9453066173841 -42.6462206860229 -14.6481626736406 -18.4897518073317 -6.7016698763373 -6.18579240696554 -5.65348211144319 -3.00133618254181 -9.39561285107727 -20.4801921616536 -27.4260004958478 -1.39015075075551 
-1.60000000000004 0.920282104772269 -8.79109524470439 -1.05858777407443 -2.31768050805891 -10.1494685225991 -17.987266752044 -12.2168230543816 -14.3774910497568 -16.6752035059308 -18.9963638112621 -24.6674610905296 -12.9573018157926 -12.3679899278852 -14.415822314614 -13.0902958060599 -19.2341689839351 -25.4287048159133 -34.1354992065168 -42.8462207035276 -14.5777810892441 -18.4291776513072 -6.62148086356868 -6.20539085339149 -5.6632731294967 -3.00131977222365 -9.1546535344217 -20.24904027337 -27.2046560359363 -1.45754623104309 
-1.40000000000004 0.917821415694505 -8.79936279695488 -1.05032022182394 -2.40096256659906 -10.2410181333898 -18.0870839150851 -12.0498932636207 -14.2022937067454 -16.4917386106689 -18.8046313637498 -24.4674610907668 -12.8738369422424 -12.2762575020845 -14.3158223365628 -13.2572256190067 -19.4093663491323 -25.612169733361 -34.3272316762151 -43.0462207254764 -14.5027608968674 -18.362425011181 -6.53819311894152 -6.22192024985668 -5.67153497371178 -3.00131406418785 -8.90443597708488 -20.0070902682837 -26.9709735831005 -1.52532072075943 
-1.20000000000004 0.915765644025996 -8.80626988645191 -1.04341313232692 -2.48699300702689 -10.3339556633146 -18.186928534507 -11.877521622049 -14.0230149756767 -16.3055527901032 -18.611538453687 -24.267461091207 -12.7876511487886 -12.1831646191337 -14.215822364115 -13.4295972885708 -19.5886451081934 -25.7983555819191 -34.5203246142702 -43.2462207530286 -14.423642811957 -18.2902140157677 -6.45216794453413 -6.23573966731901 -5.6784473016767 -3.00131930265613 -8.64603913355363 -19.7556005142495 -26.7263909185633 -1.59263699802283 
-1.00000000000004 0.91406191852208 -8.8119941527769 -1.03768886600193 -2.57541386015823 -10.4281007827709 -18.2867979202884 -11.7004186881763 -13.840187775479 -16.1170013235805 -18.4172627208393 -24.0674610920343 -12.6990997160529 -12.088888920073 -14.1158223987293 -13.6067002578851 -19.7714723438328 -25.9869070838835 -34.7146003825595 -43.4462207876429 -14.3409632187932 -18.2132586889288 -6.36376408504531 -6.24720515899717 -5.68418852703025 -3.00133626168431 -8.38053230557779 -19.4958179525986 -26.4723326232374 -1.65863525091285 
-0.800000000000041 0.912659886104535 -8.81670477484357 -1.03297824393525 -2.66588386295398 -10.5232814076334 -18.3866891672174 -11.5192611780147 -13.6543196432507 -15.9264225692856 -18.2219733444777 -23.867461093606 -12.6085210036975 -11.9935995856509 -14.0158224422406 -13.7878578131296 -19.9573405211439 -26.1774858832613 -34.9098898040041 -43.6462208311541 -14.2552340097336 -18.1322401019359 -6.27332425391907 -6.2566565312888 -5.68892927725483 -3.0013663898426 -8.10893492077874 -19.2289311898663 -26.2101564825717 -1.72246888936331 
-0.600000000000041 0.911513119799736 -8.82055774043345 -1.02912527834537 -2.7580881203712 -10.6193386306405 -18.4865993558144 -11.3346730433861 -13.4658785430323 -15.7341285034772 -18.0258263130795 -23.6674610966179 -12.5162269895921 -11.8974526059556 -13.9158224969554 -13.9724460054858 -20.14578167909 -26.3697800067973 -35.1060368931299 -43.8462208858698 -14.1669284464424 -18.0477875042346 -6.18116572503794 -6.26440813628986 -5.692827916666 -3.00141206366389 -7.83218820255404 -18.9560374372314 -25.9411156955268 -1.78334356088736 
-0.400000000000041 0.910579949211353 -8.82369305593015 -1.02598996284867 -2.85174383314636 -10.7161296589123 -18.586525699583 -11.1472143111914 -13.2752844953409 -15.5403991402892 -17.8289616343947 -23.4674611024364 -12.4224976894038 -11.8005879902706 -13.8158225657736 -14.1599048123165 -20.3363758014174 -26.5635094446214 -35.3029016464507 -44.0462209546873 -14.0764730790929 -17.9604674523817 -6.0875750421917 -6.27074372839391 -5.69602819327336 -3.00147702477417 -7.55113871869484 -18.6781232688689 -25.666336842661 -1.84055749178486 
-0.200000000000041 0.909823790829307 -8.82623363653 -1.02344938224883 -2.94660261207529 -10.8135290184411 -18.6864656397116 -10.9573766448937 -13.0829062484433 -15.3454803127917 -17.6315022262974 -23.2674611137393 -12.3275789371672 -11.7031286574342 -13.7158226523374 -14.3497425764817 -20.5287541461824 -26.7584283699862 -35.5003611524154 -44.2462210412518 -13.984245111028 -17.8707800649168 -5.99280649352702 -6.27591503329405 -5.69865891757366 -3.001567168475 -7.26653241716864 -18.3960575479426 -25.3868117023345 -1.89354015757396 
-4.1133763062362e-14 0.909213088111613 -8.82828550755819 -1.02139751122064 -3.04245012522975 -10.9114284026237 -18.7864168949224 -10.7655841510792 -12.8890618836006 -15.1495840769209 -17.4335541193984 -23.0674611358121 -12.231682788104 -11.6051806373428 -13.6158227612178 -14.5415352012484 -20.7225986419774 -26.9543247368094 -35.6983093902667 -44.4462211501314 -13.890574419567 -17.7791612444839 -5.89708393103777 -6.28014361713532 -5.70083563038673 -3.0016920102595 -6.97901725198457 -18.1105942537867 -25.1034002792068 -1.94188560491265 
