pO2 mew_e electrons holes VO{2} VO{1} VO{0} VM{-4} VM{-3} VM{-2} VM{-1} VM{0} Oi{-2} Oi{-1} Oi{0} Mi{4} Mi{3} Mi{2} Mi{1} Mi{0} Ii{0} Ii{-1} Ii{1} IsubO{1} IsubO{2} IsubO{3} IsubZr{-3} IsubZr{-4} IsubZr{-5} Stoich
-35 2.47372662009257 -5.68304992463139 -16.8967516022634 -27.6983087797658 -27.9692462514513 -32.0616515476972 -8.44587680605662 -22.6259358046369 -37.6504265882806 -56.3757406479359 -81.0569851096906 -18.7340616640017 -23.6620899079574 -29.0351668594415 -66.6831026106568 -63.3906114450415 -66.2845624052357 -71.7860923411833 -78.8251399346538 -18.9430808749745 -15.3788967976991 -17.5519194212667 -3.12463642507557 -15.587281325414 -24.1911590025853 -3.60296818015502 -13.727203144511 -16.140186520327 -2.82055729449034 
-34.8 2.46405978102475 -5.75800181621495 -16.8217997106799 -27.6484049785784 -27.9942943418474 -32.1616515296769 -8.54568440810361 -22.6507915151003 -37.6003304071604 -56.2506925752322 -80.8569851454033 -18.7839654471687 -23.6370417995409 -28.9351668594415 -66.5832950443236 -63.3657557702918 -66.3346586220696 -71.9111404496007 -79.0251399346548 -18.9180807899881 -15.4288486042964 -17.4519674446968 -3.12468443048496 -15.5123774392398 -24.0413032248284 -3.60282380563213 -13.8020106615717 -16.2899459289712 -2.82098437284504 
-34.6 2.45439195528934 -5.83296135793136 -16.7468401689635 -27.5984858799894 -28.0193347849748 -32.2616515145206 -8.6455226050248 -22.6756701703051 -37.5502495206488 -56.1256521470042 -80.6569851754589 -18.8338845306015 -23.6120013412573 -28.8351668594414 -66.4834568774589 -63.3408771451435 -66.3847395386378 -72.0361809078853 -79.2251399346557 -18.8930807266649 -15.4788080826895 -17.3520078396571 -3.12472481028949 -15.437458277328 -23.8914245211992 -3.60270239751364 -13.8768487951696 -16.4397436042856 -2.82134405030995 
-34.4 2.44472329990281 -5.90792733235241 -16.6718741945424 -27.5485539183975 -28.044368797804 -32.3616515017709 -8.74538652800287 -22.7005681188621 -37.5001814947847 -56.0006181467191 -80.4569852007527 -18.8838164794435 -23.5869673156783 -28.7351668594414 -66.3835929797739 -63.3159792218796 -66.4348075897949 -72.1612149334634 -79.425139934655 -18.8680806850046 -15.5287740154503 -17.2520418235758 -3.12475878145806 -15.3625262740764 -23.7415265435266 -3.60260030441043 -13.9517126764874 -16.5895734600244 -2.82164692003565 
-34.2 2.43505394686745 -5.98289871599762 -16.5969028108972 -27.4986111403822 -28.0693974034339 -32.461651491046 -8.8452720838686 -22.7254822910826 -37.4501242833601 -55.8755895516492 -80.2569852220376 -18.9337592467339 -23.5619386993235 -28.6351668594413 -66.2837074451923 -63.2910650709432 -66.4848648225037 -72.2862435498175 -79.6251399346542 -18.8430806577864 -15.5787453718773 -17.1520704127124 -3.12478735987013 -15.2875834688424 -23.5916123546474 -3.60251444941275 -14.0265982051349 -16.7394303723172 -2.82190191782648 
-34 2.42538400716885 -6.05787464833957 -16.5219268785552 -27.4486592666771 -28.0944214620707 -32.5616514820248 -8.94517583114636 -22.7504101060184 -37.4000761659539 -55.7505655019011 -80.0569852399476 -18.9837111114182 -23.5369146316658 -28.5351668594417 -66.1838037158254 -63.2661372739183 -66.5349129578207 -72.4112676174765 -79.8251399346551 -18.8180806377892 -15.6287212842221 -17.0520944603733 -3.12481139850983 -15.2126315751401 -23.4416845286032 -3.60244224435137 -14.1015019324155 -16.8893100319397 -2.82211658266586 
-33.8 2.41571357411449 -6.13285440591823 -16.4469471209766 -27.3986997439344 -28.1194416969067 -32.6616514744394 -9.04509487653501 -22.7753493938284 -37.3500356961853 -55.6255452745538 -79.8569852550216 -19.0336706265755 -23.5118943892444 -28.4351668594417 -66.0838846855101 -63.2411980011815 -66.5849534426627 -72.536287859897 -80.0251399346544 -18.7930806177921 -15.6787010218036 -16.9521146827974 -3.12483161334814 -15.1376720324006 -23.291745228285 -3.60238151216418 -14.176420957807 -17.0392088149098 -2.82229727108041 
-33.6 2.40604272616711 -6.20783738037229 -16.3719641465225 -27.3487337886424 -28.1444587160687 -32.7616514680555 -9.14502678703341 -22.8002983298728 -37.3000016577755 -55.50052826169 -79.6569852677038 -19.0836365754835 -23.4868773636984 -28.3351668594416 -65.983952787693 -63.2162490778186 -66.6349874937538 -72.6613048854422 -80.2251399346536 -18.7680806122369 -15.7286839907025 -16.8521317027882 -3.12484862695547 -15.062706071553 -23.1417962929834 -3.60233044265336 -14.2513528627502 -17.1891236943071 -2.82244936300004 
-33.4 2.39637152929804 -6.2828230601926 -16.2969784667022 -27.2987624236328 -28.1694730308795 -32.8616514626865 -9.24496951698513 -22.8252553800042 -37.2499730280866 -55.3755139521807 -79.4569852783742 -19.1336079351241 -23.4618630435187 -28.2351668594416 -65.8840100684127 -63.1912920383586 -66.6850161341141 -72.7863192056229 -80.4251399346546 -18.7430806066817 -15.7786696649676 -16.7521460174128 -3.1248629362106 -14.9877347009878 -22.9918392425987 -3.60228748722962 -14.3262955871468 -17.339052098524 -2.82257736548823 
-33.2 2.38670003897969 -6.35781101527361 -16.2219905116212 -27.2487865089553 -28.194485071283 -32.9616514581711 -9.34492134628811 -22.8502192542262 -37.1999489472276 -55.2505019162407 -79.2569852873532 -19.1835838452861 -23.4368509985996 -28.1351668594415 -65.7840582480897 -63.1663281731166 -66.735040223953 -72.9113312505428 -80.6251399346555 -18.7180806011266 -15.8286576144935 -16.6521580567766 -3.12487497105944 -14.9127587807557 -22.8418753672847 -3.60225135589643 -14.4012474108946 -17.4889918773529 -2.82268508793314 
-33 2.37702830186422 -6.43280088389746 -16.1470006429974 -27.19880676791 -28.2194951988615 -33.0616514543735 -9.4448808283408 -22.875188867655 -37.1499286920326 -55.1254917924218 -79.0569852949104 -19.2335635825338 -23.4118408672235 -28.0351668594415 -65.6840987735935 -63.1413585672442 -66.7850604867046 -73.0363413819182 -80.8251399346547 -18.6930805955714 -15.8786474775622 -16.5521681825976 -3.12488509308234 -14.8377790341556 -22.6919057520608 -3.60222096377011 -14.4762068873921 -17.6389412224742 -2.82277573942846 
-32.8 2.36735635717359 -6.50779236195649 -16.0720091649383 -27.1488238085979 -28.2445037176085 -33.1616514511795 -9.54484674693631 -22.9001633081915 -37.09991165451 -55.0004832768403 -78.8569853012698 -19.2835465386518 -23.3868323452824 -27.9351668594414 -65.5841328613566 -63.1163841330664 -66.8350775305857 -73.1613499038584 -81.025139934654 -18.6680805900163 -15.928638950066 -16.4521766989834 -3.12489360627463 -14.762796069288 -22.5419313091341 -3.60219539875143 -14.5511728004325 -17.7888986135736 -2.82285202191481 
-32.6 2.35768423790132 -6.5827851936353 -15.9970163332595 -27.0988381425514 -28.2695108832408 -33.2616514484905 -9.64481807899938 -22.9251418085757 -37.0498973232155 -54.8754761138669 -78.6569853066177 -19.3335322020093 -23.3618251769612 -27.8351668594414 -65.4841615346423 -63.0914056380309 -66.8850918672291 -73.2863570721805 -81.2251399346549 -18.6430805916821 -15.9786317834107 -16.3521838689704 -3.12490077357229 -14.6878104049068 -22.391952813075 -3.60217390080155 -14.6261441341614 -17.9388627789814 -2.82291621837355 
-32.4 2.34801197178831 -6.65777916384461 -15.9220223630502 -27.0488501998708 -28.2945169107695 -33.3616514462286 -9.74479396433625 -22.9501237237033 -36.9998852681337 -54.7504700885758 -78.4569853111173 -19.3835201424279 -23.3368191471705 -27.7351668594413 -65.3841856538061 -63.066423727404 -66.9351039268114 -73.4113631019722 -81.4251399346559 -18.618080593348 -16.0286257552859 -16.252189900427 -3.12490680276735 -14.6128224638926 -22.2419709018506 -3.60215581759497 -14.7011200211642 -18.0888326361934 -2.82297023713934 
-32.2 2.33833958216692 -6.73277409167685 -15.847027435218 -26.9988603423058 -28.3195219810368 -33.4616514443281 -9.84477367945641 -22.9751085109912 -36.9498751275894 -54.6254650201993 -78.2569853149085 -19.4335099980928 -23.3118140750031 -27.6351668594417 -65.2842059424746 -63.0414389439047 -66.9851140711444 -73.5363681741374 -81.6251399346534 -18.5930805877928 -16.078620677563 -16.1521949670396 -3.12491186747945 -14.5378326007724 -22.0919861108982 -3.60214059932774 -14.7760997307292 -18.2388072735906 -2.82301568366716 
-32 2.32866708866068 -6.80776982498086 -15.772031701914 -26.9488688740972 -28.3445262461321 -33.5616514427274 -9.94475661585776 -23.0000957140886 -36.8998665973828 -54.5004607566886 -78.0569853180938 -19.4835014647007 -23.286809808307 -27.5351668594417 -65.1842230092595 -63.0164517439936 -67.0351226045374 -73.6613724408344 -81.8251399346543 -18.5680805894587 -16.1286164125328 -16.0521992354014 -3.12491613424018 -14.4628411342292 -21.9419989110518 -3.60212780409094 -14.8510826687964 -18.3887859449619 -2.82305392991755 
-31.8 2.31899450777105 -6.88276623581246 -15.6970352910824 -26.8988760510874 -28.3695298339539 -33.6616514413809 -10.0447422618641 -23.0250849492633 -36.8498594217259 -54.3754571702002 -77.8569853207738 -19.5334942863639 -23.2618062191386 -27.4351668594416 -65.0842373659341 -62.9914625114998 -67.0851297828752 -73.7863760300038 -82.0251399346553 -18.5430805911246 -16.1786128250303 -15.9522028262357 -3.12491972372831 -14.3878483128857 -21.7920096788759 -3.60211704093154 -14.9260683164686 -18.5387680034657 -2.82308611101648 
-31.6 2.30932185337947 -6.95776321654185 -15.622038310353 -26.8488820884985 -28.3945328520944 -33.7616514402507 -10.14473018704 -23.0500758937098 -36.799853385443 -54.2504541531878 -77.6569853230321 -19.5834882478226 -23.2368031998679 -27.3351668594416 -64.9842494430158 -62.9664715693109 -67.1351358214156 -73.9113790492736 -82.2251399346545 -18.5180805855694 -16.2286098002045 -15.8522058399512 -3.12492273631318 -14.312854344742 -21.6420187300028 -3.60210797982285 -15.0010562360893 -18.6887529038158 -2.82311318133399 
-31.4 2.29964913716153 -7.03276067664226 -15.5470408502525 -26.7988871673445 -28.4195353910409 -33.8616514392976 -10.2447200293403 -23.0750682759097 -36.7498483075425 -54.125451615187 -77.4569853249308 -19.6334831680234 -23.2118006599683 -27.2351668594415 -64.8842596026133 -62.9414791890088 -67.185140901214 -74.0363815891724 -82.4251399346538 -18.4930805872353 -16.2786072619708 -15.7522083815166 -3.12492527692599 -14.2378594252536 -21.4920263504139 -3.60210036368866 -15.0760460800555 -18.8387402078824 -2.82313596459963 
-31.2 2.28997636893528 -7.10775853998946 -15.4720429869054 -26.7488914398483 -28.4445375268919 -33.9616514384958 -10.344711484325 -23.1000618675472 -36.6998440358328 -54.00044948013 -77.2569853265266 -19.6834788947178 -23.1867985233155 -27.1351668594415 -64.7842681492255 -62.9164855989682 -67.2351451745206 -74.1613837258262 -82.6251399346547 -18.4680805889011 -16.3286051269839 -15.6522105198353 -3.12492741444237 -14.1628636994227 -21.3420327612368 -3.60209395699199 -15.151037536706 -18.9887295278801 -2.82315513444428 
-31 2.28030355696242 -7.18275674252621 -15.3970447843686 -26.6988950341002 -28.4695393236805 -34.0616514378212 -10.4447042958145 -23.1250564765 -36.6498404422488 -53.8754476840093 -77.0569853278692 -19.7334752997912 -23.1617967258522 -27.0351668594414 -64.6842753390795 -62.891490991359 -67.2851487694481 -74.2863855232904 -82.8251399346557 -18.443080590567 -16.3786033311865 -15.5522123189644 -3.12492921289728 -14.0878672953409 -21.1920381546173 -3.60208856761064 -15.2260303498614 -19.1387205435723 -2.82317126406279 
-30.8 2.27063070818681 -7.25775523041326 -15.3220462964816 -26.6488980577584 -28.4945408352258 -34.1616514372535 -10.5446982484939 -23.1500519412923 -36.5998374191541 -53.7504461730276 -76.8569853290004 -19.7834722755653 -23.1367952137392 -26.9351668594414 -64.5842813875305 -62.866495527697 -67.3351517936731 -74.4113870354026 -83.0251399346549 -18.4180805922328 -16.4286018207394 -15.4522138327432 -3.12493072610802 -14.0128703206655 -21.0420426920548 -3.60208403406885 -15.3010243042067 -19.2887129858046 -2.82318483539938 
-30.6 2.26095782845409 -7.33275395832644 -15.2470475685684 -26.5989006014572 -28.5195421068377 -34.2616514367786 -10.6446931611003 -23.1750481259855 -36.5498348759341 -53.6254449018944 -76.656985329954 -19.8334697313916 -23.1117939416523 -26.8351668594413 -64.484286475877 -62.8414993439567 -67.385154337846 -74.5363883074886 -83.2251399346541 -18.3930805866777 -16.4786005430974 -15.3522150992749 -3.12493199216522 -13.9378728588086 -20.8920465022848 -3.60208021320686 -15.3760192112579 -19.4387066207689 -2.82319624711295 
-30.4 2.251284922678 -7.40775288816711 -15.1720486387277 -26.5489027413735 -28.5445431765947 -34.3616514363763 -10.7446888812621 -23.2000449163067 -36.4998327364146 -53.5004438325342 -76.4569853307532 -19.8834675910733 -23.0867928714933 -26.7351668594417 -64.3842907565153 -62.8165025544357 -67.4351564781657 -74.6613893776489 -83.4251399346551 -18.3680805883435 -16.5285994746039 -15.2522161711001 -3.12493306358808 -13.8628750003908 -20.7420497140263 -3.60207700519389 -15.4510149330856 -19.5887012724373 -2.8232058549393 
-30.2 2.24161199499722 -7.48275198784584 -15.097049539049 -26.4989045416778 -28.5695440765778 -34.4616514360381 -10.844685280651 -23.2250422160168 -36.4498309364461 -53.3754429328869 -76.2569853314272 -19.9334657904307 -23.061791971172 -26.6351668594417 -64.2842943577996 -62.7915052553987 -67.4851582788074 -74.7863902779694 -83.6251399346543 -18.3430805900094 -16.5785985759485 -15.1522170730872 -3.12493396523656 -13.7878768023614 -20.5920524163182 -3.60207430656993 -15.5260113341403 -19.7386967731708 -2.82321393918424 
-30 2.23193904888212 -7.55775123045519 -15.0220502964396 -26.4489060561745 -28.5945448336838 -34.5616514357535 -10.9446822516555 -23.250039944412 -36.3998294222319 -53.2504421760634 -76.0569853319943 -19.9834642756494 -23.0367912137813 -26.5351668594416 -64.1842973873614 -62.7665075275699 -67.5351597935879 -74.9113910353593 -83.8251399346535 -18.3180805916753 -16.6285978202237 -15.0522178321437 -3.12493472400891 -13.7128783185236 -20.442054689871 -3.60207203663095 -15.6010083068107 -19.8886929884505 -2.82322074102023 
-29.8 2.22226608726651 -7.63275059324789 -14.9470509336469 -26.3989073303496 -28.6195454706516 -34.661651435514 -11.0446797033018 -23.2750380332656 -36.3498281482928 -53.1254415393316 -75.8569853324698 -20.0334630012347 -23.011790576574 -26.4351668594416 -64.0842999361916 -62.7415094391927 -67.5851610680035 -75.0363916725675 -84.0251399346545 -18.2930805933411 -16.6785971846823 -14.9522184710168 -3.1249353626421 -13.637879594364 -20.2920566029197 -3.60207012715039 -15.6760057601228 -20.0386898045554 -2.82322646437668 
-29.6 2.21259311261038 -7.70775005715031 -14.8720514697445 -26.3489084023459 -28.6445460065503 -34.7616514353151 -11.1446775593132 -23.3000364253745 -36.2998270764993 -53.0004410036357 -75.6569853328715 -20.0834619290395 -22.9867900404764 -26.3351668594415 -63.9843020805829 -62.7165110474865 -67.6351621401996 -75.1613922086661 -84.2251399346555 -18.268080587786 -16.7285966430295 -14.8522190015593 -3.12493589298606 -13.5628806608056 -20.1420582054579 -3.60206851370416 -15.751003610579 -20.188687118914 -2.82323127305968 
-29.4 2.20292012697837 -7.78274960615422 -14.7970519207406 -26.2989093041683 -28.6695464573766 -34.8616514351454 -11.2446757556668 -23.3250350727242 -36.2498261748451 -52.8754405529776 -75.4569853332094 -20.1334610270473 -22.9617895894802 -26.2351668594415 -63.8843038845664 -62.6915124004739 -67.685163042191 -75.2863926596614 -84.4251399346547 -18.2430805894518 -16.7785961936993 -14.7522194542212 -3.12493634547786 -13.4878815642944 -19.9920595599428 -3.60206716271974 -15.8260018085985 -20.3386848659374 -2.8232353250878 
-29.2 2.19324713211508 -7.85774922673292 -14.7220523001619 -26.2489100628681 -28.6945468366551 -34.9616514350025 -11.344674238266 -23.3500339347448 -36.1998254162869 -52.7504401738407 -75.2569853334938 -20.1834602682046 -22.9367892100589 -26.1351668594414 -63.7843054022509 -62.666513538737 -67.7351638010329 -75.4113930390819 -84.6251399346539 -18.2180805911177 -16.8285958159439 -14.6522198353084 -3.1249367264226 -13.4128823246595 -19.8420606997292 -3.60206602640612 -15.9010002928636 -20.4886829707812 -2.82323873458256 
-29 2.18357412948899 -7.93274890750061 -14.6470526193942 -26.1989107012124 -28.7195471557671 -35.0616514348822 -11.4446729615744 -23.3750329772854 -36.1498247780599 -52.625439854846 -75.0569853337315 -20.23345962974 -22.9117888908265 -26.0351668594414 -63.6843066791811 -62.641514496435 -67.7851644394984 -75.5363933583152 -84.8251399346549 -18.1930805927835 -16.8785954983774 -14.5522201562065 -3.12493704720004 -13.3378829646693 -19.6920616589722 -3.60206507061267 -15.9759990178379 -20.6386813765231 -2.82324160369405 
-28.8 2.17390112032695 -8.0077486389448 -14.57205288795 -26.1489112382255 -28.7445474242243 -35.1616514347836 -11.5446718875527 -23.4000321718195 -36.0998242411498 -52.5004395864917 -74.856985333933 -20.2834590926283 -22.8867886222707 -25.9351668594413 -63.5843077534053 -62.6165153021034 -67.835164976611 -75.661393626872 -85.0251399346559 -18.1680805872284 -16.9285952242665 -14.4522204192072 -3.12493731010256 -13.2628834961276 -19.5420624589854 -3.60206425959158 -16.0509979382609 -20.7886800283904 -2.82324401055338 
-28.6 2.16422810567069 -8.08274841298841 -14.4970531139064 -26.0989116900525 -28.769547650095 -35.2616514346979 -11.6446709838984 -23.4250314941217 -36.0498237894083 -52.3754393607066 -74.6569853341043 -20.3334586407159 -22.8617883963147 -25.8351668594417 -63.4843086572283 -62.59151597997 -67.8851654285213 -75.7863938528258 -85.2251399346533 -18.1430805888942 -16.9785949999759 -14.3522206468294 -3.12493753763907 -13.1878839496205 -19.3920631384347 -3.6020635835596 -16.1259970362726 -20.9386789004456 -2.82324604209052 
-28.4 2.15455508638938 -8.15774822289239 -14.4220533040024 -26.0489120701727 -28.7945478401192 -35.361651434626 -11.7446702236553 -23.4500309239746 -35.9998234093573 -52.2504391707516 -74.4569853342453 -20.3834582605238 -22.8367882062186 -25.7351668594417 -63.3843094176134 -62.5665165502591 -67.9351658087143 -75.9113940429229 -85.4251399346543 -18.1180805905601 -17.0285948115458 -14.2522208385913 -3.12493772932865 -13.1128843314061 -19.2420637103172 -3.60206301507837 -16.2009962776953 -21.0886779517723 -2.82324775158196 
-28.2 2.14488206322039 -8.23274806293951 -14.3470534639553 -25.9989123900179 -28.8195480000115 -35.4616514345655 -11.8446695839622 -23.4750304442344 -35.9498230895699 -52.1254390109171 -74.2569853343637 -20.433457940618 -22.8117880462657 -25.6351668594416 -63.2843100574259 -62.5415170301186 -67.985166128621 -76.0363942028767 -85.6251399346553 -18.093080592226 -17.0785946532588 -14.1522210002101 -3.12493789088726 -13.0378846529176 -19.0920641917807 -3.60206253700402 -16.2759956396681 -21.2386771537922 -2.82324919034482 
-28 2.13520903677559 -8.30774792838572 -14.2720535985091 -25.9489126590771 -28.8445481345169 -35.5616514345171 -11.94466904585 -23.500030040676 -35.8998228205653 -52.0004388764663 -74.0569853344666 -20.4834576715104 -22.7867879117118 -25.5351668594416 -63.1843105956402 -62.5165174337792 -68.0351663977278 -76.1613943374297 -85.8251399346545 -18.0680805866708 -17.1285945131498 -14.0522211292087 -3.12493801983714 -12.9628849164221 -18.942064589839 -3.60206212789045 -16.3509950960007 -21.3886764755711 -2.8232503937328 
-27.8 2.12553600757897 -8.38274781516811 -14.1970537117267 -25.8989128854693 -28.8695482476915 -35.6616514344741 -12.0446685930648 -23.5250297011083 -35.8498225942153 -51.8754387633339 -73.8569853345518 -20.5334574450751 -22.7617877984942 -25.4351668594415 -63.0843110485099 -62.4915177734313 -68.0851666241623 -76.2863944506465 -86.0251399346537 -18.0430805883367 -17.1785944015981 -13.9522212440922 -3.12493813467801 -12.8878851444797 -18.7920649311143 -3.60206178998867 -16.4259946448814 -21.5386759112341 -2.82325141268811 
-27.6 2.11586297606355 -8.45774771992936 -14.1220538069655 -25.8489130759105 -28.894548342894 -35.7616514344378 -12.1446682121797 -23.550029415462 -35.7998224038077 -51.7504386681651 -73.6569853346218 -20.5834572545976 -22.7367877032554 -25.3351668594415 -62.9843114294659 -62.4665180591485 -68.1351668146407 -76.4113945458863 -86.2251399346547 -18.0180805900025 -17.2285943080252 -13.8522213409968 -3.1249382315459 -12.8128853365864 -18.6420652184605 -3.60206150600821 -16.5009942656621 -21.6886754367761 -2.82325227012792 
-27.4 2.10618994260271 -8.53274763977435 -14.0470538871205 -25.7989132361899 -28.9195484230184 -35.8616514344072 -12.2446678916183 -23.5750291750556 -35.7498222435563 -51.6254385880687 -73.4569853346804 -20.6334570942875 -22.7117876231003 -25.2351668594414 -62.8843117500869 -62.4415182996145 -68.1851669749517 -76.5363946260423 -86.4251399346557 -17.9930805916684 -17.278594229536 -13.7522214228177 -3.12493831333658 -12.7378854985321 -18.4920654605604 -3.6020612672677 -16.5759939467666 -21.8386750377256 -2.8232529920519 
-27.2 2.09651690750084 -8.6077475723432 -13.9720539545516 -25.7489133710264 -28.9445484904237 -35.9616514343813 -12.3446676219446 -23.6000289728131 -35.6998221087449 -51.5004385206885 -73.2569853347313 -20.6834569594252 -22.6867875556691 -25.1351668594414 -62.7843120198107 -62.4165185019072 -68.2351671098132 -76.6613946934726 -86.6251399346549 -17.9680805933342 -17.3285941637707 -13.6522214919147 -3.12493838240729 -12.6628856350348 -18.3420656644942 -3.60206106669102 -16.6509936787588 -21.9886747022866 -2.82325359964414 
-27 2.08684387101835 -8.68274751561663 -13.8970540112782 -25.6989134844604 -28.9695485471311 -36.0616514343622 -12.444667395083 -23.6250288026781 -35.6498219953365 -51.3754384640066 -73.056985334776 -20.733456845972 -22.6617874989425 -25.0351668594413 -62.6843122467162 -62.3915186720861 -68.2851672232656 -76.7863947501984 -86.8251399346541 -17.9430805877791 -17.378594101489 -13.5522215430861 -3.12493843356001 -12.5878857429132 -18.1920658290992 -3.60206089100083 -16.725993446342 -22.1386744131433 -2.82325410382033 
-26.8 2.07717083337802 -8.75774746786734 -13.8220540590275 -25.6489135799405 -28.9945485948619 -36.1616514343437 -12.5446672041203 -23.6500286594646 -35.5998218998723 -51.2504384162917 -72.8569853348104 -20.7834567504733 -22.6367874511932 -24.9351668594413 -62.5843124377143 -62.3665188153349 -68.3351673187652 -76.9113947979487 -87.0251399346551 -17.9180805894449 -17.4285940554056 -13.4522215925012 -3.12493848295625 -12.5128858400588 -18.0420659739949 -3.6020607494532 -16.8009932570451 -22.2886741760971 -2.82325453454758 
-26.6 2.06749779475872 -8.83274742770858 -13.7470540991862 -25.598913660242 -29.0195486350046 -36.2616514343277 -12.6446670435157 -23.6750285390187 -35.5498218195852 -51.1254383761634 -72.6569853348409 -20.8334566701562 -22.6117874110348 -24.8351668594417 -62.4843125983486 -62.3415189358105 -68.3851673990819 -77.0363948381066 -87.2251399346543 -17.8930805911108 -17.4785940169127 -13.3522216343259 -3.12493852476481 -12.437885922027 -17.892066096121 -3.60206063067322 -16.8759930981064 -22.4386739769996 -2.82325489704856 
-26.4 2.05782475532046 -8.90774739389956 -13.6720541329952 -25.5489137278467 -29.0445486688004 -36.3616514343144 -12.7446669083053 -23.7000284376174 -35.4998217519929 -51.0004383423801 -72.4569853348666 -20.8834566025381 -22.5867873772257 -24.7351668594416 -62.3843127335839 -62.3165190372367 -68.4351674666991 -77.1613948719149 -87.4251399346535 -17.8680805927767 -17.5285939847695 -13.2522216698007 -3.12493856022688 -12.3628859912972 -17.7420661992002 -3.60206053093775 -16.9509929645619 -22.5886738096461 -2.82325520247317 
-26.2 2.0481517151919 -8.98274736544285 -13.597054161452 -25.4989137847489 -29.0695486972459 -36.4616514343032 -12.8446667944984 -23.7250283522672 -35.4498216950994 -50.8754383139433 -72.2569853348865 -20.9334565456247 -22.561787348769 -24.6351668594416 -62.2843128474117 -62.2915191226078 -68.4851675236135 -77.2863949003726 -87.6251399346545 -17.8430805944425 -17.5785939579787 -13.1522216999233 -3.12493859033778 -12.2878860498648 -17.5920662862254 -3.60206044725342 -17.0259928524208 -22.7386736690483 -2.82325545977714 
-26 2.03847867448285 -9.05774734148695 -13.5220541854079 -25.4489138326539 -29.0945487211949 -36.5616514342964 -12.9446666986931 -23.7500282804178 -35.399821647206 -50.7504382900057 -72.0569853349049 -20.9834564977128 -22.536787324813 -24.5351668594415 -62.1843129432363 -62.2665191944765 -68.5351675715263 -77.4113949243294 -87.8251399346555 -17.8180805888874 -17.6285939284676 -13.0522217183241 -3.12493860873214 -12.212886092215 -17.4420663525307 -3.6020603698489 -17.1009927510604 -22.888673543732 -2.82325566938134 
-25.8 2.02880563328117 -9.13274732135063 -13.4470542055442 -25.3989138729185 -29.1195487413232 -36.6616514342883 -13.0446666181633 -23.7750282200243 -35.3498216069488 -50.6254382698849 -71.8569853349203 -21.0334564574401 -22.5117873046766 -24.4351668594415 -62.0843130237808 -62.2415192548847 -68.5851676117982 -77.536394944465 -88.0251399346547 -17.7930805905532 -17.6785939099971 -12.9522217401263 -3.12493863052578 -12.1378861341459 -17.2920664145979 -3.60206031112126 -17.1759926721965 -23.0386734447317 -2.82325585184723 
-25.6 2.01913259167159 -9.20774730437702 -13.3720542225178 -25.3489139068588 -29.1445487582899 -36.7616514342814 -13.144666550282 -23.8000281691166 -35.2998215730147 -50.5004382529244 -71.6569853349334 -21.0834564234929 -22.486787287703 -24.3351668594414 -61.9843130916744 -62.2165193058047 -68.6351676457446 -77.6613949614378 -88.2251399346539 -17.7680805922191 -17.7285938946894 -12.8522217587657 -3.12493864915877 -12.0628861697516 -17.1420664671772 -3.6020602618794 -17.250992605981 -23.1886733615426 -2.82325600585267 
-25.4 2.00945954971685 -9.28274729007957 -13.2970542368152 -25.2989139354505 -29.1695487725841 -36.8616514342782 -13.2446664931033 -23.8250281262354 -35.2498215444309 -50.375438238638 -71.4569853349445 -21.1334563948979 -22.4617872734055 -24.2351668594414 -61.8843131488652 -62.1915193486981 -68.6851676743405 -77.7863949757362 -88.4251399346549 -17.7430805866639 -17.7785938748368 -12.752221767508 -3.12493865789743 -11.9878861927877 -16.9920665045116 -3.60206021344302 -17.3259925432472 -23.3386732845114 -2.82325612853396 
-25.2 1.99978650747344 -9.35774727802035 -13.2220542488745 -25.2489139595639 -29.1945487846383 -36.9616514342731 -13.3446664448741 -23.8500280900654 -35.1998215203201 -50.2504382265865 -71.2569853349522 -21.1834563707794 -22.4367872613462 -24.1351668594413 -61.7843131971031 -62.1665193848767 -68.7351676984599 -77.9113949877964 -88.6251399346559 -17.7180805883298 -17.8285938644434 -12.6522217812332 -3.1249386716179 -11.9128862185674 -16.8420665423497 -3.60206017893884 -17.4009924966838 -23.4886732258887 -2.82325623827437 
-25 1.99011346498528 -9.43274726785876 -13.1470542590361 -25.1989139798827 -29.2195487947955 -37.0616514342688 -13.4446664042357 -23.8750280595886 -35.1498215000049 -50.1254382164329 -71.0569853349602 -21.2334563504562 -22.4117872511846 -24.0351668594413 -61.6843132377487 -62.1415194153607 -68.7851677187823 -78.0363949979572 -88.8251399346551 -17.6930805899956 -17.8785938559477 -12.5522217930606 -3.12493868344057 -11.8378862405525 -16.6920665744964 -3.60206015012792 -17.4759924577112 -23.6386731767546 -2.8232563308882 
-24.8 1.98044042229317 -9.50774725927853 -13.0720542676163 -25.148913997039 -29.2445488033716 -37.1616514342646 -13.5446663699216 -23.9000280338547 -35.0998214828512 -50.0004382078594 -70.856985334967 -21.2834563332961 -22.3867872426047 -23.9351668594417 -61.5843132720688 -62.1165194411006 -68.835167735942 -78.1613950065367 -89.0251399346543 -17.6680805916615 -17.9285938490333 -12.4522218033067 -3.12493869368248 -11.7628862593738 -16.5420666018988 -3.60206012605989 -17.550992425063 -23.7886731355261 -2.82325640921245 
-24.6 1.97076737942848 -9.58274725203637 -12.9970542748584 -25.0989140115201 -29.2695488106105 -37.2616514342614 -13.644666340957 -23.9250280121323 -35.0498214683709 -49.8754382006213 -70.656985334971 -21.3334563188117 -22.3617872353625 -23.8351668594416 -61.4843133010384 -62.0915194628281 -68.8851677504273 -78.2863950137798 -89.2251399346553 -17.6430805933274 -17.978593843457 -12.3522218122148 -3.12493870258772 -11.6878862755212 -16.3920666252875 -3.6020601060033 -17.6259923977642 -23.9386731009852 -2.82325647542561 
-24.4 1.96109433642259 -9.657747245889 -12.9220542810058 -25.0489140238147 -29.2945488167578 -37.3616514342613 -13.7446663163743 -23.9500279936969 -34.999821456083 -49.7504381944807 -70.4569853349778 -21.383456306517 -22.3367872292151 -23.7351668594416 -61.3843133256271 -62.0665194812694 -68.9351677627212 -78.4113950199264 -89.4251399346545 -17.6180805877722 -18.0285938317545 -12.2522218128071 -3.1249387031794 -11.6128862822611 -16.2420666381748 -3.60206008201283 -17.7009923676264 -24.0886730647 -2.8232565244574 
-24.2 1.95142129329433 -9.73274724069045 -12.8470542862044 -24.9989140342094 -29.3195488219539 -37.4616514342589 -13.8446662955844 -23.9750279781056 -34.9498214456902 -49.6254381892864 -70.2569853349821 -21.4334562961198 -22.3117872240165 -23.6351668594415 -61.2843133464205 -62.0415194968642 -68.9851677731176 -78.5363950251242 -89.6251399346537 -17.5930805894381 -18.0785938282218 -12.1522218196715 -3.12493871004183 -11.5378862943212 -16.0920666554334 -3.6020600680873 -17.7759923485023 -24.2386730403774 -2.8232565720633 
-24 1.9417482500688 -9.80774723624608 -12.7720542906487 -24.948914043096 -29.3445488263962 -37.5616514342567 -13.9446662778088 -24.0000279647744 -34.8998214368034 -49.500438184844 -70.056985334984 -21.483456287231 -22.2867872195721 -23.5351668594415 -61.184313364199 -62.0165195101983 -69.0351677820073 -78.6613950295695 -89.8251399346547 -17.5680805911039 -18.1285938254433 -12.0522218257818 -3.12493871614949 -11.4628863048732 -15.9420666704307 -3.60206005642199 -17.8509923323927 -24.3886730198234 -2.82325661273999 
-23.8 1.93207520675855 -9.88274723245859 -12.6970542944362 -24.8989140506691 -29.3695488301818 -37.6616514342549 -14.0446662626603 -24.0250279534133 -34.8498214292298 -49.3754381810579 -69.8569853349854 -21.533456279656 -22.2617872157846 -23.4351668594414 -61.0843133793499 -61.9915195215618 -69.0851677895832 -78.786395033358 -90.0251399346556 -17.5430805927698 -18.1785938233216 -11.9522218312353 -3.12493872160142 -11.3878863141127 -15.7920666834567 -3.60206004672682 -17.92599231891 -24.5386730025532 -2.82325664733552 
-23.6 1.92240216338241 -9.957747229182 -12.6220542977128 -24.8489140572207 -29.3945488334568 -37.7616514342532 -14.1446662495567 -24.0500279435864 -34.7998214226795 -49.2504381777842 -69.6569853349883 -21.5834562731028 -22.2367872125079 -23.3351668594414 -60.9843133924555 -61.9665195313908 -69.1351677961356 -78.9113950366338 -90.2251399346549 -17.5180805944356 -18.2285938217109 -11.8522218361779 -3.1249387265418 -11.3128863223305 -15.6420666949512 -3.60206003856573 -18.0009923074723 -24.6886729878389 -2.8232566771196 
-23.4 1.91272911995293 -10.032747226319 -12.5470543005758 -24.7989140629452 -29.4195488363183 -37.8616514342518 -14.2446662381073 -24.0750279349999 -34.749821416956 -49.1254381749237 -69.4569853349908 -21.6334562673767 -22.2117872096449 -23.2351668594413 -60.8843134039067 -61.941519539979 -69.1851678018609 -79.036395039496 -90.4251399346541 -17.4930805961015 -18.2785938205138 -11.7522218407069 -3.12493873106965 -11.2378863297205 -15.4920667052041 -3.60206003164511 -18.0759922976887 -24.8386729751923 -2.82325670293521 
-23.2 1.90305607647952 -10.1077472237966 -12.4720543030982 -24.7489140679888 -29.4445488388394 -37.9616514342505 -14.3446662280181 -24.1000279274332 -34.6998214119116 -49.0004381724018 -69.2569853349913 -21.6834562623318 -22.1867872071224 -23.1351668594413 -60.7843134139973 -61.9165195475472 -69.2351678069066 -79.1613950420194 -90.6251399346551 -17.4680805977674 -18.3285938196572 -11.6522218448953 -3.12493873525619 -11.1628863364294 -15.3420667144364 -3.60206002574424 -18.1509922892654 -24.9886729642466 -2.82325672538997 
-23 1.89338303297473 -10.1827472215175 -12.3970543053773 -24.6989140725481 -29.4695488411197 -38.0616514342516 -14.4446662189055 -24.1250279205997 -34.6498214073573 -48.8754381701266 -69.0569853349951 -21.733456257774 -22.1617872048437 -23.0351668594417 -60.684313423113 -61.8915195543838 -69.2851678114641 -79.2863950442977 -90.8251399346543 -17.4430805922122 -18.3785938118229 -11.5522218416196 -3.12493873198127 -11.0878863354345 -15.1920667157197 -3.60206001335559 -18.2259922745976 -25.1386729472997 -2.82325673806983 
-22.8 1.8837099894417 -10.2577472194573 -12.3220543074375 -24.6489140766674 -29.4945488431788 -38.1616514342506 -14.5446662106668 -24.1500279144211 -34.5998214032389 -48.7504381680683 -68.8569853349971 -21.7834562536536 -22.1367872027835 -22.9351668594416 -60.5843134313529 -61.8665195605634 -69.3351678155836 -79.4113950463571 -91.0251399346535 -17.4180805938781 -18.4285938114286 -11.4522218453459 -3.12493873570671 -11.0128863412192 -15.0420667235646 -3.6020600088429 -18.3009922680248 -25.2886729386667 -2.823256755587 
-22.6 1.87403694589298 -10.3327472175188 -12.247054309376 -24.5989140805436 -29.5195488451164 -38.2616514342497 -14.6446662029128 -24.1750279086057 -34.5498213993619 -48.6254381661298 -68.6569853349971 -21.8334562497765 -22.1117872008449 -22.8351668594416 -60.4843134391079 -61.84151956638 -69.3851678194616 -79.5363950482966 -91.2251399346545 -17.3930805955439 -18.478593811156 -11.3522218489507 -3.12493873930974 -10.9378863467608 -14.8920667310455 -3.60206000469326 -18.3759922619366 -25.43867293064 -2.8232567715076 
-22.4 1.86436390233798 -10.4077472156289 -12.1720543112659 -24.5489140843225 -29.5445488470055 -38.3616514342489 -14.7446661953534 -24.2000279029361 -34.4998213955822 -48.50043816424 -68.4569853349972 -21.8834562459968 -22.086787198955 -22.7351668594415 -60.3843134466683 -61.8165195720505 -69.4351678232423 -79.6613950501874 -91.4251399346554 -17.3680805972098 -18.528593810932 -11.2522218525069 -3.12493874286509 -10.862886352206 -14.7420667383797 -3.60206000068955 -18.4509922560431 -25.5886729228566 -2.82325678639451 
-22.2 1.85469085877985 -10.4827472137634 -12.0970543131314 -24.4989140880528 -29.5695488488703 -38.4616514342482 -14.844666187893 -24.2250278973413 -34.4498213918529 -48.3754381623762 -68.2569853349989 -21.9334562422657 -22.0617871970894 -22.6351668594415 -60.2843134541297 -61.7915195776463 -69.4851678269726 -79.7863950520522 -91.6251399346547 -17.3430805988756 -18.5785938107323 -11.1522218560389 -3.12493874639532 -10.7878863576026 -14.5920667456419 -3.6020599967606 -18.5259922502486 -25.7386729151966 -2.82325680034434 
-22 1.84501781523113 -10.5577472118249 -12.0220543150699 -24.4489140919292 -29.5945488508082 -38.5616514342475 -14.9446661801408 -24.2500278915275 -34.3998213879777 -48.2504381604395 -68.0569853350007 -21.9834562383886 -22.0367871951509 -22.5351668594415 -60.184313461883 -61.7665195834611 -69.5351678308489 -79.9113950539899 -91.8251399346539 -17.3180806005415 -18.6285938104597 -11.0522218596441 -3.12493874999951 -10.7128863631445 -14.4420667531222 -3.60205999261271 -18.6009922441622 -25.8886729071717 -2.82325681410673 
-21.8 1.83534477169496 -10.632747209789 -11.9470543171058 -24.3989140960003 -29.6195488528435 -38.661651434247 -15.0446661719976 -24.2750278854202 -34.3498213839062 -48.1254381584038 -67.8569853350009 -22.0334562343169 -22.011787193115 -22.4351668594414 -60.0843134700273 -61.7415195895696 -69.5851678349215 -80.0363950560267 -92.0251399346548 -17.2930806022074 -18.6785938100897 -10.9522218633468 -3.12493875370021 -10.637886368881 -14.2920667608955 -3.60205998817121 -18.6759922376848 -26.0386728986585 -2.82325682773914 
-21.6 1.82567172818704 -10.7077472075343 -11.8720543193606 -24.3489141005067 -29.6445488550951 -38.7616514342438 -15.1446661629769 -24.3000278786543 -34.2998213793951 -48.0004381561475 -67.6569853349994 -22.0834562298072 -21.9867871908601 -22.3351668594414 -59.9843134790474 -61.7165195963349 -69.6351678394321 -80.1613950582825 -92.2251399346558 -17.2680806110942 -18.7285938167218 -10.8522218744897 -3.12493876483913 -10.5628863822747 -14.1420667765431 -3.6020599902922 -18.750992237551 -26.1886728962699 -2.8232568493745 
-21.4 1.81599868471048 -10.7827472050362 -11.7970543218586 -24.2989141055025 -29.6695488575927 -38.8616514342434 -15.2446661529868 -24.3250278711623 -34.2498213744012 -47.8754381536517 -67.4569853350016 -22.133456224811 -21.961787188362 -22.2351668594413 -59.8843134890389 -61.6915196038284 -69.6851678444274 -80.2863950607798 -92.425139934655 -17.2430806127601 -18.7785938158895 -10.7522218786552 -3.12493876900223 -10.4878863889368 -13.9920667857032 -3.60205998446607 -18.8259922292268 -26.3386728854476 -2.82325686454238 
-21.2 1.806325641281 -10.8577472021732 -11.7220543247216 -24.2489141112277 -29.694548860455 -38.9616514342427 -15.3446661415373 -24.3500278625758 -34.1998213686777 -47.7504381507912 -67.2569853350041 -22.1834562190854 -21.9367871854994 -22.1351668594417 -59.7843135004902 -61.6665196124166 -69.7351678501527 -80.411395063642 -92.6251399346543 -17.218080614426 -18.8285938146924 -10.6522218831861 -3.12493877353034 -10.412886396327 -13.8420667959573 -3.60205997754542 -18.9009922194432 -26.488672872801 -2.82325688130158 
-21 1.79665259791113 -10.9327471988479 -11.6470543280469 -24.1989141178753 -29.7195488637773 -39.0616514342397 -15.4446661282356 -24.3750278525993 -34.1498213620265 -47.6254381474653 -67.0569853350034 -22.2334562124349 -21.9117871821741 -22.0351668594417 -59.6843135137922 -61.6415196223933 -69.7851678568041 -80.5363950669682 -92.8251399346552 -17.1930806233128 -18.878593820254 -10.5522218954007 -3.12493878573995 -10.3378864118619 -13.6920668148166 -3.60205997645585 -18.9759922150284 -26.6386728650609 -2.82325690744214 
-20.8 1.78697955461344 -11.0077471949631 -11.5720543319317 -24.148914125642 -29.7445488676592 -39.1616514342368 -15.5446661126979 -24.4000278409464 -34.0998213542583 -47.5004381435819 -66.8569853350049 -22.2834562046652 -21.8867871782893 -21.9351668594416 -59.5843135293306 -61.616519634047 -69.835167864573 -80.6613950708523 -93.0251399346545 -17.1680806321997 -18.9285938252561 -10.4522219081755 -3.12493879850833 -10.2628864285159 -13.5420668353554 -3.60205997368978 -19.0509922083775 -26.7886728545252 -2.82325693621951 
-20.6 1.77730651140987 -11.0827471903485 -11.4970543365464 -24.0989141348686 -29.7695488722711 -39.2616514342341 -15.6446660942412 -24.4250278271044 -34.049821345031 -47.3754381389693 -66.6569853350069 -22.3334561954358 -21.8617871736745 -21.8351668594416 -59.4843135477885 -61.5915196478902 -69.8851678738015 -80.7863950754661 -93.2251399346537 -17.1430806410866 -18.9785938295283 -10.352221921681 -3.12493881200753 -10.1878864466289 -13.3920668580831 -3.60205996873469 -19.1259921988077 -26.9386728403408 -2.82325696872279 
-20.4 1.76763346831926 -11.157747184858 -11.4220543420369 -24.0489141458469 -29.7945488777589 -39.3616514342314 -15.7446660722801 -24.4500278106338 -33.9998213340509 -47.2504381334797 -66.4569853350078 -22.3834561844548 -21.836787168184 -21.7351668594415 -59.3843135697514 -61.5665196643627 -69.9351678847835 -80.9113950809576 -93.4251399346547 -17.1180806499734 -19.0285938329247 -10.2522219360634 -3.12493882638179 -10.1128864664937 -13.2420668834392 -3.60205996115098 -19.2009921857335 -27.0886728217761 -2.82325700572677 
-20.2 1.75796042536986 -11.2327471782727 -11.3470543486221 -23.9989141590149 -29.8195488843416 -39.4616514342288 -15.8446660459408 -24.4750277908797 -33.9498213208821 -47.1254381268962 -66.2569853350096 -22.4334561712842 -21.8117871615987 -21.6351668594415 -59.2843135960935 -61.5415196841195 -69.985167897955 -81.0363950875439 -93.6251399346556 -17.0930806588603 -19.0785938352263 -10.1522219515418 -3.12493884185179 -10.037886488549 -13.0920669120789 -3.60205995028375 -19.275992168281 -27.2386727977383 -2.82325704856286 
-20 1.74828738259303 -11.3077471703493 -11.2720543565455 -23.9489141748564 -29.8445488922598 -39.5616514342236 -15.94466601425 -24.5000277671124 -33.8998213050381 -47.0004381189755 -66.0569853350123 -22.4834561554374 -21.7867871536753 -21.5351668594414 -59.1843136277862 -61.5165197078888 -70.035167913801 -81.1613950954664 -93.8251399346548 -17.0680806749682 -19.1285938434108 -10.052221975581 -3.12493886587739 -9.96288652049879 -12.9420669519521 -3.60205994262426 -19.3509921526982 -27.3886727742321 -2.82325710587851 
-19.8 1.73861434002329 -11.3827471608203 -11.1970543660745 -23.8989141939094 -29.8695489017837 -39.6616514342185 -16.0446659761378 -24.5250277385291 -33.8498212859839 -46.8754381094504 -65.8569853350162 -22.5334561363793 -21.7617871441462 -21.4351668594414 -59.0843136659016 -61.4915197364751 -70.0851679328583 -81.2863951049947 -94.0251399346541 -17.0430806910761 -19.1785938499896 -9.95222200122792 -3.12493889150967 -9.88788655565923 -12.7920669966416 -3.60205993014892 -19.4259921306938 -27.5386727426987 -2.82325717195775 
-19.6 1.72894129771712 -11.4577471492476 -11.1220543776472 -23.848914217047 -29.8945489133487 -39.7616514342108 -16.144665929849 -24.5500277038131 -33.7998212628405 -46.7504380978796 -65.656985335018 -22.5834561132339 -21.7367871325735 -21.3351668594413 -58.9843137121932 -61.4665197711941 -70.1351679560046 -81.4113951165683 -94.225139934655 -17.018080714405 -19.2285938617459 -9.85222203614203 -3.12493892640306 -9.81288660212527 -12.6420670546812 -3.60205991876174 -19.5009921077339 -27.6886727081662 -2.82325725688849 
-19.4 1.71926825572159 -11.5327471352664 -11.0470543916284 -23.7989142449985 -29.9195489273191 -39.8616514342 -16.2446658739279 -24.5750276618731 -33.7498212348818 -46.625438083902 -65.4569853350217 -22.633456085272 -21.7117871185927 -21.2351668594417 -58.8843137681171 -61.4415198131368 -70.1851679839661 -81.5363951305487 -94.4251399346542 -16.9930807449549 -19.2785938783146 -9.75222208068893 -3.12493897092338 -9.73788666062766 -12.4920671271639 -3.60205990737175 -19.5759920823628 -27.8386726688138 -2.82325736266712 
-19.2 1.70959521411514 -11.6077471182685 -10.9720544086263 -23.7489142789814 -29.944548944304 -39.961651434187 -16.3446658059403 -24.6000276108834 -33.69982120089 -46.5004380669082 -65.2569853350258 -22.683456051276 -21.6867871015947 -21.1351668594417 -58.7843138361081 -61.4165198641298 -70.2351680179612 -81.6613951475459 -94.6251399346535 -16.9680807827259 -19.3285938990876 -9.65222213547769 -3.12493902567971 -9.66288673238104 -12.3420672159152 -3.60205989415298 -19.6509920521461 -27.9886726215992 -2.82325749324398 
-19 1.69992217297622 -11.6827470976456 -10.8970544292492 -23.6989143202116 -29.9695489649113 -40.0616514341714 -16.444665723452 -24.625027549018 -33.6498211596475 -46.3754380462886 -65.056985335029 -22.7334560100302 -21.6617870809718 -21.0351668594416 -58.6843139186006 -61.3915199259995 -70.285168059208 -81.7863951681697 -94.8251399346544 -16.9430808277178 -19.3785939234567 -9.55222220111757 -3.12493909127849 -9.58788681860271 -12.1920673227606 -3.60205987727949 -19.7259920146497 -28.1386725634799 -2.82325765227008 
-18.8 1.69024913241778 -11.7577470725219 -10.8220544543729 -23.6489143704407 -29.9945489900167 -40.1616514341531 -16.544665622962 -24.6500274736518 -33.5998211094049 -46.2504380211697 -64.8569853350338 -22.7834559597828 -21.636787055848 -20.9351668594416 -58.5843140190963 -61.3665200013715 -70.3351681094563 -81.9113951932944 -95.0251399346554 -16.9180808799308 -19.428593950546 -9.45222227848575 -3.12493916859726 -9.51288692104517 -12.0420674503259 -3.6020598541262 -19.8009919663727 -28.2886724900793 -2.82325784545665 
-18.6 1.68057609256848 -11.8327470419 -10.7470544849948 -23.5989144316608 -30.0195490206148 -40.2616514341293 -16.6446655004813 -24.675027381793 -33.5498210481681 -46.1254379905548 -64.6569853350409 -22.8334558985388 -21.611787025226 -20.8351668594415 -58.4843141415834 -61.3415200932366 -70.3851681706994 -82.0363952239156 -95.2251399346546 -16.8930809465858 -19.478593986579 -9.3522223758024 -3.12493926584998 -9.43788704892073 -11.8920676088234 -3.60205982892242 -19.875991910547 -28.4386724036316 -2.82325808640972 
-18.4 1.67090305358206 -11.9077470045876 -10.6720545223072 -23.5489145062588 -30.0445490579006 -40.3616514341027 -16.7446653512423 -24.7000272698663 -33.4998209735537 -46.0004379532528 -64.4569853350512 -22.8834558239141 -21.5867869879136 -20.7351668594415 -58.3843142908319 -61.3165202051728 -70.4351682453233 -82.1613952612271 -95.4251399346538 -16.8680810204618 -19.5285940231427 -9.2522224870407 -3.12493937701216 -9.36288719739435 -11.7420677946093 -3.60205979087175 -19.950991835184 -28.5886722909562 -2.82325837554816 
-18.2 1.66123001566248 -11.9827469590036 -10.5970545678912 -23.4989145973893 -30.0695491034469 -40.461651434065 -16.8446651689136 -24.7250271331217 -33.4498208823931 -45.8754379076763 -64.2569853350587 -22.933455732746 -21.5617869423295 -20.6351668594414 -58.2843144731691 -61.2915203419259 -70.4851683364924 -82.2863953068121 -95.6251399346548 -16.8430811232218 -19.5785940803187 -9.15222263544773 -3.12493952531816 -9.28788739128441 -11.5920680340843 -3.60205975688719 -20.0259917556154 -28.7386721658036 -2.82325874509232 
-18 1.65155697905134 -12.0577469032745 -10.5220546236203 -23.4489147088039 -30.0945491591325 -40.5616514340215 -16.9446649460088 -24.7500269659459 -33.3998207709465 -45.7504378519587 -64.0569853350703 -22.9834556212878 -21.5367868866004 -20.5351668594414 -58.1843146960864 -61.2665205091141 -70.5351684479515 -82.4113953625422 -95.8251399346558 -16.8180812404239 -19.6285941417917 -9.05222280845811 -3.12493969820631 -9.21288761990163 -11.4420683184297 -3.60205970691356 -20.1009916499126 -28.8886720043718 -2.82325919303602 
-17.8 1.64188394404359 -12.1327468351135 -10.4470546917813 -23.3989148450684 -30.1195492272359 -40.6616514339639 -17.0446646733784 -24.7750267614765 -33.349820634638 -45.6254377838113 -63.8569853350838 -23.0334554849657 -21.5117868184394 -20.4351668594413 -58.0843149687296 -61.2415207135964 -70.5851685842728 -82.5363954307024 -96.025139934655 -16.7930813937311 -19.6785942269379 -8.952223030026 -3.12493991961644 -9.13788790947365 -11.2920686761628 -3.60205965575128 -20.1759915305894 -29.0386718168875 -2.82325975635374 
-17.6 1.63221091101577 -12.2077467516011 -10.3720547752937 -23.3489150120206 -30.1445493106758 -40.7616514338915 -17.144664339345 -24.8000265109555 -33.2998204676294 -45.500437700315 -63.6569853350999 -23.0834553179414 -21.4867867349274 -20.3351668594417 -57.9843153027783 -61.2165209641327 -70.6351687512967 -82.661395514214 -96.2251399346542 -16.7680815831433 -19.7285943328378 -8.85222330307614 -3.12494019246857 -9.06288826583726 -11.1420691160396 -3.6020595946425 -20.2509913859682 -29.188671588754 -2.82326045500063 
-17.4 1.62253788041971 -12.2827466492341 -10.2970548776607 -23.2989152166678 -30.169549412956 -40.8616514338046 -17.2446639298962 -24.8250262038738 -33.2498202629147 -45.3754375979673 -63.4569853351193 -23.1334551132072 -21.4617866325603 -20.2351668594417 -57.8843157122474 -61.1915212712348 -70.6851689560318 -82.786395616582 -96.4251399346552 -16.7430818086607 -19.778594455988 -8.75222363111853 -3.12494052026652 -8.98788869600226 -10.9920696485708 -3.60205951307811 -20.3259912020368 -29.3386713024555 -2.82326131292311 
-17.2 1.61286485283276 -12.3577465235359 -10.2220550033589 -23.2489154679539 -30.1945495385439 -40.9616514336943 -17.3446634271277 -24.8500258268035 -33.1998200115426 -45.2504374722934 -63.2569853351436 -23.1834548618108 -21.4367865068621 -20.1351668594416 -57.7843162150394 -61.1665216483285 -70.7351692074273 -82.9113957422794 -96.6251399346544 -16.7180820919461 -19.8285946135753 -8.65222404030109 -3.12494092913938 -8.91288923057417 -10.8420703088409 -3.60205941929325 -20.4009909825537 -29.4886709572743 -2.82326238295896 
-17 1.60319182895464 -12.4327463690813 -10.1470551578135 -23.1989157767232 -30.2195496928586 -41.0616514335544 -17.4446628093371 -24.8750253634674 -33.1498197026611 -45.1254373178665 -63.0569853351713 -23.2334545529016 -21.4117863524074 -20.0351668594416 -57.684316832857 -61.1415221116916 -70.7851695163358 -83.0363958967333 -96.8251399346536 -16.6930824474417 -19.8785948146163 -8.55222455050174 -3.12494143895014 -8.83788989483866 -10.69207112756 -3.60205931145278 -20.4759907202587 -29.6386705405246 -2.82326371742069 
-16.8 1.59351880966078 -12.5077461790826 -10.0720553478122 -23.1489161565449 -30.2445498826816 -41.1616514333787 -17.5446620493732 -24.9000247935023 -33.0998193226947 -45.0004371278988 -62.8569853352023 -23.2834541729041 -21.3867861624087 -19.9351668594415 -57.5843175928528 -61.1165226816887 -70.8351698963342 -83.1613960867329 -97.0251399346546 -16.6680828895895 -19.9285950667653 -8.45222518296352 -3.12494207092044 -8.76289071680767 -10.5420721395286 -3.60205918363541 -20.5509904024426 -29.7886700327098 -2.8232653786026 
-16.6 1.58384579605254 -12.5827459450005 -9.99705558189436 -23.098916624491 -30.2695501165455 -41.2616514331605 -17.6446611130834 -24.9250240912946 -33.0498188545692 -44.8754368938554 -62.6569853352411 -23.3334537047397 -21.3617859283265 -19.8351668594415 -57.4843185291824 -61.0915233839361 -70.8851703644994 -83.2863963208161 -97.2251399346556 -16.6430834328314 -19.9785953759252 -8.35222596068459 -3.1249428480268 -8.68789172799618 -10.3920733847984 -3.60205902466969 -20.6259900093947 -29.9386694055798 -2.82326744179055 
-16.4 1.57417278947914 -12.6577456563735 -9.92205587052127 -23.0489172014718 -30.2945504048994 -41.3616514328874 -17.7446599586247 -24.9500232254628 -32.9998182773643 -44.7504366052775 -62.45698533529 -23.3834531274859 -21.3367856396995 -19.7351668594414 -57.3843196836893 -61.0665242498161 -70.9351709417525 -83.4113966094422 -97.4251399346548 -16.6180841060517 -20.0285957605185 -8.25222692303147 -3.12494380960048 -8.61289297819766 -10.2420749236267 -3.60205883205815 -20.7009895281563 -30.0886686357144 -2.82327001059792 
-16.2 1.56449979165068 -12.7327452999428 -9.84705622695204 -22.9989179139899 -30.3195507609868 -41.461651432544 -17.8446585329599 -24.9750221562288 -32.949817564561 -44.625436248905 -62.2569853353483 -23.4334524146243 -21.3117852832687 -19.6351668594414 -57.2843211094115 -61.0415253191076 -70.9851716546132 -83.5363969658722 -97.625139934654 -16.5930849453553 -20.0785962433913 -8.15222811939493 -3.12494500499186 -8.53789453001892 -10.0920768318788 -3.60205860212772 -20.7759889417951 -30.2386676929225 -2.82327321684068 
-16 1.55482680468513 -12.8077448592864 -9.77205666760846 -22.9489187948729 -30.3445512012133 -41.5616514321142 -17.9446567704033 -25.0000208343286 -32.8998166833174 -44.5004358083177 -62.0569853354174 -23.4834515333114 -21.2867848426122 -19.5351668594413 -57.1843228720382 -61.0165266410778 -71.0351725359271 -83.6613974065296 -97.825139934655 -16.5680859868473 -20.1285968442269 -8.05222960233535 -3.12494648670997 -8.46289645239345 -9.94207919491061 -3.60205832171959 -20.8509882207305 -30.3886665312015 -2.82327721554351 
-15.8 1.54515383125272 -12.8827443137006 -9.6970572131942 -22.8989198855026 -30.3695517462573 -41.6616514315724 -18.044654588145 -25.025019197656 -32.8498155922305 -44.3754352628166 -61.8569853355021 -23.5334504421403 -21.2617842970269 -19.4351668594417 -57.0843250543804 -60.9915282778343 -71.0851736270977 -83.7863979521145 -98.0251399346542 -16.5430872882958 -20.1785976000897 -7.95223145036668 -3.12494833320244 -8.38789884447254 -9.79208213257456 -3.60205798649552 -20.9259873399207 -30.538665104806 -2.82328221538918 
-15.6 1.53548087469517 -12.9577436372756 -9.62205788961922 -22.8489212376738 -30.3945524220035 -41.7616514308936 -18.1446518825482 -25.0500171684843 -32.7998142394837 -44.2504345864949 -61.6569853356054 -23.5834490892902 -21.2367836206018 -19.3351668594417 -56.9843277600797 -60.9665303071086 -71.135174979947 -83.9113986285388 -98.2251399346534 -16.518088907469 -20.2285985428378 -7.8522337472201 -3.12495062812233 -8.31290181581658 -9.64208578034362 -3.60205757649694 -21.0009862534971 -30.6886633419573 -2.82328846367943 
-15.4 1.52580793921707 -13.0327427974109 -9.54705872948388 -22.7989229165517 -30.4195532610167 -41.8616514300421 -18.2446485232144 -25.0750146490151 -32.7498125598793 -44.1254337467551 -61.4569853357302 -23.6334474095608 -21.2117827807371 -19.2351668594416 -56.8843311195393 -60.9415328267035 -71.1851766596773 -84.0363994684044 -98.4251399346544 -16.493090923798 -20.2785997193022 -7.75223660499397 -3.12495348346412 -8.23790551102303 -9.49209031541562 -3.60205707335681 -21.0759849104923 -30.8386611590879 -2.82329627915693 
-15.2 1.51613503012436 -13.107741752967 -9.47205977392786 -22.748925004368 -30.444554304389 -41.9616514289704 -18.3446443455904 -25.1000115158351 -32.6998104711432 -44.000432702463 -61.2569853358821 -23.6834453206728 -21.1867817362931 -19.1351668594416 -56.7843352973162 -60.9165359600364 -71.2351787485662 -84.1614005128494 -98.6251399346554 -16.468093445598 -20.3286011966583 -7.65224017322732 -3.12495704863686 -8.16291012063975 -9.34209596947543 -3.60205646197683 -21.1509832546683 -30.9886584588199 -2.82330607300983 
-15 1.50646215411302 -13.1827404520264 -9.39706107486843 -22.6989276049021 -30.4695556039826 -42.0616514276235 -18.4446391420171 -25.1250076132024 -32.6498078694511 -43.8754314017114 -61.0569853360711 -23.7334427187917 -21.1617804353524 -19.0351668594415 -56.6843405010777 -60.8915398628573 -71.2851813504466 -84.2864018137891 -98.8251399346546 -16.4430965956264 -20.378603045746 -7.55224462670058 -3.12496149825836 -8.08791587120269 -9.19210302097893 -3.60205570937246 -21.2259812011234 -31.1386551043344 -2.82331835075822 
-14.8 1.49678931966755 -13.2577388288047 -9.32206269809015 -22.6489308496497 -30.4945572255085 -42.1616514259276 -18.5446326493624 -25.1500027437694 -32.5998046232397 -43.7504297787218 -60.8569853363032 -23.7834394723482 -21.1367788121307 -18.9351668594415 -56.5843469939638 -60.8665447325217 -71.3351845968892 -84.4114034370101 -99.0251399346538 -16.4181005399664 -20.4286053668643 -7.45225019741502 -3.12496706412466 -8.01292306028984 -9.0421118332878 -3.6020547842794 -21.3009786528086 -31.2886509327979 -2.82333376397272 
-14.6 1.48711653755672 -13.332736799806 -9.24706472708883 -22.5989349055176 -30.5195592523777 -42.2616514237982 -18.6446245336568 -25.1749966570625 -32.5498005655316 -43.6254277500123 -60.6569853365924 -23.8334354143508 -21.1117767831319 -18.8351668594414 -56.4843551099595 -60.8415508195187 -71.3851886548876 -84.5364054660097 -99.2251399346548 -16.3931054663644 -20.4786082642636 -7.35225715678064 -3.12497401739144 -7.93793204255529 -8.89212284455283 -3.60205362397052 -21.3759754635011 -31.4386457144917 -2.82335311644626 
-14.4 1.4774438214894 -13.4077342587386 -9.17206726815619 -22.5489399849736 -30.5445617907663 -42.3616514211194 -18.7446143697501 -25.1999890342231 -32.4997954837596 -43.5004252093077 -60.4569853369551 -23.883430332216 -21.0867742420645 -18.7351668594414 -56.3843652742299 -60.8165584427218 -71.4351937370233 -84.6614080070781 -99.4251399346558 -16.3681116347769 -20.5286118916088 -7.25226587125698 -3.12498272419305 -7.86294329042426 -8.74213663348827 -3.60205216954373 -21.4509714680069 -31.5886391779302 -2.82337745154388 
-14.2 1.46777118895543 -13.4827310699949 -9.09707045689993 -22.4989463590856 -30.5695649761346 -42.461651417744 -18.8446016152319 -25.2249794684486 -32.4497891067288 -43.3754220210206 -60.2569853374118 -23.9334239547285 -21.0617710533207 -18.6351668594413 -56.2843780292041 -60.7915680089522 -71.48520011451 -84.786411195821 -99.625139934655 -16.3431193773707 -20.5786164454589 -7.15227680888437 -3.1249936521547 -7.78795740713054 -8.59215393893829 -3.60205034636301 -21.5259664560825 -31.738630977262 -2.82340809869168 
-14 1.45809866235213 -13.5577270599171 -9.02207446697769 -22.4489543749909 -30.5945689819621 -42.5616514134937 -18.9445855755007 -25.2499674387952 -32.3997810871531 -43.2504180115227 -60.0569853379917 -23.9834159345733 -21.0367670432434 -18.5351668594417 -56.1843940695144 -60.7665800391847 -71.5352081346647 -84.911415205898 -99.8251399346542 -16.3181290913016 -20.628622149312 -7.05229054081099 -3.12500737191305 -7.71297513696577 -8.44217567885216 -3.60204803064045 -21.6009601302821 -31.8886206413839 -2.82344672824528 
-13.8 1.4484262704339 -13.6327220055579 -8.94707952133691 -22.3989644783542 -30.6195740309661 -42.6616514081385 -19.0445653588023 -25.2749522764561 -32.3497709791732 -43.125412957902 -59.8569853387302 -24.0334058258548 -21.0117619888841 -18.4351668594417 -56.0844142869522 -60.7415952022634 -71.5852182433841 -85.0364202602582 -100.025139934655 -16.2931412964826 -20.6786293001337 -6.95230781031865 -3.12502462609854 -7.63799744551048 -8.2922030417552 -3.60204507348231 -21.6759521187648 -32.0386075755073 -2.82349548791391 
-13.6 1.43875405023882 -13.7077156197423 -8.87208590715254 -22.3489772432337 -30.64458041003 -42.7616514013868 -19.1445398164916 -25.299933119961 -32.2997582084938 -43.0004065730382 -59.656985339682 -24.0833930542235 -20.9867556030684 -18.3351668594416 -55.9844398302139 -60.7166143597095 -71.6352310150146 -85.1614266460731 -100.225139934654 -16.268156650026 -20.7286382678616 -6.85232956222491 -3.12504635870545 -7.56302556393389 -8.14223754599425 -3.60204127053069 -21.7509419299975 -32.1885910009244 -2.8235571207875 
-13.4 1.42908204963337 -13.7827075313372 -8.79709399555761 -22.2989934115283 -30.6695884899196 -42.8616513928713 -19.2445074641054 -25.3249088559798 -32.2497420329177 -42.8753984858672 -59.4569853409161 -24.1333768774134 -20.9617475146633 -18.2351668594416 -55.8844721838334 -60.6916386249239 -71.6852471918239 -85.2864347344773 -100.425139934654 -16.2431759823487 -20.7786495117792 -6.75235699874678 -3.12507377091815 -7.48806106455078 -7.9922811350162 -3.60203633887221 -21.825928909934 -32.3385698924558 -2.82363513674186 
-13.2 1.41941033069179 -13.8576972590497 -8.72210426784509 -22.2490139453545 -30.6945987514583 -42.9616513821225 -19.3444663765639 -25.3498780407258 -32.1997214899511 -42.7503882151881 -59.2569853425245 -24.1833563328384 -20.9367372423758 -18.1351668594415 -55.7845132729843 -60.6666694417873 -71.7352677363999 -85.4114450067658 -100.625139934655 -16.2182003621607 -20.8286636193037 -6.6523916707271 -3.12510841226841 -7.41310597818852 -7.8423363209423 -3.60202990343022 -21.9009122022045 -32.4885429124389 -2.82373405497682 
-13 1.40973897417994 -13.9326841766613 -8.64711735023352 -22.1990400965554 -30.7196118202708 -43.0616513685466 -19.4444140491249 -25.3748387956753 -32.149695327289 -42.6253751349144 -59.0569853446392 -24.2333301680614 -20.9117241599873 -18.0351668594415 -55.684565602539 -60.6417086889536 -71.7852939011777 -85.5364580891552 -100.825139934656 -16.193231147013 -20.8786813217676 -6.55243556299162 -3.12515226593361 -7.33816291424215 -7.69240633938348 -3.60202144323194 -21.9758906596178 -32.6385082874637 -2.82385968712565 
-12.8 1.40006808558292 -14.0076674662926 -8.57213406060226 -22.1490735001366 -30.7446285134833 -43.1616513513903 -19.544347210453 -25.3997886673721 -32.0996619093546 -42.5003584273488 -58.8569853474423 -24.2832967473239 -20.8867074496185 -17.9351668594414 -55.5846324440132 -60.616758820059 -71.8353273219144 -85.6614747995231 -101.025139934655 -16.168270069949 -20.9287035343348 -6.45249122779218 -3.12520788208165 -7.26323524075981 -7.5424953762699 -3.60201023786481 -22.0508627438819 -32.7884636613591 -2.824019533581 
-12.6 1.39039780314715 -14.0826460560491 -8.49715547084575 -22.0991162989304 -30.7696499020335 -43.2616513296971 -19.6442615732186 -25.4247244403812 -32.0496190926072 -42.3753370208448 -58.6569853511818 -24.3332539268369 -20.861686039375 -17.8351668594414 -55.4847180849864 -60.5918230507887 -71.8853701424006 -85.7864962097658 -101.225139934654 -16.1433193478203 -20.9787314019626 -6.35256195554611 -3.12527854850368 -7.18832731742446 -7.39260886317803 -3.60199528874515 -22.1258263845188 -32.9384058917525 -2.82422329974934 
-12.4 1.38072830871192 -14.157618536039 -8.42218299085586 -22.0491713114897 -30.7946773945827 -43.3616513022362 -19.7441514981895 -25.4496418853622 -31.9995640575983 -42.2503095058461 -58.4569853561932 -24.3831988868166 -20.8366585193648 -17.7351668594413 -55.3848281650278 -60.56690561082 -71.9354251824218 -85.9115237297769 -101.425139934655 -16.1183818618119 -21.0287663959441 -6.25265203943154 -3.125368555044 -7.11344484397488 -7.24275390973944 -3.60197524771781 -22.2007788234813 -33.0883308107049 -2.82448362069804 
-12.2 1.37105984229993 -14.2325830452449 -8.34721848164995 -21.9992422582977 -30.8197128505967 -43.461651267456 -19.8440095417808 -25.4745354197476 -31.9494930827778 -42.1252740218196 -58.2569853629608 -24.4331279052288 -20.8116230285711 -17.6351668594417 -55.2849701282033 -60.5420120832015 -71.9854961640092 -86.0365592205702 -101.625139934654 -16.0934612729783 -21.0788103163164 -6.15276700416139 -3.12548342222433 -7.03859520195018 -7.09293975850795 -3.60194819326953 -22.275716278239 -33.2382327746685 -2.82481690266194 
-12 1.36139272184437 -14.3075371185699 -8.27226440832489 -21.9493340675569 -30.8447587331809 -43.5616512233653 -19.9438258442628 -25.4993976489046 -31.8994012386097 -42.0002281043265 -58.0569853721426 -24.4830360518789 -20.7865771018961 -17.5351668594417 -55.1851538349023 -60.5171498632255 -72.0355880173583 -86.1616051472444 -101.825139934653 -16.0685623399682 -21.1288654566314 -6.05291407679896 -3.12563037179893 -6.96378807819885 -6.94317856143156 -3.60191148941646 -22.350633647711 -33.3881042174655 -2.8252446153254 
-11.8 1.35172736985987 -14.3824774800445 -8.19732404685027 -21.8994532886589 -30.8698183157575 -43.6616511674166 -20.0435873026736 -25.5242187458407 -31.8492819740713 -41.8751684783134 -57.856985384655 -24.5329167748281 -20.7615174633707 -17.4351668594416 -55.0853923890048 -60.4923287788027 -72.0857072944101 -86.2866647857708 -102.025139934654 -16.0436912223075 -21.1789347004453 -5.95310269700434 -3.12581883671438 -6.88903618163967 -6.79348630339865 -3.60186146869188 -22.425523988461 -33.5379349196902 -2.82579490481889 
-11.6 1.34206434959574 -14.4573997625121 -8.12240176438272 -21.849608652668 -30.8948959622342 -43.7616510963608 -20.1432764496746 -25.5489856103741 -31.7991265561371 -41.7500907779117 -57.6569854017857 -24.5827613397631 -20.7364397458382 -17.3351668594416 -54.9857032591356 -60.467561931401 -72.1358627294759 -86.4117425033042 -102.225139934655 -16.0188558847754 -21.2290216453807 -5.8533452019375 -3.12606114565941 -6.81435620811715 -6.64388404740769 -3.60179299569319 -22.5003777979299 -33.6877110116266 -2.82650476919251 
-11.4 1.33240441400062 -14.5322981279809 -8.04750339891388 -21.7998118313973 -30.9199975064323 -43.8616510060277 -20.242869935087 -25.5736807303177 -31.7489233106119 -41.6249891669177 -57.4569854253228 -24.6325580707008 -20.711338111307 -17.2351668594415 -54.8861097972595 -60.4428668349937 -72.1860659985375 -86.5368441378346 -102.425139934655 -15.9940667111913 -21.2791308372655 -5.75365781995431 -3.12637351627304 -6.73977021326282 -6.49439968708453 -3.60169894205275 -22.5751821097583 -33.8374136889238 -2.82742307291038 
-11.2 1.32274857201392 -14.6071647536337 -7.97263677326111 -21.7500784651414 -30.9451307658292 -43.9616508910774 -20.3423364701326 -25.5982806397105 -31.6986565943519 -41.4998558250049 -57.2569854577573 -24.6822913220063 -20.6862047369597 -17.1351668594415 -54.7866432946476 -60.4182669580346 -72.2363327472311 -86.661977512181 -102.625139934654 -15.9693372265162 -21.3292679782432 -5.65406190702033 -3.12677729099527 -6.6653073623314 -6.34507021050033 -3.60156936677044 -22.6499191601287 -33.987017364947 -2.82861453834516 
-11 1.31309817810165 -14.6819891376103 -7.89781238928447 -21.7004295507702 -30.9703062354346 -44.0616507446595 -20.4416340508379 -25.6227538364392 -31.6483054071039 -41.3746802537803 -57.056985502556 -24.7319400899595 -20.6610291209363 -17.0351668594414 -54.687345758742 -60.3937938061056 -72.2866839792788 -86.7871531282053 -102.825139934655 -15.9446851150154 -21.379440250719 -5.55458565948235 -3.12730064909943 -6.59100633645892 -6.19594480065209 -3.60139045199826 -22.7245646293332 -34.1364872181282 -2.83016523431428 
-10.8 1.30345505263967 -14.7567571656165 -7.82304436127834 -21.6508933080954 -30.995538020766 -44.1616505579969 -20.5407062248523 -25.6470579824475 -31.5978415251061 -41.2494483437763 -56.8569855645459 -24.7814761459717 -20.6357971489424 -16.9351668594414 -54.5882736467185 -60.3694897220882 -72.3371479232676 -86.9123851002002 -103.025139934656 -15.9201335200415 -21.4296566837513 -5.45526634771345 -3.12798083945734 -6.5169184988107 -6.04708893499686 -3.6011430030327 -22.7990852083738 -34.2857758251749 -2.83219001246054 
-10.6 1.29382164264521 -14.8314498646901 -7.74835166220472 -21.6015076717991 -31.0208450835433 -44.2616503198478 -20.6394771070185 -25.67113616554 -31.547227009125 -41.1241411287216 -56.6569856504176 -24.8308615441189 -20.610489848016 -16.8351668594413 -54.4895028504232 -60.3454116248666 -72.3877625251195 -87.0376924011258 -103.225139934655 -15.8957127987412 -21.4799286615246 -5.35615331760904 -3.12886718093383 -6.44311214121445 -5.89858987832698 -3.60080046482492 -22.8734353692396 -34.4348186851143 -2.8348427246072 
-10.4 1.28420123401788 -14.9060417575898 -7.67375976930503 -21.5523235820005 -31.0462528866443 -44.3616500158486 -20.7378447976082 -25.6949119632301 -31.4964109139154 -40.9987331406123 -56.4569857694086 -24.8800453299187 -20.585081740916 -16.7351668594417 -54.3911352788237 -60.3216359461667 -72.4385787393194 -87.1631005082253 -103.425139934654 -15.8714627966744 -21.5302705523574 -5.25731191145847 -3.13002498196808 -6.36967804934814 -5.75056389356187 -3.60032626044812 -22.9475530577625 -34.5835282665369 -2.83833022303666 
-10.2 1.2745982272952 -14.980498724723 -7.59930280217177 -21.5034092595875 -31.0717955313646 -44.4616496277021 -20.835672830928 -25.7182830294166 -31.4453250129686 -40.8731902725323 -56.2569859341953 -24.9289592641851 -20.5595387080493 -16.6351668594417 -54.2933074102916 -60.2982650447679 -72.4896648050538 -87.288643541093 -103.625139934655 -15.8474358661988 -21.5807005890152 -5.15882862510847 -3.13154069621326 -6.29673679646006 -5.60316567353965 -3.59967039615911 -23.0213541606067 -34.7317863365144 -2.84293172443799 
-10 1.2650184871296 -15.0547752944739 -7.52502623242092 -21.4548556246377 -31.0975184661657 -44.5616491322541 -20.932779337788 -25.7411129665257 -31.3938783803269 -40.7474670701397 -56.0569861620519 -24.9775124036868 -20.5338152778001 -16.5351668594416 -54.1962011312874 -60.2754353355146 -72.5411116655513 -87.4143669713414 -103.825139934654 -15.8237006791661 -21.6312419717332 -5.06081763106442 -3.13352844398113 -6.22444797447796 -5.45660028180669 -3.59876514623548 -23.094725480434 -34.8794342260925 -2.84902556665081 
-9.80000000000004 1.25546976909241 -15.1288113339761 -7.45099019291874 -21.4067829138236 -31.1234817948538 -44.6616485004444 -21.0289238099655 -25.7632213992011 -31.3419507735001 -40.6215034238107 -55.8569864762207 -25.0255844826911 -20.5078513173022 -16.4351668594416 -54.1000569732779 -60.2533272170072 -72.5930395865462 -87.5403309318384 -104.025139934654 -15.8003471733162 -21.6819245053855 -4.96342903478314 -3.13613826681982 -6.15302175781358 -5.31113802564014 -3.59752007306098 -23.1675164467616 -35.0262612319223 -2.85712669001393 
-9.60000000000004 1.24596221143561 -15.2025282362352 -7.3772732906596 -21.3593483051659 -31.1497640884552 -44.7616476963049 -21.1237918502975 -25.7843725372739 -31.2893850093138 -40.4952207573653 -55.6569869075161 -25.0730182872093 -20.4815682195613 -16.3351668594415 -54.0051893642423 -60.2321765102308 -72.6456057820289 -87.6666140295803 -104.225139934655 -15.7774925673836 -21.7327868017121 -4.86685870311199 -3.13956595448815 -6.08273254322278 -5.16713190879109 -3.59581660520119 -23.239529881161 -35.1719915685808 -2.86793946397027 
-9.40000000000004 1.23650884904073 -15.2758249352234 -7.30397659167138 -21.3127538870293 -31.1764663693068 -44.8616466761447 -21.2169792346449 -25.8042632226331 -31.2359789956848 -40.3685180447481 -55.4569874959107 -25.1196116851857 -20.4548649185495 -16.2351668594415 -53.9120025682904 -60.2122864132671 -72.6990123840534 -87.793317330593 -104.425139934656 -15.7552886543218 -21.7838795876385 -4.77135954241047 -3.14406432227845 -6.01393421202485 -5.02503687860404 -3.59350337749865 -23.3105133524467 -35.3162717388547 -2.88243385865888 
-9.20000000000004 1.22712605733295 -15.3485744639886 -7.23122706290619 -21.2672535417308 -31.2037155527736 -44.9616453883767 -21.3079781455664 -25.8225126047894 -31.1814788490759 -40.241268369374 -55.2569882917714 -25.1651107427161 -20.4276144473146 -16.1351668594414 -53.8210044532289 -60.1940378269708 -72.7535133265223 -87.920567801827 -104.625139934655 -15.7339298960613 -21.8352703581432 -4.67725303436424 -3.14995474748426 -5.94707510846636 -4.88542824628036 -3.59039400139443 -23.3801535051076 -35.4586614202809 -2.90195846018843 
-9.00000000000004 1.21783376697899 -15.4206222899933 -7.15917923690151 -21.2231562758164 -31.2316661128638 -45.0616437744716 -21.3961705138535 -25.8386571470719 -31.1255755653536 -40.1133172596471 -55.0569893560398 -25.2092063947254 -20.3996622733192 -16.0351668594414 -53.7328131492094 -60.177894348956 -72.8094176745121 -88.0485199758216 -104.825139934654 -15.7136618215496 -21.8870501096362 -4.58493929655477 -3.15763723306322 -5.88270976803976 -4.74901507984909 -3.58627046916519 -23.4480777988831 -35.598633540061 -2.92841724455724 
-8.80000000000004 1.20865522372947 -15.4917881771781 -7.08801334971671 -21.1808224988007 -31.2604982230329 -45.1616417718254 -21.4808354650083 -25.8521562110418 -31.0679087421388 -39.9844845492474 -54.8569907584554 -25.2515381690949 -20.370828160504 -15.9351668594414 -53.6481496004712 -60.1643966874025 -72.8670859001435 -88.1773540886378 -105.025139934655 -15.6947881827772 -21.9393423580485 -4.49490237249328 -3.16759570445942 -5.82150235225116 -4.61664177687657 -3.58089589436268 -23.5138691112653 -35.7355907396281 -2.96456781611084 
-8.60000000000004 1.19961604529394 -15.5618734984865 -7.01792802840836 -21.1406494035756 -31.2904104491161 -45.261639319217 -21.561178564501 -25.8624139892262 -31.0080811990148 -39.854571684815 -54.6569925727147 -25.291708811712 -20.3409134818127 -15.8351668594417 -53.567808315237 -60.1541407234767 -72.926915257526 -88.3072687673286 -105.225139934654 -15.6776747674732 -21.9923142640529 -4.40770672571316 -3.18039451523867 -5.76421584172294 -4.48926994503912 -3.57404025724305 -23.5770987954541 -35.8689057451251 -3.0145809074788 
-8.40000000000004 1.1907424149595 -15.6306752416533 -6.94912628524147 -21.1030429632315 -31.3216057519389 -45.3616363652067 -21.6363878322616 -25.8688215138199 -30.9456869804416 -39.723375723075 -54.4569948678077 -25.3293122980458 -20.3097152249796 -15.7351668594417 -53.4926013425686 -60.1477354939752 -72.9893117711915 -88.438467024161 -105.425139934653 -15.6627469150764 -22.0461881548231 -4.3239807418162 -3.19666196566518 -5.71168154898167 -4.36793390913096 -3.56551992944004 -23.637380210818 -35.9979889036559 -3.08524212409412 
-8.20000000000005 1.18205849661576 -15.6980060518235 -6.88179547507129 -21.0683778565922 -31.3542714554698 -45.4616328789078 -21.7057139009712 -25.8708167723593 -30.8803514288108 -39.590709361274 -54.2569976958366 -25.3639739183861 -20.2770460351497 -15.6351668594416 -53.4232781018889 -60.1457430634657 -73.0546501508521 -88.5711362139917 -105.625139934654 -15.6504777103761 -22.1012497602929 -4.24438487016641 -3.21705846449525 -5.66474723764157 -4.25366878762156 -3.55524598327909 -23.6944370748272 -36.1223765778353 -3.18902378475153 
-8.00000000000005 1.17358351256516 -15.7637168887659 -6.81608463812895 -21.036952165044 -31.388556600864 -45.5616288612443 -21.7685606311052 -25.867952665551 -30.8117764850601 -39.456423580581 -54.0570010782012 -25.3953955922707 -20.242756872092 -15.5351668594416 -53.3604347541205 -60.1486105526396 -73.1232284769684 -88.7054253770504 -105.825139934655 -15.6413649918002 -22.1578478786594 -4.16956596622207 -3.24223089131402 -5.624208827518 -4.14741954055477 -3.54326915789487 -23.7481710863853 -36.2418214263358 -3.35420628550194 
-7.80000000000005 1.16532921455068 -15.8277166352745 -6.75208489162032 -21.0089481645269 -31.4245523468555 -45.6616243537445 -21.8245635326912 -25.8599558206284 -30.739779893629 -39.3204272426412 -53.8570049937528 -25.4233950852879 -20.2067566186006 -15.4351668594416 -53.3044357680852 -60.156611313113 -73.1952289839503 -88.841425630541 -106.025139934655 -15.6358974631931 -22.2163800965609 -4.1001037892054 -3.27275910869803 -5.59073729839426 -4.0499482649224 -3.52980478436522 -23.7987064593643 -36.3563565458234 -3.67918344005814 
-7.60000000000005 1.15729847681082 -15.8899830059249 -6.68981852096991 -20.9844105110704 -31.4622810640494 -45.7616194415888 -21.8736333945248 -25.8467593118116 -30.6643170141617 -39.1826979925235 -53.6570093729847 -25.4479278265887 -20.1690229892509 -15.3351668594415 -53.2553702854828 -60.169812201161 -73.2706962426487 -88.9791592598898 -106.225139934654 -15.6345138300921 -22.2772628341103 -4.03645922929636 -3.30910419279136 -5.5648160118363 -3.96176060771403 -3.51522464244736 -23.8463926880968 -36.4663091452064 -4.32068063374696 
-7.40000000000005 1.14948538036288 -15.950561893583 -6.62923963331179 -20.9632475430539 -31.501696983691 -45.8616142488885 -21.9159536733222 -25.8285007029508 -30.5854795176428 -39.0432816083465 -53.4570141011496 -25.4690856019049 -20.129601876909 -15.2351668594415 -53.2130547348513 -60.1880755381876 -73.3495384673334 -89.1185803722326 -106.425139934655 -15.6375615460696 -22.3408894377459 -3.97893371380913 -3.35156782841 -5.54670075979681 -3.8830664680173 -3.50001374956408 -23.8917606828717 -36.5722560276393 -3.49166856572729 
-7.20000000000005 1.14187663193263 -16.009556367726 -6.57024515916883 -20.9452532722348 -31.5426971870148 -45.9616089263553 -21.9519364991319 -25.8054890546176 -30.5034733951666 -38.9022810117274 -53.2570190303875 -25.4870745501907 -20.0885963510519 -15.1351668594414 -53.1770768382804 -60.2110921157597 -73.4315495190485 -89.2595858980907 -106.625139934656 -15.6452631555829 -22.4075855214021 -3.92764656421851 -3.40026964124757 -5.53640809849143 -3.81377933256808 -3.48470371074415 -23.9354451181947 -36.6749349371053 -3.21744578094199 
-7.00000000000005 1.13445377145877 -16.067109558544 -6.51269196835079 -20.9301415982144 -31.5851387038125 -46.061603633971 -21.9821542300921 -25.7781535947597 -30.4185847444907 -38.7598391702334 -53.0570239980755 -25.5021809318268 -20.0461495418699 -15.0351668594414 -53.1468640750075 -60.2384325433048 -73.5164431374117 -89.4020327072718 -106.825139934655 -15.6576967394657 -22.477572296103 -3.88253257385147 -3.45514474192758 -5.53373000835428 -3.75354805161289 -3.46980183476909 -23.9780964330377 -36.7751394427663 -3.05053971442528 
-6.80000000000005 1.12719553572263 -16.1233863305236 -6.45641519637117 -20.9175829429754 -31.6288568205531 -46.1615985226912 -22.0072661667459 -25.7469887594339 -30.3311431371854 -38.6161207909484 -52.8570288468109 -25.5147344757864 -20.0024263138499 -14.9351668594418 -53.1217569870882 -60.2696022273651 -73.6038895934516 -89.5457559352914 -107.025139934654 -15.6747937269609 -22.5509460555778 -3.84335816294974 -3.51595984616334 -5.53826834060953 -3.7018096118894 -3.4557339869385 -24.0203053571867 -36.873625138895 -2.93333660928165 
-6.60000000000004 1.12007990737397 -16.1785573953149 -6.4012441315799 -20.9072360098998 -31.6736809522688 -46.2615937191982 -22.0279550205406 -25.7125065484373 -30.2414898613975 -38.4712964503693 -52.6570334414404 -25.5250766053689 -19.9575973786411 -14.8351668594417 -53.1010727279241 -60.3040890329923 -73.6935474638701 -89.6905848705011 -107.225139934655 -15.6963532510978 -22.627676644506 -3.80975163465132 -3.58234350201645 -5.54948093167137 -3.65785113815909 -3.44281130007879 -24.0625537351183 -36.9710445816178 -2.84583643659504 
-6.40000000000004 1.11308562590204 -16.2327875964087 -6.34701393048609 -20.8987712049023 -31.7194463483651 -46.3615893163883 -22.0448800635367 -25.6752013903396 -30.1499545022059 -38.3255308900839 -52.4570376800613 -25.5335370075565 -19.9118275797349 -14.7351668594417 -53.0841519235481 -60.3413984297101 -73.7850870616817 -89.8363546694065 -107.425139934654 -15.7220687870163 -22.7076223815183 -3.7812415366725 -3.65382443403074 -5.56673166259274 -3.62087166798664 -3.43122167789954 -24.1051943140328 -37.0679153616262 -2.7784658068424 
-6.20000000000004 1.10619313999962 -16.2862285249766 -6.29357300191824 -20.8918854017297 -31.7660014737604 -46.4615853703514 -22.0586475957921 -25.6355279940272 -30.0568401773257 -38.1789756366358 -52.2570414980453 -25.5404188646921 -19.8652685083027 -14.6351668594416 -53.0703882092759 -60.3810756440057 -73.8782052045452 -89.9829137408379 -107.625139934654 -15.7515611375626 -22.7905556606324 -3.75729703306789 -3.72987190997277 -5.58933820996603 -3.59003728679209 -3.42104063213342 -24.1484541968346 -37.1646161729958 -2.72572652778355 
-6.00000000000004 1.09938509396081 -16.3390147485825 -6.24078677831229 -20.886309487063 -31.8132117826996 -46.5615819028966 -22.0697958582764 -25.5938900329055 -29.962415992598 -38.0317652283022 -52.0570448661058 -25.545991311904 -19.8180547319086 -14.5351668594416 -53.059243314853 -60.4227169731888 -73.9726327573342 -90.1301275172329 -107.825139934655 -15.784411844925 -22.8761925916008 -3.73736508408265 -3.80993292627393 -5.61661300266124 -3.56452585588223 -3.41225337837418 -24.1924531666813 -37.2614013664484 -2.68406251023244 
-5.80000000000004 1.09264647726579 -16.3912626513774 -6.18853887551746 -20.8818106862529 -31.8609608846843 -46.6615789076761 -22.0787903877248 -25.5506366595591 -29.8669147164568 -37.8840160493661 -51.8570477843748 -25.5504871174936 -19.7703026347034 -14.4351668594415 -53.0502517036747 -60.4659732648053 -74.0681369517456 -90.2778796144391 -108.025139934656 -15.8201926884798 -22.9642213379504 -3.72090109746349 -3.89346287181394 -5.64789504540642 -3.5435599958317 -3.40478084858255 -24.2372285396845 -37.3584246422465 -2.6509828089756 
-5.60000000000004 1.08596455809954 -16.443070949561 -6.13673057733379 -20.8781915400623 -31.9091500366774 -46.7615763578529 -22.0860260707927 -25.5060640444433 -29.7705338031574 -37.7358268378831 -51.6570502747081 -25.5541037138609 -19.722110932887 -14.3351668594415 -53.0430185109393 -60.5105483702536 -74.1645203553774 -90.4260713162546 -108.225139934655 -15.8584887126076 -23.0543256602619 -3.70739143316238 -3.9799480479344 -5.68257192334409 -3.52642857558571 -3.39850425759463 -24.2827602468802 -37.4557646476259 -2.62464826603184 
-5.40000000000004 1.07932869518218 -16.4945221503576 -6.08527937653724 -20.8752869942786 -31.9576966916903 -46.8615742136623 -22.0918329722755 -25.4604197451296 -29.6734383030471 -37.5872801369762 -51.4570523730047 -25.5570061154539 -19.6735621336835 -14.2351668594414 -53.0372137077523 -60.5561947678631 -74.2616179537835 -90.5746201154573 -108.425139934654 -15.8989140479368 -23.1462021963877 -3.69636775820262 -4.06892003827694 -5.7200927128892 -3.51249816433426 -3.39328529361012 -24.3289924836923 -37.5534480852345 -2.60365450569245 
-5.20000000000004 1.07273009376126 -16.5456844439298 -6.03411708296498 -20.8729606222988 -32.0065326132828 -46.9615724288271 -22.0964838961432 -25.413908375425 -29.5757646397702 -37.4384441801271 -51.2570541225833 -25.5593307025984 -19.6247244272557 -14.1351668594414 -53.0325645334642 -60.6027078871473 -74.35929336664 -90.723457821886 -108.625139934655 -15.9411212553371 -23.2395716973602 -3.6874144925124 -4.15996316726925 -5.75997354830925 -3.50121670618293 -3.38898113130578 -24.3758506149602 -37.6514685100747 -2.58690680052462 
-5.00000000000004 1.0661615476663 -16.5966137033618 -5.98318782353302 -20.871100630038 -32.0556018804539 -47.0615709554302 -22.1002023804091 -25.366697600259 -29.4776246051723 -37.2893748860972 -51.0570555691215 -25.5611892214627 -19.5756536866881 -14.0351668594418 -53.0288474957356 -60.6499201088507 -74.4574348477753 -90.8725285624533 -108.825139934654 -15.9848053335824 -23.3341850350374 -3.68017081191428 -4.25271651268566 -5.80179763429459 -3.49211153273543 -3.38545443438503 -24.4232531774714 -37.7498003320178 -2.57354135584147 
-4.80000000000004 1.05961719183692 -16.6473554034322 -5.93244612346266 -20.8696160217238 -32.1048589722101 -47.1615697472567 -22.1031703687487 -25.3189238885282 -29.3791091933711 -37.1401177742256 -50.8570567571796 -25.5626726216034 -19.5263953867584 -13.9351668594417 -53.0258806954534 -60.6976950086388 -74.5559514476338 -91.0217868623821 -109.025139934653 -16.0297038060032 -23.4298252075286 -3.67432881285273 -4.34687207686306 -5.84521149840074 -3.48478369677122 -3.38257919507503 -24.4711196382318 -37.8484084928485 -2.56287186094454 
-4.60000000000004 1.05309227783687 -16.6979463611686 -5.88185516572626 -20.8684331207796 -32.1542670290022 -47.2615687617853 -22.105535170541 -25.2706977325841 -29.2802920796906 -36.9907097028087 -50.6570577280263 -25.5638545370761 -19.4769863444947 -13.8351668594417 -53.0235168645087 -60.7459221354306 -74.654769532162 -91.1711959046467 -109.225139934654 -16.0755944530879 -23.5263068123498 -3.66962950254546 -4.44217078073956 -5.88991924454084 -3.4789004851758 -3.38024368621569 -24.5193750871088 -37.947254899462 -2.55435112740408 
-4.40000000000004 1.04658297745232 -16.7484162586485 -5.83138526824632 -20.8674925252428 -32.2037963309453 -47.3615679612083 -22.1074155509897 -25.2221082155529 -29.1812326651794 -36.8411803908177 -50.4570585185552 -25.564794332036 -19.4274562419746 -13.7351668594416 -53.02163727459 -60.7945124429917 -74.7538297372031 -91.3207260071677 -109.425139934655 -16.1222914781241 -23.6234737348659 -3.66585744093208 -4.5383971077193 -5.93567567404064 -3.47418701719478 -3.37835119422068 -24.5679524925937 -38.0463022024269 -2.54754209857595 
-4.20000000000004 1.04008621502276 -16.7987889430233 -5.78101258387156 -20.8667465080229 -32.2534229981002 -47.461567312738 -22.1089069308237 -25.1732269110121 -29.0819786762639 -36.6915537175273 -50.2570591608901 -25.5655397007855 -19.3778289263494 -13.6351668594416 -53.0201465370901 -60.8433943898667 -74.8530843684528 -91.4703533227922 -109.625139934655 -16.1696411168211 -23.7211960579376 -3.66283505004022 -4.63537341357072 -5.98227929551818 -3.47041795429756 -3.37681952837683 -24.6167935111247 -38.1455159053326 -2.54209545366534 
-4.00000000000004 1.0335995267973 -16.8490835169993 -5.73071800989548 -20.8661568357963 -32.3031278998497 -47.5615667884635 -22.1100857482827 -25.1241111544951 -28.9825683457708 -36.5418488130581 -50.0570596824449 -25.5661288487376 -19.3281235003254 -13.5351668594415 -53.018968241185 -60.8925106679376 -74.9524952204998 -91.6200587488153 -109.825139934654 -16.217517174723 -23.8193666898156 -3.66041706110303 -4.73295437322255 -6.02956568119305 -3.46740976599634 -3.37557982976174 -24.6658483864856 -38.2448653546696 -2.53773197787547 
-3.80000000000004 1.02712094447213 -16.8993152418315 -5.68048628506332 -20.8656929626396 -32.3528957515252 -47.6615663649712 -22.1110130714627 -25.0748067528429 -28.8830322192864 -36.3920809617416 -49.8570601062962 -25.5665922984018 -19.2783552251575 -13.4351668594415 -53.0180413418574 -60.9418154934422 -75.0520317708365 -91.7698270239842 -110.025139934655 -16.2658167090419 -23.9178979489667 -3.65848529384187 -4.83102175921649 -6.07740134235484 -3.46501370232687 -3.37457496242843 -24.7150752439845 -38.3443239370006 -2.53422844764926 
-3.60000000000004 1.02064889965839 -16.9494962780317 -5.63030524886309 -20.8653305480954 -32.4027143731812 -47.7615660228274 -22.1117375616192 -25.0253502067991 -28.7833946370425 -36.2422623432975 -49.6570604516518 -25.5669543708023 -19.2285362613577 -13.3351668594414 -53.0173171970574 -60.9912723848424 -75.151669698437 -91.9196459877849 -110.225139934656 -16.3144562015198 -24.0167184776448 -3.65694408915206 -4.92947987335081 -6.12567842028892 -3.46310974405983 -3.37375790886259 -24.7644392266189 -38.4438689558352 -2.53140641487492 
-3.40000000000004 1.01418214613479 -16.9996362881837 -5.5801652387111 -20.8650502509985 -32.4525740862363 -47.8615657460345 -22.112297884945 -24.9757705199729 -28.6836749400643 -36.0924026361673 -49.4570607343696 -25.5672343911062 -19.1786762715096 -13.2351668594414 -53.0167571564487 -61.0408523543857 -75.2513896781323 -92.0695059776321 -110.425139934655 -16.3633681717727 -24.1157704580497 -3.65571632019881 -5.02825155665839 -6.1743100934454 -3.46160140706432 -3.37309019228932 -24.8139115201976 -38.5434812595659 -2.5291231832812 
-3.20000000000004 1.00771969690115 -17.0497429249991 -5.53005860189567 -20.8648367528418 -32.502467224895 -47.9615655215087 -22.1127246653169 -24.9260906635294 -28.5838884468054 -35.9425095060929 -49.2570609674799 -25.567447664737 -19.128782908325 -13.1351668594414 -53.0163306091862 -61.0905324439386 -75.3511764045006 -92.2193993408159 -110.625139934654 -16.4124982455588 -24.2150071686512 -3.65473997317861 -5.12727476910363 -6.22322666907432 -3.46041134587781 -3.37254040963188 -24.8634683743556 -38.6431447505394 -2.5272645396667 
-3.00000000000004 1.00126077349571 -17.0998222242856 -5.47997930260918 -20.8646779713518 -32.5523877426915 -48.0615653385916 -22.1130420566304 -24.8763287555565 -28.4840472395459 -35.792588999547 -49.0570611616474 -25.5676062633104 -19.0788622076119 -13.0351668594418 -53.0160134120412 -61.1402945460801 -75.4510178059286 -92.3693200415304 -110.825139934655 -16.461802742959 -24.3143909653379 -3.6539653430191 -5.22649978430028 -6.27237238498449 -3.45947776250149 -3.37208299905908 -24.9130902630693 -38.7428459385395 -2.52573897854846 
-2.80000000000004 0.994804765332969 -17.1498789202213 -5.42992260667354 -20.8645644295137 -32.6023308967891 -48.1615651886249 -22.1132690043179 -24.8264990073083 -28.384160795362 -35.6426458594275 -48.8570613255923 -25.5677196551816 -19.0289189035475 -12.9351668594417 -53.0157866282979 -61.1901244582724 -75.5509044140566 -92.519263345594 -111.025139934654 -16.5112466564932 -24.4138915748078 -3.65335269665166 -5.32588685193169 -6.32170275668113 -3.45875143826249 -3.37169716434514 -24.962761124291 -38.8425734956969 -2.52447305654165 
-2.60000000000004 0.988351197207521 -17.1999166973139 -5.37988482958089 -20.8644887512916 -32.6522929956596 -48.261565064588 -22.1134202535539 -24.7766124794516 -28.2842364904127 -35.4926837773855 -48.6570614664577 -25.5677952093669 -18.9789566806401 -12.8351668594417 -53.0156355199265 -61.2400111269937 -75.6508288598705 -92.6692255685006 -111.225139934654 -16.5608019397398 -24.513484635147 -3.6528703100514 -5.42540423404918 -6.37118236170509 -3.4581932661938 -3.37136591973506 -25.0124676567736 -38.9423178052721 -2.52340762286594 
-2.40000000000004 0.981899703420095 -17.2499383910149 -5.32986313587987 -20.8644452600885 -32.7022711981575 -48.3615649607869 -22.1135071520132 -24.7266776842099 -28.18428000147 -35.3427055947418 -48.457061590113 -25.5678385967689 -18.9289783743411 -12.7351668594417 -53.0155487451234 -61.2899460458917 -75.7507854724695 -92.8192038748006 -111.425139934655 -16.6104461642266 -24.6131505533348 -3.65249292482175 -5.52502666103338 -6.42078309498827 -3.45777230577684 -3.37107534898011 -25.0621987797196 -39.0420706219192 -2.52249485401026 
-2.20000000000004 0.975450007259769 -17.299946146804 -5.27985538009078 -20.8644296603143 -32.7522633541724 -48.4615648725909 -22.11353828646 -24.6767010628676 -28.0842956243386 -35.1927134618213 -48.2570617014034 -25.5678541083471 -18.8789861301302 -12.6351668594416 -53.0155177219681 -61.3399227785254 -75.8507699608923 -92.9691961190125 -111.625139934656 -16.6601614362786 -24.7128735811759 -3.65220050621076 -5.62473408910077 -6.47048276726658 -3.45746422226518 -3.37081399968979 -25.1119451862184 -39.1418247842071 -2.52169588561067 
-2.00000000000004 0.969001904799029 -17.3499415458343 -5.22985998106047 -20.8644387858933 -32.8022678787817 -48.5615647962305 -22.1135199855655 -24.6266873629428 -27.9842865253836 -35.0427089638359 -48.0570618043877 -25.5678449064077 -18.8289815291605 -12.5351668594416 -53.0155361258461 -61.3899365814337 -75.9507791628309 -93.1192007199814 -111.825139934655 -16.7099334366234 -24.8126409805511 -3.65197715729803 -5.72451061405442 -6.52026389319079 -3.45724994915908 -3.37057230010986 -25.1616988856688 -39.2415738826877 -2.52097882950848 
-1.80000000000004 0.96255525219683 -17.3999257033782 -5.17987582351659 -20.8644704031818 -32.8522836536141 -48.6615647286068 -22.1134567138282 -24.5766399336616 -27.8842549385584 -34.8926932194669 -47.8570619024748 -25.5678132214954 -18.7789656867043 -12.4351668594416 -53.0155994956698 -61.4399841088013 -76.0508108477424 -93.2692165624368 -112.025139934654 -16.7597507849417 -24.9124424864132 -3.6518103852538 -5.82434373720549 -6.57011285879711 -3.45711475722152 -3.37034221914681 -25.2114529622496 -39.3413121168124 -2.520317318993 
-1.60000000000004 0.956109955791135 -17.4498993456448 -5.12990218125 -20.8645230572066 -32.9023099499054 -48.7615646671647 -22.1133513790321 -24.5265609565989 -27.7842023192292 -34.7426669578711 -47.6570619986123 -25.5677605060286 -18.7289393289709 -12.3351668594416 -53.0157049266045 -61.4900631820026 -76.1508635632102 -93.4192429201712 -112.225139934655 -16.8096043683125 -25.0122697120506 -3.65169035312774 -5.92422361686716 -6.62001909619218 -3.45704735235089 -3.37011682545492 -25.2612012108243 -39.4410340076538 -2.5196891781239 
-1.40000000000004 0.949665964494557 -17.4998628687405 -5.07993865815436 -20.8645959536157 -32.9523463694102 -48.8615646097652 -22.1132055681877 -24.4764516226589 -27.6841294621935 -34.5926305777397 -47.4570620953854 -25.5676875522199 -18.6789028520666 -12.2351668594416 -53.0158508342229 -61.5401726127167 -76.25093651702 -93.5692793970766 -112.425139934656 -16.8594869368371 -25.1121158036708 -3.65160941661133 -6.02414260489685 -6.66997456112623 -3.45703929418841 -3.36989006003937 -25.3109379685044 -39.5407342884295 -2.51907548105525 
-1.20000000000004 0.943223264031872 -17.5498163833482 -5.02998514354663 -20.8646888692251 -33.0023927996273 -48.96156455459 -22.1130197263498 -24.4263122662133 -27.5840365911402 -34.4425841920787 -47.2570621951166 -25.5675945814358 -18.6288563666747 -12.135166859442 -53.0160367757896 -61.590312068891 -76.3510294878021 -93.7193258824664 -112.625139934654 -16.9093927281454 -25.2119751095869 -3.6515617039569 -6.12409482642227 -6.71997326804393 -3.45708448649839 -3.36965649490209 -25.3606579179748 -39.6404077525076 -2.5184597368705 
-1.00000000000004 0.936781872688357 -17.599759747693 -4.98004177920183 -20.8648020860176 -33.0524493807647 -49.0615645000722 -22.1127932885658 -24.3761424640844 -27.4839234246665 -34.2925276612602 -47.0570622999533 -25.5674813101254 -18.5787997310196 -12.0351668594421 -53.0162633184114 -61.6404819758576 -76.4511427591135 -93.8693825181226 -112.825139934655 -16.9593171352302 -25.3118428810164 -3.65154275092559 -6.22407581464386 -6.77001089192071 -3.45717874603123 -3.36941109985787 -25.4103558872754 -39.740049086153 -2.51782719223103 
-0.800000000000041 0.930341838314803 -17.6496925907635 -4.93010893613131 -20.8649363446249 -33.1025164824425 -49.1615644448204 -22.1125247728334 -24.3259411052816 -27.3837892227931 -34.1424606163163 -46.8570624119389 -25.5673469962665 -18.5287325740902 -11.9351668594421 -53.0165319461304 -61.6906834466472 -76.5512770729735 -94.0194496750532 -113.025139934656 -17.0092565186997 -25.4117151075565 -3.65154928986554 -6.32408229979153 -6.82008453399786 -3.45731954503699 -3.36914912452447 -25.4600267550125 -39.8396527969607 -2.5171643352859 
-0.600000000000041 0.923903236350725 -17.699614327639 -4.8801871992558 -20.8650928136305 -33.1525946883236 -49.2615643875771 -22.1122118414796 -24.2757064370523 -27.2836328176883 -33.992382474336 -46.6570625330831 -25.5671904700176 -18.4786543109658 -11.8351668594422 -53.0168449986277 -61.74091823602 -76.6514335992219 -94.169527938177 -113.225139934655 -17.0592079684852 -25.5115882942175 -3.65157899614737 -6.4241119554575 -6.87019245278921 -3.45750572695283 -3.3688659060805 -25.5096652734441 -39.9392130522677 -2.5164583933649 
-0.400000000000041 0.917466168735564 -17.7495241679315 -4.83027735896333 -20.8652730726357 -33.2026847876213 -49.3615643271673 -22.111851334966 -24.2254360902462 -27.1834526305898 -33.842292446945 -46.4570626653996 -25.5670101506027 -18.4285641512583 -11.7351668594423 -53.0172056374572 -61.791188715142 -76.7516139186363 -94.3196180978839 -113.425139934655 -17.1091691883038 -25.6114593543285 -3.65163036421331 -6.52416327457413 -6.92033393161248 -3.45773736548362 -3.36855677909287 -25.5592659867489 -40.038723605865 -2.51569698557079 
-0.200000000000041 0.911030763569807 -17.7994211184131 -4.78038040848174 -20.865479106967 -33.2527877724342 -49.4615642624617 -22.1114392824496 -24.1751270872482 -27.0832466771102 -33.6921895429838 -46.2570628109569 -25.566804051566 -18.3784611017401 -11.6351668594425 -53.017617835532 -61.8414978636984 -76.8518200176743 -94.4697211474036 -113.625139934656 -17.1591383801228 -25.7113254966292 -3.6517025894397 -6.62423545120542 -6.97050915776218 -3.45801564115262 -3.36821696791374 -25.6088231260514 -40.1381776956491 -2.51486779937991 
0 0.904597175416211 -17.8493039806805 -4.73049754621427 -20.8657133123187 -33.3029048400533 -49.5615641923484 -22.1109708924983 -24.1247758350294 -26.9830125626239 -33.5420725662301 -46.0570629719356 -25.5665697761012 -18.3283439640078 -11.5351668594427 -53.0180863864634 -61.8918492768972 -76.9520542931406 -94.6198382851373 -113.825139934657 -17.2091141286235 -25.8111841073973 -3.65179545496151 -6.72432826732535 -7.02071911161464 -3.45834273273673 -3.36784146419526 -25.6583304846004 -40.2375679164656 -2.51395828530277 
