pO2 mew_e electrons holes VO{2} VO{1} VO{0} VM{-4} VM{-3} VM{-2} VM{-1} VM{0} Oi{-2} Oi{-1} Oi{0} Mi{4} Mi{3} Mi{2} Mi{1} Mi{0} Ii{0} Ii{-1} Ii{1} IsubO{1} IsubO{2} IsubO{3} IsubZr{-3} IsubZr{-4} IsubZr{-5} Stoich
-35 3.22899041067287 -1.03417596438793 -8.8155070543909 -1.16931511986603 -1.24418385408977 -1.3250628032182 -14.5891459328116 -24.5067332085032 -34.5613649449937 -44.6394445306415 -58.0674610902255 -14.1434631656884 -21.3110705580975 -31.1158222251428 -10.7179728378543 -9.10492673541293 -7.54254328707466 -8.49241839736176 -9.44622061405613 -22.2776748811511 -18.3721521628978 -22.0782939357922 -5.00000006626058 -12.2148016226823 -17.3097675457253 -26.9837895745464 -30.3212570331783 -29.5199535154281 0.0137443588119564 
-34.8 3.21589972648026 -1.07815873187167 -8.77152428690716 -1.17731859911254 -1.29617010082002 -1.42103181743218 -14.5650770027458 -24.4386815109537 -34.4493304799605 -44.4834272981245 -57.8674610902247 -14.1314286972955 -21.2550533222208 -31.0158222217824 -10.7420417645596 -9.17297842960205 -7.65457774874751 -8.64843562651835 -9.64622061069647 -22.2256885541992 -18.3641486034296 -21.9823248413565 -4.99999998939932 -12.1708187783373 -17.2218019338969 -26.8637515534054 -30.245201779521 -29.4878810292546 -0.0315732777924013 
-34.6 3.20269272410648 -1.12253231128252 -8.7271507074963 -1.18517503669447 -1.34840011781281 -1.51763541383583 -14.54257132039 -24.371802249187 -34.338077638783 -44.3278008775361 -57.6674610902255 -14.120175853571 -21.1994268990854 -30.9158222192361 -10.7645474443692 -9.23985768882245 -7.76583058737877 -8.80406204456046 -9.84622060814943 -22.1734586083502 -18.3562922369915 -21.8857213160967 -5.00000006308939 -12.1264452726165 -17.1330548487649 -26.744642348336 -30.1704661538625 -29.4575189830069 -0.0741898403022758 
-34.4 3.1893792273708 -1.16726369603713 -8.68241932274169 -1.19284352031031 -1.40079998618326 -1.61476666696088 -14.5214968594077 -24.3059964034501 -34.2275404082914 -44.17253226229 -57.4674610902248 -14.1096386211436 -21.1441582819034 -30.8158222172995 -10.7856219034148 -9.30566353262272 -7.87636781593365 -8.95933065786995 -10.0462206062135 -22.1210587401145 -18.3486237535104 -21.7885900631064 -5.00000006516081 -12.0817138899333 -17.0435920813275 -26.6264366363001 -30.0969918265812 -29.4287760404802 -0.114060070633413 
-34.2 3.17596701174868 -1.21232676168517 -8.63735625709366 -1.20028784874025 -1.45330738026123 -1.7123371266869 -14.5017491220006 -24.241185600395 -34.1176665395883 -44.0175953279388 -57.2674610902256 -14.0997647509616 -21.0892213460734 -30.7158222158214 -10.8053696393438 -9.37047433419974 -7.98624168315871 -9.11426759074305 -10.2462206047347 -22.0685513312072 -18.3411794102511 -21.691019588551 -5.00000005180953 -12.036650810934 -16.9534659366798 -26.5091184258157 -30.0247366817448 -29.4015839612919 -0.151183372129602 
-34 3.16246229428949 -1.25770061985802 -8.5919823989208 -1.20747674436446 -1.5058701340583 -1.81027373865683 -14.4832445546913 -24.1773071749129 -34.0084142559333 -43.8629691861109 -57.0674610902248 -14.0905124661756 -21.0345952031145 -30.6158222146897 -10.8238742055214 -9.4343527585502 -8.09549396568202 -9.26889373143922 -10.4462206036037 -22.0159885499786 -18.3339904871954 -21.5930829491496 -5.00000002550973 -11.9912769264613 -16.8627181940346 -26.3926772202367 -29.9536693343386 -29.3758904720586 -0.18559751966333 
-33.8 3.14887014268688 -1.3033682438527 -8.54631477492612 -1.21438396337529 -1.55844497706381 -1.90851620565701 -14.46591505067 -24.1143100468969 -33.8997495039226 -43.7086368101056 -56.8674610902248 -14.0818477132956 -20.9802628262399 -30.5158222138204 -10.8412037086736 -9.49734988569704 -8.20415871682354 -9.42322610657542 -10.6462206027346 -21.9634137532439 -18.3270833144554 -21.4948405284202 -5.00000007264943 -11.9456093496067 -16.771382993185 -26.2771052963551 -29.8837650344518 -29.3516537961664 -0.217372194230227 
-33.6 3.13519480873489 -1.34931534826857 -8.50036767051025 -1.2209883063835 -1.61099642448788 -2.00701475749695 -14.4497034683335 -24.0521513601445 -33.7916437127544 -43.5545839145215 -56.6674610902249 -14.0737419214581 -20.9262099299865 -30.4158222131511 -10.8574152903408 -9.55950857178013 -8.3122645073225 -9.57727900149024 -10.8462206020653 -21.9108622873266 -18.3204789529539 -21.3963419580871 -5.00000005482552 -11.8996622273666 -16.6794887665293 -26.1623951443548 -29.8150019868673 -29.3288378529977 -0.24660259685547 
-33.4 3.1214399932989 -1.39552949874393 -8.45415352003489 -1.22727353333666 -1.6634958019164 -2.10572828540083 -14.434560070235 -23.9907938115706 -33.6840720137051 -43.4007980649969 -56.4674610902249 -14.066170221892 -20.8724240799451 -30.3158222126344 -10.8725586879225 -9.62086611983722 -8.41983620585495 -9.73106485049806 -11.0462206015484 -21.8583628898931 -18.3141937059957 -21.2976284101781 -5.00000003533729 -11.8534480574033 -16.5870604460904 -26.0485381988641 -29.747359191852 -29.3074092084578 -0.273403372942922 
-33.2 3.1076090507958 -1.44199942493297 -8.40768359384585 -1.23322818894191 -1.7159203837107 -2.20462279338417 -14.4204397749912 -23.9302035901378 -33.5770118660833 -43.247267991186 -56.2674610902249 -14.0591100738701 -20.8188940057341 -30.2158222122343 -10.8866789827663 -9.68145634087 -8.52689635307678 -9.88459492390892 -11.2462206011483 -21.8059383408024 -18.3082390830941 -21.1987339348984 -5.00000006844094 -11.8069781643176 -16.4941206268159 -25.9355234287406 -29.6808143479175 -29.2873342907124 -0.297903034590445 
-33 3.09370514135991 -1.48871450925065 -8.36096850952817 -1.23884534716804 -1.76825262625451 -2.30367012024566 -14.4073001122619 -23.8703488430909 -33.4704420347186 -43.0939830755037 -56.0674610902249 -14.052540242195 -20.7656090897413 -30.1158222119238 -10.8998186451851 -9.74131108760648 -8.63346618413093 -10.0378798392808 -11.4462206008379 -21.7536061129578 -18.3026219395672 -21.0996866227361 -5.0000000834506 -11.7602630950099 -16.4006904731902 -25.8233364541595 -29.6153424576541 -29.2685774847667 -0.32023901305269 
-32.8 3.07973133870078 -1.53566442448631 -8.31401859429251 -1.24412228592315 -1.82047948024528 -2.40284688947209 -14.3950997732046 -23.8111985887978 -33.36434186519 -42.9409329907394 -55.8674610902249 -14.0464400724248 -20.7125590047355 -30.0158222116824 -10.9120189840009 -9.80046134165799 -8.7395663534181 -10.1909299238036 -11.6462206005963 -21.7013792734871 -18.2973450153322 -21.0005098680298 -5.00000009821224 -11.7133131945355 -16.3067906574806 -25.7119593606374 -29.5509152793676 -29.2511002217158 -0.340553415059382 
-32.6 3.06569070127284 -1.58283889468439 -8.26684412409443 -1.24906010521115 -1.87259176973136 -2.50213364915625 -14.3837976539969 -23.7527219993921 -33.2586908055862 -42.7881074609375 -55.667461090225 -14.0407890126327 -20.6597334747453 -29.9158222114941 -10.9233211030203 -9.85893793087544 -8.84521741283363 -10.3437554534172 -11.846220600408 -21.6492669843984 -18.2924071964415 -20.901223108743 -5.00000009879784 -11.6661387249234 -16.21244171767 -25.6013704823312 -29.4875008712595 -29.2348602838058 -0.358989502909481 
-32.4 3.05158631383182 -1.63022755552069 -8.21945546325813 -1.25366330349637 -1.92458362885287 -2.60151416911406 -14.3733522973421 -23.694887981901 -33.1534681272588 -42.6354961217738 -55.467461090225 -14.0355663341582 -20.6071221354345 -29.815822211347 -10.9337664595279 -9.91677194821939 -8.95044009101388 -10.4963667924337 -12.0462206002609 -21.5972751534324 -18.2878040263118 -20.8018426169407 -5.00000012710051 -11.6187500923894 -16.1176644243001 -25.4915446340212 -29.4250636837859 -29.2198117571685 -0.375688874521212 
-32.2 3.0374213058383 -1.67781989246943 -8.1718631263094 -1.2579393277814 -1.97645199008664 -2.70097486729657 -14.3637216451371 -23.6376649927473 -33.0486528011563 -42.4830884587225 -55.267461090225 -14.0307510079404 -20.554714472268 -29.7158222112317 -10.9433971116178 -9.97399493725793 -9.05525541700116 -10.6487744553698 -12.2462206001456 -21.5454067845221 -18.2835279943503 -20.7023819110817 -5.00000011953926 -11.5711577478798 -16.0224797428414 -25.3824532760725 -29.3635646627858 -29.2059050731171 -0.390789288009443 
-32 3.02319885246619 -1.72560523741473 -8.12407778136409 -1.2618981126632 -2.02819611991374 -2.80050434206897 -14.3548630249183 -23.5810210275832 -32.9442234910469 -42.3308738036679 -55.067461090225 -14.0263216977406 -20.5024998171228 -29.6158222111413 -10.9522557317461 -10.0306389023316 -9.15968472702009 -10.800989110334 -12.4462206000552 -21.4936626787117 -18.2795692334852 -20.602852460326 -5.00000014364641 -11.5233724270413 -15.9269090770579 -25.2740652051884 -29.3029619368471 -29.1930876921237 -0.404423056130647 
-31.8 3.00892216325745 -1.77357280676911 -8.07611021200971 -1.26555162277061 -2.07981719937553 -2.90009299088514 -14.3467333023359 -23.5249237356464 -32.8401586297557 -42.1788413730223 -54.867461090225 -14.0222568363782 -20.4504673864061 -29.5158222110702 -10.9603854542574 -10.0867361941972 -9.26374958824016 -10.9530215409084 -12.646220599984 -21.4420416344188 -18.2759157585467 -20.5032638466787 -5.00000017888644 -11.4754048929273 -15.8309739735892 -25.1663468690298 -29.2432111700429 -29.1813044946739 -0.416715927110148 
-31.6 2.99459446269327 -1.82171176675156 -8.02797125202727 -1.26891341120755 -2.13131794779492 -2.99973269928698 -14.3392891422657 -23.4693406155937 -32.7364365497206 -42.0269803330047 -54.6674610902251 -14.018534756287 -20.3986063463325 -29.4158222110141 -10.9678296142715 -10.1423193141938 -9.36747166821915 -11.1048825808699 -12.8462205999279 -21.3905408479598 -18.2725539320701 -20.4036241002373 -5.0000001409029 -11.4272658949609 -15.7346960156407 -25.0592629625743 -29.1842662235698 -29.1704985081832 -0.427786367930976 
-31.4 2.98021896620826 -1.87001131397619 -7.97967170480263 -1.27199820451796 -2.18270228832996 -3.09941658704665 -14.3324873311642 -23.4142392572676 -32.6330356441699 -41.8752798802294 -54.4674610902251 -14.015133850692 -20.3469058935128 -29.3158222109698 -10.9746314253286 -10.1974206724756 -9.47087257372556 -11.2565830336009 -13.0462205998836 -21.339156514338 -18.2694691456729 -20.3039402193908 -5.00000014786039 -11.3789663546942 -15.6380969281489 -24.9527772706706 -29.1260800788908 -29.1606119107288 -0.437745171159513 
-31.2 2.96579885446175 -1.91846076189689 -7.93122225688193 -1.27482152231841 -2.23397505405112 -3.19913880068851 -14.3262851228471 -23.3595876010298 -32.5299345400113 -41.7237293281501 -54.2674610902251 -14.0120327464983 -20.2953553413984 -29.2158222109347 -10.9808336336107 -10.2520723286784 -9.57397367784905 -11.4081335856451 -13.2462205998485 -21.2878838272432 -18.2666459064988 -20.2042180843753 -5.00000022652188 -11.3305169854346 -15.541198110969 -24.8468529273731 -29.0686051835139 -29.1515864632727 -0.446695314659197 
-31 2.95133724798899 -1.96704962597564 -7.88263339280318 -1.27739933710053 -2.28514173291199 -3.29889434362813 -14.3206405791621 -23.305354193266 -32.4271122681688 -41.5723181922289 -54.0674610902251 -14.009210474628 -20.2439442054493 -29.1158222109069 -10.9864781772679 -10.3063057364143 -9.6767959496637 -11.5595447215385 -13.4462205998206 -21.2367171793149 -18.2640681226492 -20.1044625723682 -5.00000025748224 -11.2819281523166 -15.4440204137719 -24.7414528717088 -29.0117939919284 -29.1433641357659 -0.454732013514657 
-30.8 2.93683718375955 -2.01576770244276 -7.83391531633606 -1.27974777735744 -2.33620824963602 -3.39867893681929 -14.3155128850306 -23.2515084226674 -32.3245484211031 -41.421036268696 -53.8674610902252 -14.0066466275401 -20.1926622818943 -29.0158222108848 -10.9916058713772 -10.3601515069907 -9.77935979670729 -11.7108266450492 -13.6462205997984 -21.1856506627984 -18.2617196825999 -20.0046779793846 -5.00000025771193 -11.2332100760788 -15.3465842610673 -24.6365405846159 -28.9555997813026 -29.1358880016073 -0.461942913488172 
-30.6 2.92230159465944 -2.06460513723398 -7.78507788154484 -1.2818828751097 -2.3871807821795 -3.49848890415399 -14.3108626241955 -23.1980207270411 -32.2222232906855 -41.2698737034873 -53.6674610902252 -14.0043214971049 -20.1414997166679 -28.9158222108671 -10.9962561321947 -10.4136392025994 -9.88168492710718 -11.8619892102403 -13.8462205997808 -21.1346781696768 -18.2595846242695 -19.9048680514718 -5.00000029715147 -11.1843726807275 -15.2489094309244 -24.5320803958857 -28.8999770273636 -29.1291026824594 -0.468408384709482 
-30.4 2.90773329246798 -2.11355248318567 -7.73613053559316 -1.28382035701318 -2.43806561003467 -3.59832107796083 -14.3066520080023 -23.1448627648962 -32.1201179825889 -41.118821049439 -53.4674610902252 -14.002216188994 -20.0904470626053 -28.8158222108529 -11.0004667483738 -10.4667971647302 -9.9837902351897 -12.0130418642745 -14.0462205997666 -21.0837933916706 -18.257647192215 -19.8050359275139 -5.00000034701471 -11.1354253846386 -15.1510147888839 -24.4280376557486 -28.8448816331782 -29.1229546342258 -0.47420188279593 
-30.2 2.89313495455579 -2.16260074472751 -7.68708227405131 -1.28557547680952 -2.48886899137285 -3.69817272084086 -14.3028450541689 -23.092007549521 -32.0182145056719 -40.9678693109801 -53.2674610902245 -14.0003127120664 -20.0394953241359 -28.7158222108416 -11.0042737021959 -10.5196523800941 -10.0856937120955 -12.1639936027221 -14.2462205997561 -21.0329900205004 -18.2558920825866 -19.7051842948019 -5.00000035719399 -11.0863771332761 -15.0529182759799 -24.3243790692145 -28.7902713081859 -29.1173925707753 -0.479390351805428 
-30 2.87850911427498 -2.21174141017023 -7.6379416086086 -1.28716288589334 -2.53959706589939 -3.79804146081011 -14.2994077159405 -23.0394295458499 -31.9164958365581 -40.8170099764236 -53.0674610902252 -13.9985940429428 -19.9886359895696 -28.6158222108325 -11.0077110404152 -10.5722303837562 -10.1874123812002 -12.3148529372696 -14.4462205997463 -20.9822619481499 -18.2543046756788 -19.6053155570086 -5.00000035937907 -11.0372364700184 -14.9546369472792 -24.221072993202 -28.7361058976161 -29.1123678256483 -0.484034649364021 
-29.8 2.86385815482733 -2.26096647230742 -7.5887165464714 -1.28859653810574 -2.59025578024897 -3.89792523729689 -14.2963079644886 -22.9871047322607 -31.8149459608317 -40.66623503856 -52.8674610902245 -13.9970441672099 -19.9378610516995 -28.5158222108252 -11.0108107918599 -10.624555197338 -10.2889622569192 -12.4656278751258 -14.6462205997397 -20.9316033169313 -18.2528711065975 -19.5054318636529 -5.00000044251739 -10.9880114910196 -14.8561869061435 -24.1180895484015 -28.6823475149529 -29.1078345051222 -0.488189979180685 
-29.6 2.84918430627376 -2.31026843846344 -7.53941458031538 -1.2898896245164 -2.64085083281566 -3.99782225601959 -14.2935158291134 -22.9350106307296 -31.7135498931446 -40.5155370047168 -52.6674610902253 -13.995648099516 -19.8871630178496 -28.4158222108194 -11.0136029272291 -10.6766492988633 -10.3903583246005 -12.6163259089631 -14.846220599733 -20.8810083192228 -18.251578075045 -19.4055348997883 -5.00000049738144 -10.9387095797276 -14.7575830286951 -24.0154004491677 -28.6289603818751 -29.1037493382005 -0.491906320056678 
-29.4 2.83448964526708 -2.35964033139121 -7.49004268738762 -1.29105453378602 -2.69138763501304 -4.09773095114475 -14.2910034008238 -22.8831263095121 -31.6122936789994 -40.3649088976439 -52.4674610902245 -13.9943918853668 -19.8365349107726 -28.3158222108146 -11.016115355514 -10.728533620076 -10.491614538741 -12.7669540160314 -15.046220599729 -20.8304715479281 -18.250413196678 -19.3056262355659 -5.00000052828887 -10.8893377177073 -14.6588392737474 -23.9129793566603 -28.5759111822955 -29.1000720315486 -0.49522884364398 
-29.2 2.81977609708574 -2.40907568243924 -7.44060733633958 -1.29210283398057 -2.74187128625562 -4.19764995343536 -14.2887448050167 -22.831432362657 -31.5111643810962 -40.2143442486927 -52.2674610902253 -13.993262587459 -19.7859702618168 -28.2158222108108 -11.0183739513172 -10.7802275669272 -10.5927438366403 -12.9175186649787 -15.2462205997244 -20.7799879964766 -18.2493649962746 -19.2057073330664 -5.0000006280839 -10.8399024664543 -14.559968671446 -23.8108018583577 -28.5231690350409 -29.096765235342 -0.498198315440283 
-29 2.80504543953504 -2.45856851844402 -7.3911145003348 -1.29304527187817 -2.79230656015801 -4.29757806334253 -14.2867161490351 -22.7799108706706 -31.410150053105 -40.0638370846967 -52.0674610902246 -13.9922482594655 -19.7354630978185 -28.1158222108076 -11.0204026072957 -10.8317490589105 -10.6937581646283 -13.0680258289715 -15.446220599722 -20.7295528084951 -18.2484226442979 -19.1057793090801 -5.0000007140079 -10.7904097163735 -14.4609830853608 -23.7088451783929 -28.4707051910809 -29.0937942273868 -0.500851475438484 
-28.8 2.79029930829627 -2.50811334375769 -7.34156967502113 -1.29389178609639 -2.8426978996899 -4.39751422818809 -14.2848954502905 -22.7285453466124 -31.3092397037332 -39.9133819100112 -51.8674610902254 -13.9913379100903 -19.6850079231296 -28.0158222108051 -11.0222233060377 -10.8831145829661 -10.7946685139976 -13.2184810036545 -15.6462205997186 -20.6791615782015 -18.2475762393179 -19.0058432534728 -5.00000082324873 -10.7408650003006 -14.3618935439739 -23.6070884240436 -28.4184932620453 -29.0911271236648 -0.503221396322187 
-28.6 2.7755392033676 -2.55770511860775 -7.29197790017107 -1.29465153095777 -2.89304941940134 -4.49745752274959 -14.28326254969 -22.6773206711619 -31.2084232534325 -39.7629736848605 -51.6674610902246 -13.9905214597883 -19.6345996979775 -27.915822210803 -11.0238562066361 -10.9343392584146 -10.8954849642961 -13.3688892288031 -15.8462205997173 -20.6288101000766 -18.2468165360431 -18.9059000004978 -5.00000086483735 -10.6912732670392 -14.2627100358628 -23.5055122704703 -28.366508883322 -29.0887345197916 -0.505337817980322 
-28.4 2.7607664962524 -2.60733923494522 -7.2423437838336 -1.29533290821334 -2.94336491299439 -4.59740713268011 -14.2817990150407 -22.6262230201751 -31.1076914861083 -39.6126078011987 -51.4674610902254 -13.9897896924615 -19.5842338143133 -27.8158222108013 -11.0253197412837 -10.9854369093997 -10.9962167316187 -13.5192551124631 -16.0462205997148 -20.5784947693897 -18.2461353216936 -18.8059505534735 -5.00000102774522 -10.6416393136096 -14.1634419660953 -23.4040992887983 -28.3147300179874 -29.0865897707946 -0.507227458120947 
-28.2 2.74598243763955 -2.65701149063999 -7.19267152813884 -1.29594360444944 -2.99364786492525 -4.69736234030574 -14.280488037819 -22.5752397872586 -31.007035997497 -39.4622800568928 -51.2674610902247 -13.9891342038496 -19.5339060700067 -27.7158222107999 -11.026630718504 -11.0364201423147 -11.0968722202285 -13.6695828567676 -16.2462205997141 -20.5282118812787 -18.2455246892774 -18.7059954096677 -5.0000010915665 -10.5919671217361 -14.0640975185275 -23.3028331677722 -28.2631361526562 -29.084668161158 -0.508914299062738 
-28 2.73118816530534 -2.70671806293161 -7.14296495584721 -1.29649063197525 -3.04390146474268 -4.79732251241479 -14.2793143269863 -22.5243595041342 -30.9064491420811 -39.3119866291852 -51.0674610902254 -13.9885473484317 -19.4836126422971 -27.6158222107987 -11.0278044293355 -11.0873004254379 -11.1974590756433 -13.8198762844741 -16.4462205997121 -20.4779584318013 -18.2449778120917 -18.6060353878987 -5.00000124190777 -10.5422606997858 -13.9646845242851 -23.2016994351717 -28.2117089923473 -29.0829475731408 -0.510419851616487 
-27.8 2.71638471208885 -2.75645548163312 -7.0932275371457 -1.29698037189186 -3.0941286233608 -4.89728708973442 -14.2782640017916 -22.473571760238 -30.8059239794833 -39.1617240478859 -50.8674610902247 -13.9880221858338 -19.4333500609977 -27.5158222107977 -11.0288547545292 -11.1380881693331 -11.29798423824 -13.9701388657723 -16.6462205997119 -20.4277314170154 -18.2444882160073 -18.5060709544113 -5.00000138574096 -10.4925234249174 -13.8652098307157 -23.1006846764906 -28.1604316523676 -29.0814076518627 -0.511763396713925 
-27.6 2.70157301375417 -2.80622060271528 -7.04346241606354 -1.29741861782281 -3.14433199037391 -4.99725557782969 -14.277324486121 -22.4228671234853 -30.7054542216485 -39.0114891689689 -50.6674610902255 -13.9875524279973 -19.383115182079 -27.4158222107969 -11.029794270199 -11.188792806085 -11.3984539960741 -14.1203737446886 -16.8462205997103 -20.3775282335044 -18.2440501535784 -18.4061026498181 -5.00000156924381 -10.4427584873381 -13.7656797720538 -22.9997768562276 -28.1092889531868 -29.080030073764 -0.512962206176228 
-27.4 2.68675391664767 -2.85601058257912 -6.99367243619971 -1.29781061948086 -3.19451397189579 -5.0972275392154 -14.2764844055756 -22.3722370630761 -30.6050341813754 -38.861279148832 -50.4674610902247 -13.9871323877243 -19.3329051619422 -27.3158222107963 -11.0306343507437 -11.2394228664936 -11.4988740363465 -14.2705837648248 -17.0462205997104 -20.3273464781144 -18.2436583780522 -18.3061309145642 -5.00000179537635 -10.3929687336068 -13.6661000384591 -22.898965040429 -28.0582671172521 -29.0787982176931 -0.514031743709448 
-27.2 2.67192818505563 -2.90582285333553 -6.9438601654433 -1.29816112525321 -3.24467674842455 -5.19720258650058 -14.275733488602 -22.3216738753461 -30.504658722889 -38.7110914195892 -50.2674610902255 -13.9867569292366 -19.282717432698 -27.2158222107957 -11.0313852677167 -11.289986054223 -11.5992494948323 -14.420771494067 -17.246220599709 -20.277183847823 -18.2433080185173 -18.2061560135165 -5.00000194161435 -10.3431566090884 -13.5664756431839 -22.7982392224083 -28.0073535699877 -29.0776969411852 -0.514985847508403 
-27 2.65709650819605 -2.95565509931372 -6.8940279194651 -1.29847442321158 -3.29482229236112 -5.29718037641534 -14.2750624725141 -22.2711706132799 -30.4043232148446 -38.5609236655666 -50.0674610902248 -13.9864214211925 -19.2325496786758 -27.1158222107953 -11.0320562838042 -11.3404893162887 -11.6995850028762 -14.5709392480891 -17.4462205997093 -20.2270385402651 -18.2429949569375 -18.1061784599803 -5.00000217799343 -10.2933245994893 -13.4668113876069 -22.6975906527846 -27.9565372463423 -29.0767128635179 -0.515836895834485 
-26.8 2.64225950682597 -3.00550523486161 -6.84417778391721 -1.29875438029934 -3.34495238499677 -5.39716060459888 -14.2744630147064 -22.2207210199244 -30.3040234859412 -38.4107738011153 -49.8674610902256 -13.9861216922879 -19.1823998142233 -27.0158222107949 -11.0326557416115 -11.3909389096438 -11.7998847317792 -14.72108911254 -17.6462205997081 -20.1769087530751 -18.2427153052955 -18.0061985372425 -5.00000248343955 -10.2434747693875 -13.3671114219569 -22.5970112722395 -27.9058080013451 -29.0758337540686 -0.516595956743619 
-26.6 2.62741773942065 -3.05537138358469 -6.79431163519413 -1.29900447929352 -3.39506863271403 -5.49714300103922 -14.273927609598 -22.1703194660929 -30.2037557833866 -38.2606399498376 -49.6674610902248 -13.9858539897335 -19.1322659629458 -26.9158222107943 -11.0331911467195 -11.441340463475 -11.9001524343335 -14.8712229638173 -17.8462205997085 -20.1267927840193 -18.2424654849627 -17.9062164194636 -5.00000276210114 -10.193608899326 -13.2673794031727 -22.4964937493526 -27.8551566271812 -29.0750485286278 -0.517272923386159 
-26.4 2.61257170792129 -3.10525185903465 -6.74443115974418 -1.29922785343018 -3.44517248230065 -5.59712732607579 -14.2734495113978 -22.1199608924428 -30.1035167342865 -38.1105204252876 -49.4674610902249 -13.9856149406332 -19.0821464383955 -26.8158222107941 -11.0336692449194 -11.4916990371248 -12.0003914834333 -15.0213424883671 -18.0462205997082 -20.0766893313893 -18.2422425077827 -17.8062324913837 -5.00000315905805 -10.1437288208334 -13.1676188492297 -22.3960317230727 -27.8045750763513 -29.0743474532479 -0.517876636058727 
-26.2 2.59772186306866 -3.15514514678897 -6.69453787198985 -1.29942731874034 -3.49526523536513 -5.69711336689461 -14.2730226624152 -22.0696407557058 -30.0033033097952 -37.960413713042 -49.2674610902249 -13.9854015161416 -19.0320397261496 -26.7158222107938 -11.0340960939018 -11.5420191738616 -12.1006049079243 -15.1714492006125 -18.2462205997079 -20.026596893214 -18.2420433573617 -17.7062467654541 -5.00000347394751 -10.0938358479681 -13.0678325886105 -22.2956191481607 -27.7540557891936 -29.0737214538445 -0.518414992059529 
-26 2.58286860929965 -3.20504988799935 -6.64463313077947 -1.2996054038673 -3.54534806170247 -5.79710093444233 -14.2726416272567 -22.0193549793369 -29.903112792216 -37.8103184542524 -49.0674610902249 -13.9852109985621 -18.9819444673598 -26.6158222107936 -11.0344771290601 -11.5923049502302 -12.2007954255034 -15.3215444594019 -18.4462205997077 -19.9765145182451 -18.2418657236032 -17.6062596492748 -5.00000392531614 -10.0439315581268 -12.9680235575584 -22.1952509968232 -27.7035923790665 -29.0731627849277 -0.518895044653291 
-25.8 2.5680123092627 -3.25496486422059 -6.59471815455823 -1.29976437769658 -3.59542201175299 -5.89708986071408 -14.2723015321417 -21.9690999080007 -29.8029427446585 -37.6602334304736 -48.8674610902249 -13.9850409510044 -18.9318594435809 -26.5158222107934 -11.0348172241749 -11.6425600215663 -12.3009654730607 -15.4716294831804 -18.6462205997075 -19.9264410549714 -18.2417072365507 -17.5062712097798 -5.0000044120931 -9.99401706868211 -12.8681940918929 -22.0949224622134 -27.6531788206779 -29.0726642027604 -0.519323091880609 
-25.6 2.5531532879326 -3.30488898358529 -6.54479403519353 -1.29990627461321 -3.64548802803432 -5.99707999636011 -14.2719980096005 -21.9188722660948 -29.7027909833879 -37.5101575498383 -48.6674610902249 -13.9848891897337 -18.8817835629454 -26.4158222107933 -11.0351207467159 -11.692787663472 -12.4011172343311 -15.6217053638156 -18.8462205997073 -19.8763755521445 -18.2415658530885 -17.4062815875882 -5.00000492554767 -9.94409346277235 -12.768346366618 -21.9946293174807 -27.60280979531 -29.0722192967571 -0.519704756412672 
-25.4 2.53829183636884 -3.35482126817655 -6.49486175060227 -1.30003291764526 -3.69554695565762 -6.09707120857467 -14.2717271479656 -21.8686691198686 -29.6026555525705 -37.3600898344296 -48.467461090225 -13.9847537589161 -18.8317158475365 -26.3158222107932 -11.0353916083508 -11.7429908096981 -12.5012526651484 -15.7717730792241 -19.0462205997071 -19.8263172587788 -18.2414398443141 -17.3062910096313 -5.00000555980545 -9.8941618124385 -12.6684824316933 -21.894367877889 -27.5524806403095 -29.0718224263479 -0.520045057166614 
-25.2 2.5234282151379 -3.40476084252943 -6.4449221762494 -1.3001459395967 -3.74559955196195 -6.19706337923188 -14.2714854453771 -21.8184878429272 -29.5025347012762 -37.2100294087825 -48.267461090225 -13.9846329076217 -18.7816554218893 -26.2158222107931 -11.0356333109391 -11.7931720866393 -12.6013735164425 -15.9218335048711 -19.246220599707 -19.7762653738232 -18.2413275337113 -17.2062995503227 -5.00000627115425 -9.84422294943481 -12.5686039943363 -21.7941347159921 -27.5021870527655 -29.0714684131568 -0.520348473491681 
-25 2.5085626574147 -3.45470692321057 -6.39497609556826 -1.3002468022392 -3.79564649528558 -6.29705640323665 -14.2712697681017 -21.7683260849707 -29.4024268626385 -37.0599754894637 -48.067461090225 -13.9845250689839 -18.7316015025704 -26.115822210793 -11.0358489882144 -11.8433338445958 -12.7014813550801 -16.0718874241899 -19.4462205997069 -19.726219146292 -18.2412273868613 -17.1063072421104 -5.00000698694681 -9.79427758454584 -12.4687125487666 -21.6939267305045 -27.451925147959 -29.0711525890315 -0.520619002716133 
-24.8 2.49369537178968 -3.50465880938688 -6.34502420939194 -1.30033681371488 -3.84568839293758 -6.39705018706496 -14.2710773128069 -21.7181817434996 -29.3023306349912 -36.90992737564 -47.867461090225 -13.9844288413365 -18.6815533887466 -26.0158222107929 -11.0360414435091 -11.8934781860667 -12.8015775827274 -16.2219355380134 -19.6462205997068 -19.676178125594 -18.2411382523396 -17.0063143352361 -5.00000786390085 -9.74432657532395 -12.368809653368 -21.5937413683355 -27.4016916719663 -29.0708709992151 -0.520860211700386 
-24.6 2.47882654481748 -3.55461587426234 -6.29506714451649 -1.30041714437194 -3.89572578847009 -6.49704464747293 -14.2709055723088 -21.668052938126 -29.2022447647421 -36.7598844405155 -47.667461090225 -13.9843429710873 -18.631510453622 -25.9158222107928 -11.0362131840072 -11.9436069914402 -12.9016634529764 -16.3719784731379 -19.8462205997067 -19.6261416608749 -18.241058852496 -16.9063208056416 -5.00000879471439 -9.69437044126166 -12.2688964544307 -21.4935760982429 -27.3514834667492 -29.0706198588734 -0.521075282911055 
-24.4 2.46395634330447 -3.60457755739209 -6.24510546138674 -1.30048884098977 -3.94575916821768 -6.59703971035026 -14.2707523048278 -21.6179379875153 -29.1021681310016 -36.6098461236452 -47.4674610902251 -13.9842663373468 -18.5814721367517 -25.8158222107928 -11.0363664514881 -11.9937219420509 -13.0017400867168 -16.5220167900081 -20.0462205997066 -19.5761094016749 -18.2409882764257 -16.8063268633118 -5.00000991526206 -9.64440987867996 -12.1689742087188 -21.3934288884323 -27.3012979400683 -29.0703960153223 -0.521267055740988 
-24.2 2.44908491638598 -3.65454335770346 -6.19513966107536 -1.30055283972279 -3.99578896726207 -6.69703530970603 -14.2706155060733 -21.5678353884494 -29.0020997316244 -36.4598119239567 -47.2674610902251 -13.9841979379695 -18.531437937063 -25.7158222107927 -11.0365032502425 -12.0438245411167 -13.101808486094 -16.6720509896966 -20.2462205997065 -19.5260807472056 -18.2409254222678 -16.7063324085311 -5.00001105983716 -9.5944452229433 -12.0690437526712 -21.2932976348971 -27.2511324868445 -29.0701963624099 -0.521438063367111 
-24 2.4342123973808 -3.70451282726502 -6.1451701915138 -1.30060997765938 -4.04581557476022 -6.79703138676574 -14.2704933843196 -21.5177437971341 -28.9020386707475 -36.3097813935182 -47.0674610902251 -13.9841368770925 -18.4814074066245 -25.6158222107927 -11.0366253719962 -12.093916132432 -13.2018695469708 -16.822081520135 -20.4462205997064 -19.476055497204 -18.2408696418278 -16.606337688968 -5.00001241733383 -9.5444771108788 -11.9691061710447 -21.1931807935803 -27.2009851150893 -29.0700184602162 -0.521590565821644 
-23.8 2.41933890547733 -3.75448556562125 -6.09519745315758 -1.30066100335383 -4.09583933881089 -6.89702788917264 -14.2703843377445 -21.4676620122028 -28.80198414746 -36.1597541318745 -46.8674610902251 -13.984082353805 -18.4313801449807 -25.5158222107927 -11.0367344185712 -12.1439979173632 -13.3019240702583 -16.9721087817787 -20.6462205997064 -19.4260332511447 -18.2408201341247 -16.5063427045525 -5.00001393532521 -9.49450589051356 -11.8691622123237 -21.0930767625897 -27.1508538224549 -29.0698599059381 -0.521726579438053 
-23.6 2.40446454723708 -3.80446121474125 -6.04522180403757 -1.30070658621712 -4.14586057079419 -6.99702477027594 -14.2702869342245 -21.4175889595629 -28.7019354457 -36.0097297809945 -46.6674610902251 -13.9840336520449 -18.3813557941007 -25.4158222107926 -11.0368318220911 -12.1940709700031 -13.4019727720182 -17.1221331326586 -20.8462205997063 -19.376013758699 -18.240776290799 -16.4063475629868 -5.00001567486288 -9.44453198093162 -11.7692126536213 -20.9929842175041 -27.1007369264893 -29.0697186590925 -0.521847903257005 
-23.4 2.38958941795406 -3.85443945445122 -5.9952435643276 -1.30074732502086 -4.19587954930791 -7.09702198849963 -14.2701998930645 -21.3675236786928 -28.60189192512 -35.8597080207045 -46.4674610902252 -13.9839901314649 -18.3313340338106 -25.3158222107926 -11.0369188632512 -12.2441362508732 -13.5020162925982 -17.2721548929486 -21.0462205997063 -19.3259966694071 -18.2407374412171 -16.3063522339849 -5.00001756408472 -9.3945556304431 -11.6692580634232 -20.8929018473422 -27.0506327960374 -29.0695927683505 -0.521956142567588 
-23.2 2.37471360286716 -3.90441999836101 -5.94526302041781 -1.30078375548124 -4.24589652367807 -7.19701950677958 -14.2701220687036 -21.3174653104222 -28.5018530129396 -35.7096885646143 -46.2674610902252 -13.9839512192844 -18.2813145777204 -25.2158222107926 -11.036996687612 -12.2941946191437 -13.6020552047786 -17.4221743490387 -21.2462205997062 -19.2759819332033 -18.240703248923 -16.2063569538712 -5.00001980225105 -9.34457732470002 -11.56929921377 -20.7928287428678 -27.0005402354727 -29.0694807516956 -0.522052730005735 
-23 2.3598371782646 -3.95440259015352 -5.89528042862531 -1.30081635718211 -4.29591171717144 -7.29701729206546 -14.2700524358737 -21.2674130857997 -28.4018181965246 -35.5596711564068 -46.0674610902252 -13.9839164028694 -18.2312971695129 -25.1158222107926 -11.0370663204419 -12.3442468437662 -13.7020900211935 -17.5721917572462 -21.4462205997062 -19.2259690994961 -18.2406730070084 -16.1063615283716 -5.00002216203731 -9.2945970926934 -11.4693363899712 -20.6927636845382 -26.9504577689356 -29.069380876951 -0.522138944301093 
-22.8 2.3449602124529 -4.00438700032885 -5.84529601844997 -1.30084555963946 -4.34592532980413 -7.39701531487348 -14.2699900765743 -21.217366316325 -28.3017870168746 -35.4096555665814 -45.8674610902245 -13.9838852232199 -18.181281579688 -25.0158222107924 -11.0371286797413 -12.3942936132409 -13.8021212008436 -17.7222073470716 -21.6462205997069 -19.1759582684171 -18.2406465861047 -16.0063662871173 -5.0000249435912 -9.24461546407194 -11.3693703511744 -20.5927060839845 -26.9003845785573 -29.069292096748 -0.522215927186271 
-22.6 2.33008276665467 -4.05437302318815 -5.79530999559068 -1.30087174793932 -4.39593754096328 -7.49701354889193 -14.2699341680122 -21.1673243849037 -28.201759062594 -35.2596415894415 -45.6674610902252 -13.9838572689385 -18.1312676025473 -24.9158222107924 -11.0371845883033 -12.4443355446622 -13.9021491551242 -17.8722213242115 -21.8462205997061 -19.1259490895063 -18.2406234300532 -15.9063710853471 -5.00002797583956 -9.19463247346101 -11.2694013377038 -20.4926549736523 -26.8503194910844 -29.0692130321345 -0.522284698324721 
-22.4 2.31520489579056 -4.10436047420607 -5.74532254457275 -1.30089526763855 -4.44594851168045 -7.59701197062702 -14.2698839720832 -21.1172867379567 -28.1017339646291 -35.1096290404587 -45.4674610902245 -13.9838321709743 -18.0812550535652 -24.8158222107924 -11.0372347842323 -12.4943731916092 -14.002174253089 -18.0222338731943 -22.0462205997068 -19.0759415627637 -18.2406033543285 -15.8063761075866 -5.00003141981414 -9.14464846641766 -11.1694298796429 -20.3926097999628 -26.8002617684128 -29.0691427604808 -0.522346168824366 
-22.2 2.30032664919992 -4.1543491876097 -5.69533383116912 -1.30091642929265 -4.49595838673817 -7.69701055908837 -14.2698388256985 -21.0672528781684 -28.0017113914371 -34.9596177538631 -45.2674610902253 -13.9838095977816 -18.0312437669689 -24.7158222107923 -11.037279930617 -12.5444070513975 -14.102196826281 -18.1722451597898 -22.246220599706 -19.0259355880579 -18.2405860930263 -15.7063814194772 -5.00003532016608 -9.09466365336597 -11.0694563531872 -20.2925699654687 -26.7502106473223 -29.0690803527939 -0.522401153204977 
-22 2.28544807128299 -4.20433901422078 -5.64534400455804 -1.3009355124901 -4.5459672965467 -7.79700929550798 -14.2697981321421 -21.0172223580009 -27.9016910446585 -34.8096075804734 -45.0674610902245 -13.9837892510037 -17.9812335935799 -24.6158222107923 -11.0373206241734 -12.5944375715649 -14.2022171730595 -18.3222553331795 -22.4462205997067 -18.9759310151918 -18.2405713467713 -15.60638702 -5.0000396571085 -9.04467816369731 -10.9694810369079 -20.1925348724351 -26.7001653808998 -29.0690249129825 -0.522450380150099 
-21.8 2.27056920207782 -4.25432981951735 -5.59535319926148 -1.30095276947761 -4.59597535883077 -7.89700816308862 -14.2697613533291 -20.9671947738913 -27.8016726552524 -34.6595983857708 -44.8674610902253 -13.9837708615968 -17.9312243988765 -24.5158222107923 -11.0373574029864 -12.6444651556745 -14.3022355624656 -18.4722645278821 -22.6462205997059 -18.9259278441653 -18.2405589810414 -15.506393043677 -5.00004454836615 -8.9946922496584 -10.869504317572 -20.0925041172991 -26.6501254310604 -29.0689757684396 -0.522494502147815 
-21.6 2.25569007778703 -4.30432148186399 -5.54536153691483 -1.30096842847556 -4.64598268017537 -7.99700714677986 -14.269728002715 -20.9171697609305 -27.701655979945 -34.5095900481167 -44.6674610902246 -13.9837541862901 -17.8812160612231 -24.4158222107923 -11.0373907536005 -12.6944901686353 -14.4022522377731 -18.6222728655362 -22.8462205997067 -18.8759260249129 -18.2405488241356 -15.4063995620779 -5.00005005045831 -8.94470608940392 -10.7695264949713 -19.9924772850859 -26.6000902611938 -29.0689322609197 -0.522534104089742 
-21.4 2.24081073125012 -4.35431389092479 -5.49536912785403 -1.30098269665083 -4.69598935741144 -8.09700623307674 -14.269697638959 -20.8671469881137 -27.6016407980674 -34.3595824571783 -44.4674610902254 -13.9837390044117 -17.8312084702839 -24.3158222107923 -11.0374211173565 -12.7445129414521 -14.5022674196507 -18.7722804564746 -23.0462205997059 -18.8259256075001 -18.2405408157837 -15.3064067356043 -5.00005631028164 -8.89471994016644 -10.6695479366726 -19.8924540948563 -26.5500594800251 -29.0688938888117 -0.52256971101689 
-21.2 2.22593119237891 -4.40430694620048 -5.44537607257834 -1.30099576286297 -4.74599547889927 -8.19700540984025 -14.269669860061 -20.8171261539401 -27.501626908618 -34.2095755124532 -44.2674610902246 -13.9837251149631 -17.7812015255596 -24.2158222107923 -11.0374488962545 -12.7945337756257 -14.6022813091 -18.9222874011997 -23.2462205997066 -18.7759264417299 -18.2405347052892 -15.2064145145585 -5.00006326599929 -8.84473384060841 -10.5695687818393 -19.7924340949125 -26.5000325353569 -29.0688599994193 -0.522601795031629 
-21 2.21105148854348 -4.45430055573161 -5.39538246304721 -1.3010078000947 -4.79600112566213 -8.29700466613425 -14.2696442981863 -20.7671069825342 -27.4016141276811 -34.0595691219851 -44.0674610902254 -13.9837123340254 -17.7311951350908 -24.1158222107923 -11.0374744581292 -12.8445529470315 -14.702294090037 -19.0722937916677 -23.4462205997058 -18.7259286777995 -18.2405305508898 -15.1064231410968 -5.00007114883167 -8.79474811390966 -10.469589445609 -19.6924171595762 -26.4500092095517 -29.0688302831452 -0.52263078159343 
-20.8 2.19617164493891 -4.50429463486639 -5.34538838391243 -1.30101896777169 -4.8460063724739 -8.39700399208079 -14.2696206147246 -20.7170892199378 -27.3016022859499 -33.9095632011192 -43.8674610902247 -13.9837004922949 -17.6811892142256 -24.0158222107923 -11.0374981415908 -12.8945707096279 -14.8023059317681 -19.2222997125337 -23.6462205997065 -18.6759323157086 -18.2405282679338 -15.0064326998713 -5.00008003355264 -8.74476291949585 -10.3696101720608 -19.5924030348889 -26.3999891639993 -29.0688043167276 -0.522657055103349 
-20.6 2.18129168491449 -4.55428910515473 -5.2953939136241 -1.30102941384231 -4.89601128883286 -8.49700337872808 -14.2695984958788 -20.6670726308036 -27.2015912265273 -33.7595576714083 -43.6674610902255 -13.9836894328716 -17.6311836845139 -23.9158222107924 -11.0375202604367 -12.9445872987621 -14.9023169911907 -19.3723052422446 -23.8462205997057 -18.6259374055232 -18.2405278280367 -14.9064433193975 -5.00009003972619 -8.69477845538106 -10.2696312376573 -19.4923915355693 -26.349972134968 -29.0687817579846 -0.522680964013058 
-20.4 2.1664116302816 -4.60428389331355 -5.24539912546527 -1.30103927672787 -4.94601593987724 -8.5970028179313 -14.2695776485133 -20.6170569952794 -27.1015808028442 -33.6095524595664 -43.4674610902247 -13.9836790091893 -17.5811784726727 -23.8158222107924 -11.0375411078021 -12.9946029342864 -15.0023274148738 -19.5223104540865 -24.0462205997065 -18.5759440473746 -18.2405292580469 -14.8064551730901 -5.00010133262196 -8.64479496011801 -10.1696529542358 -19.3923825418965 -26.299957929454 -29.0687623406294 -0.522702825438525 
-20.2 2.15153150160249 -4.65427893025676 -5.19540408852207 -1.30104868715445 -4.99602038724703 -8.69700230224429 -14.2695577962869 -20.5670421061097 -27.0015708767314 -33.4595474965104 -43.2674610902255 -13.9836690830757 -17.5311735096159 -23.7158222107924 -11.0375609600285 -13.044617823456 -15.1023373409866 -19.6723154171425 -24.2462205997057 -18.5259523413942 -18.2405325890097 -14.7064684301664 -5.00011407401134 -8.59481266456418 -10.0696756217384 -19.2923759467464 -26.2499463712472 -29.0687458193658 -0.522722929355128 
-20 2.13665131845987 -4.70427415018933 -5.1454088685895 -1.30105776986519 -5.04602468989033 -8.79700182482016 -14.2695386760165 -20.5170277659067 -26.9015613165958 -33.3095427164422 -43.0674610902248 -13.9836595229408 -17.4811687295485 -23.6158222107924 -11.037580080299 -13.094632163659 -15.2023469011222 -19.8223201972107 -24.4462205997064 -18.4759625379105 -18.2405380054586 -14.6064834067502 -5.00012857317095 -8.54483194379122 -9.96969968103324 -19.1923718030597 -26.199937447493 -29.0687321155442 -0.522741542454584 
-19.8 2.12177109972168 -4.75426948971773 -5.09541352906109 -1.30106664530949 -5.09602890486304 -8.89700137932127 -14.2695200341309 -20.4670137844927 -26.8015519956534 -33.1595380559714 -42.8674610902255 -13.9836502019976 -17.4311640690769 -23.5158222107924 -11.0375987221845 -13.144646145073 -15.3023562220646 -19.9723248576815 -24.6462205997056 -18.4259746369235 -18.240545444 -14.5065001662348 -5.00014488715668 -8.49485291824855 -9.86972531596177 -19.0923699206587 -26.1499309046204 -29.0687209122 -0.522758911638331 
-19.6 2.10689086378287 -4.8042648870377 -5.04541813174112 -1.30107543118184 -5.14603308805536 -8.99700095983356 -14.26950162341 -20.4169999764519 -26.7015427902926 -33.0095334532906 -42.6674610902248 -13.9836409966376 -17.3811594663969 -23.4158222107924 -11.0376171329054 -13.1946599531138 -15.4023654274254 -20.1223294603622 -24.8462205997064 -18.3759889388275 -18.2405551432239 -14.4065190708188 -5.00016337225296 -8.44487600602485 -9.76975300641849 -18.9923704145219 -26.0999267958035 -29.0687122007031 -0.52277526734523 
-19.4 2.09201062881486 -4.85426028109593 -4.99542273768289 -1.30108424402081 -5.19603729495256 -9.09700056078899 -14.2694831996437 -20.3669861586274 -26.6015335784099 -32.8595288473496 -42.4674610902256 -13.9836317847541 -17.3311548604551 -23.3158222107924 -11.0376355566717 -13.2446737709384 -15.5023746393081 -20.2723340663032 -25.0462205997056 -18.3260056438852 -18.2405672423399 -14.3065403818182 -5.00018428420787 -8.39490152392153 -9.66978313025656 -18.8923733017551 -26.0499250770949 -29.0687058760528 -0.522790826566293 
-19.2 2.07713041300343 -4.90425561079088 -4.94542740798795 -1.301093200733 -5.24604158135969 -9.19700017689107 -14.2694645184228 -20.3169721477114 -26.501524237799 -32.7095241770438 -42.2674610902248 -13.983622444144 -17.2811501901501 -23.2158222107924 -11.0376542378927 -13.2946877818543 -15.602383979919 -20.422338736609 -25.2462205997063 -18.2760250524909 -18.2405819806405 -14.206564460729 -5.00020797922068 -8.3449298892394 -9.56981616587986 -18.7923786994448 -25.9999258044796 -29.0687019331324 -0.522805795741205 
-19 2.06225023478845 -4.95425081416729 -4.89543220461153 -1.30110242013354 -5.29604600413665 -9.29699980304445 -14.2694453319284 -20.2669577578407 -26.4015146445519 -32.5595193804203 -42.0674610902249 -13.9836128508966 -17.2311453935263 -23.1158222107922 -11.037673424387 -13.344702171725 -15.7023935731661 -20.5723435332326 -25.4462205997063 -18.2260476653015 -18.2405997968276 -14.1065918701632 -5.00023501480812 -8.2949617214508 -9.46985279471447 -18.6923869223848 -25.949929230796 -29.0687005628252 -0.522820373505987 
-18.8 2.04737011311595 -5.00424582756931 -4.84543719120951 -1.30111202457285 -5.34605062197798 -9.39699943428779 -14.2694253855365 -20.2169427980468 -26.3015046713559 -32.4095143938223 -41.8674610902249 -13.9836028777007 -17.1811404069283 -23.0158222107922 -11.0376933707789 -13.3947171315189 -15.802403546362 -20.7223485198305 -25.6462205997063 -18.17607368258 -18.2406208275081 -14.0066228740397 -5.00026564992793 -8.24499734316821 -9.36989340303024 -18.5923979798693 -25.8999353016826 -29.0687016471138 -0.522834753276951 
-18.6 2.03249006767854 -5.0542405848327 -4.79544243394612 -1.30112214148545 -5.39605549615397 -9.49699906572718 -14.2694044145901 -20.166927069837 -26.2014941858827 -32.2595091510857 -41.6674610902249 -13.9835923922275 -17.1311351641917 -22.9158222107922 -11.0377143417253 -13.4447328597287 -15.9024140318352 -20.8723537625671 -25.8462205997063 -18.1261037551804 -18.2406456573719 -13.9066581893767 -5.00030059670435 -8.19503753268163 -9.26993883527989 -18.4924123242599 -25.8499444033366 -29.0687055060312 -0.522849125891312 
-18.4 2.01761011918505 -5.1042350163788 -4.74544800240003 -1.30113290513787 -5.44606069135249 -9.59699869247178 -14.2693821407745 -20.1169103644753 -26.1014830489749 -32.1095035826318 -41.4674610902249 -13.9835812553196 -17.0811295957378 -22.8158222107922 -11.0377366155409 -13.4947495650904 -16.002425168743 -21.022359331021 -26.0462205997062 -18.0761384338256 -18.2406747675631 -13.8066984364758 -5.00034047054799 -8.14508297497879 -9.16998984603133 -18.3924302975434 -25.7999568081661 -29.0687123424068 -0.522863682083244 
-18.2 2.00273028963289 -5.15422904829957 -4.69545397047925 -1.30114445839326 -5.49606627652865 -9.69699830956872 -14.2693582684576 -20.0668924602376 -26.0014711128165 -31.9594976145526 -41.2674610902249 -13.9835693191612 -17.0311236276586 -22.7158222107923 -11.0377604878578 -13.5447674693281 -16.1024371049015 -21.1723652991002 -26.2462205997062 -18.0261783693695 -18.2407087350278 -13.7067443400989 -5.00038599126808 -8.0951344637785 -9.07004730290988 -18.2924523288497 -25.7499728713932 -29.0687224375546 -0.522878615034627 
-18 1.98785060259896 -5.20422260138014 -4.64546041739869 -1.30115695460047 -5.54607232581643 -9.79699791193707 -14.2693324807799 -20.0168731194794 -25.9014582189777 -31.8094911676332 -41.067461090225 -13.9835564253224 -16.9811171807392 -22.6158222107923 -11.0377862755355 -13.5947868100864 -16.2024499987403 -21.3223717460196 -26.4462205997062 -17.9762244129292 -18.2407483316681 -13.6067968305781 -5.00043808411559 -8.04519300354505 -8.97011228959625 -18.1924790316511 -25.6999931272752 -29.0687362465172 -0.522894122947811 
-17.8 1.97297108355252 -5.25421559004751 -4.59546742873132 -1.30117055962911 -5.59607891951244 -9.89699749430044 -14.2693044354494 -19.9668520854815 -25.8014441963124 -31.6594841563006 -40.867461090225 -13.9835424026571 -16.9311101694066 -22.5158222107923 -11.037814320866 -13.6448078440842 -16.3024640214056 -21.4723787573522 -26.6462205997062 -17.9262776659502 -18.2407945733564 -13.5068570949317 -5.00049793083256 -7.99525986159503 -8.87018615897848 -18.0925112506742 -25.6500183349657 -29.068754442875 -0.522910411680511 
-17.6 1.95809176019932 -5.30420792121447 -4.54547509756436 -1.3011854541127 -5.64608614516299 -9.99699705111795 -14.2692737601173 -19.9168290789824 -25.7014288586464 -31.5094764874676 -40.667461090225 -13.983527064991 -16.8811025005736 -22.4158222107923 -11.0378449961981 -13.6948308505833 -16.4024793590716 -21.6223864261853 -26.8462205997062 -17.8763391297465 -18.2408483683197 -13.406926227561 -5.00056662027938 -7.94533621987451 -8.77027018609138 -17.9925497079714 -25.6000491234298 -29.0687775625061 -0.522927697442744 
-17.4 1.94321266284166 -5.35419949306977 -4.49548352570905 -1.3012018357934 -5.69609409869899 -10.0969965765093 -14.2692400475385 -19.8668037945483 -25.601412002357 -31.3594680593229 -40.467461090225 -13.9835102087017 -16.8310940724289 -22.3158222107923 -11.0378787087769 -13.7448561350174 -16.502496215361 -21.7723948543299 -27.0462205997062 -17.8264103062891 -18.2409111167176 -13.3070058322484 -5.00064575035805 -7.89542377809826 -8.67036617245945 -17.89259560008 -25.5500865873937 -29.0688065983253 -0.522946209726157 
-17.2 1.928333824785 -5.40419019371196 -4.44549282506686 -1.30121992217699 -5.74610288572477 -10.1969960641772 -14.2692028501073 -19.8167758964749 -25.5013934036414 -31.2094587599651 -40.2674610902251 -13.983491609986 -16.7810847730711 -22.2158222107923 -11.0379159062081 -13.7948840330908 -16.6025148140766 -21.9224041536877 -27.2462205997061 -17.7764929979435 -18.2409845090142 -13.2070978232606 -5.00073722903821 -7.84552455613585 -8.57047624985523 -17.7926503936609 -25.5001320816168 -29.0688427931907 -0.522966194330045 
-17 1.91345528278562 -5.45417989964537 -4.39550311913345 -1.3012399534582 -5.79611262293939 -10.2969955073253 -14.2691616738409 -19.7667450142752 -25.4013728155082 -31.0594484658986 -40.0674610902251 -13.9834710218529 -16.7310744790045 -22.1158222107923 -11.0379570824745 -13.8449149152906 -16.7025354022098 -22.0724144477543 -27.4462205997061 -17.7265890571406 -18.2410702741447 -13.1072041765243 -5.00084302544994 -7.79564064661455 -8.47060263440014 -17.6927155706583 -25.4501869645476 -29.0688873820549 -0.522987916599299 
-16.8 1.89857707753056 -5.50416847416754 -4.34551454461128 -1.30126219565411 -5.84612343965747 -10.3969948985655 -14.2691159719297 -19.7167107378417 -25.3013499645526 -30.9094370404207 -39.8674610902251 -13.9834481708972 -16.6810630535267 -22.0158222107924 -11.0380027843858 -13.8949491917241 -16.8025582531654 -22.2224258732321 -27.6462205997061 -17.676701087297 -18.2411708788233 -13.0073276321585 -5.00096587232441 -7.74577491896647 -8.37074833223027 -17.5927933243812 -25.4002532927927 -29.0689422848221 -0.523011665016944 
-16.6 1.88369925418728 -5.5541557655225 -4.29552725325633 -1.3012869442011 -5.89613547955941 -10.4969942298224 -14.2690651373495 -19.6666726119066 -25.2013245472625 -30.7594243317757 -39.6674610902251 -13.9834227536072 -16.6310503448817 -21.9158222107924 -11.0380536189659 -13.9449873176592 -16.9025836704555 -22.3724385818772 -27.8462205997061 -17.6268319922235 -18.2412890751047 -12.90747124573 -5.0011088171528 -7.69593057244029 -8.27091669434875 -17.4928861033726 -25.350333363139 -29.0690096465234 -0.523037754989615 
-16.4 1.8688218629996 -5.60414160489839 -4.24554141388043 -1.3013145278515 -5.94614890258571 -10.5969934922246 -14.2690084948531 -19.6166301300343 -25.1012962260143 -30.6094101711516 -39.4674610902251 -13.983394432359 -16.5810361842576 -21.8158222107924 -11.0381102614624 -13.9950297995315 -17.0026119917037 -22.5224527425013 -28.0462205997061 -17.576985476782 -18.2414283990392 -12.8076388909127 -5.00127572473765 -7.64611164064886 -8.17111192318181 -17.3929971060588 -25.3004302052011 -29.0690923279614 -0.52306653308597 
-16.2 1.85394495996074 -5.65412580416624 -4.19555721461258 -1.30134531307925 -5.99616388708131 -10.6969926759881 -14.2689452919245 -19.5665827278379 -25.0012646245501 -30.4593943704195 -39.2674610902252 -13.9833628308947 -16.5310203835255 -21.7158222107924 -11.0381734643909 -14.0450772017279 -17.102643593168 -22.6724685432334 -28.2462205997061 -17.5271659467546 -18.2415930682796 -12.7078351616173 -5.00147117920577 -7.59632289584951 -8.07133897911423 -17.2931301738349 -25.2505474722451 -29.0691937942732 -0.523098381629146 
-16 1.83906860755957 -5.70410815337273 -4.14557486540609 -1.30137970896459 -6.04618063217314 -10.7969917702864 -14.2688746887505 -19.5165297754574 -24.9012293229631 -30.309376719626 -39.0674610902252 -13.9833275293077 -16.481002732732 -21.6158222107925 -11.038244067565 -14.0951301541085 -17.202678894755 -22.8224861940269 -28.4462205997061 -17.4773787091056 -18.2417881798371 -12.6080655747619 -5.0017006866486 -7.54657005408547 -7.97160378814408 -17.1932899838054 -25.2006896314221 -29.0693183026567 -0.523133723795506 
-15.8 1.82419287561143 -5.75408841794856 -4.09559460083026 -1.30141817263352 -6.0961993604179 -10.896990763107 -14.2687957470539 -19.4664705691849 -24.8011898521147 -30.1593569842019 -38.8674610902252 -13.9832880584594 -16.4309829973079 -21.5158222107925 -11.0383230092617 -14.145189360381 -17.3027183656033 -22.9725059294511 -28.6462205997061 -17.4276303725079 -18.2420201078152 -12.5083369735884 -5.00197107829567 -7.49686018115709 -7.87191365063948 -17.0934824409352 -25.1508623531277 -29.0694712889382 -0.523173029276293 
-15.6 1.80931784219258 -5.80406633556906 -4.04561668320976 -1.30146121537801 -6.14622032078288 -10.9969896410924 -14.2687074175359 -19.4164043220464 -24.7011456873558 -30.0093349018224 -38.6674610902252 -13.9832438937005 -16.3809609149284 -21.4158222107925 -11.0384113387797 -14.1952556075195 -17.4027625303624 -23.1225280118306 -28.8462205997061 -17.3779289474741 -18.2422966004019 -12.408657630934 -5.00229061362676 -7.4472017988673 -7.77227735072958 -16.9937147687628 -25.1010725985758 -29.0696594520068 -0.523216820528451 
-15.4 1.79444359468123 -5.8540416126563 -3.99564140612252 -1.3015094094747 -6.19624379196682 -11.0969883893636 -14.2686085258848 -19.3663301533081 -24.6010962415303 -29.8593101789096 -38.4674610902252 -13.983194447875 -16.3309361920157 -21.3158222107926 -11.0385102304307 -14.2453297762578 -17.5028119761879 -23.2725527347434 -29.0462205997061 -17.3282842969475 -18.2426272269626 -12.3090377033202 -5.0026694342841 -7.39760534243778 -7.67270561721244 -16.893995949498 -25.0513290563982 -29.0698911869164 -0.523265679762236 
-15.2 1.77957023092489 -5.90401392045708 -3.94566909832174 -1.3015633958323 -6.2462700861252 -11.1969869913228 -14.268497757088 -19.3162470767105 -24.5010408571318 -29.7092824867105 -38.2674610902253 -13.9831390634764 -16.2809084998164 -21.2158222107925 -11.0386209992276 -14.2954128528555 -17.6028673605864 -23.4225804269426 -29.2462205997061 -17.2787085868941 -18.24302382471 -12.2094896854661 -5.00312001838924 -7.34808361874175 -7.57321158571563 -16.7943371628469 -25.0016425775479 -29.0701770158669 -0.523320256724401 
-15 1.7646978605522 -5.95398289063536 -3.89570012814346 -1.3016238925871 -6.29629955305828 -11.2969854284341 -14.2683736378004 -19.2661539872446 -24.4009787974877 -29.559251456888 -38.0674610902245 -13.9830770038331 -16.2308774699947 -21.1158222107925 -11.0387451185153 -14.3455059423215 -17.7029294202306 -23.5726114567652 -29.446220599707 -17.2292165866963 -18.2435007946904 -12.11002871509 -5.00365748512444 -7.29865211529868 -7.47381111209465 -16.6947520731831 -24.9520264580624 -29.0705298665597 -0.523381277364288 
-14.8 1.74982660643316 -6.0039481103661 -3.84573490841273 -1.30169170467045 -6.34633258487237 -11.396983679979 -14.2682345167241 -19.2160496464376 -24.3009092369499 -29.4092166766195 -37.8674610902253 -13.9830074432946 -16.1808426897255 -21.0158222107926 -11.0388842395917 -14.3956102831286 -17.8029989807685 -23.7226462370337 -29.6462205997063 -17.1798267705986 -18.2440761983234 -12.0106736792615 -5.00430070084066 -7.24933011128416 -7.37452388834902 -16.5952579162782 -24.9024975208883 -29.0709661491163 -0.523449553593889 
-14.6 1.73495660633343 -6.05390911677697 -3.79577390200186 -1.30176773465269 -6.39636962126548 -11.4969817227829 -14.2680785423668 -19.1659326656694 -24.2008312497709 -29.2591776830296 -37.6674610902246 -13.9829294561165 -16.1308036961365 -20.9158222107928 -11.0390402139491 -14.4457272638968 -17.9030769679476 -23.8726852306237 -29.8462205997071 -17.1305615179701 -18.2447719521058 -11.9114474202221 -5.00507248460519 -7.20014088863782 -7.27537365929219 -16.4958756828815 -24.8530762939025 -29.0715059285413 -0.52352599410135 
-14.4 1.72008801474881 -6.10386539078486 -3.74581762799397 -1.30185299476299 -6.44641115538366 -11.596979530909 -14.2679036383992 -19.1158014876939 -24.1007437977875 -29.1091339570383 -37.4674610902253 -13.9828420041324 -16.0807599701446 -20.8158222107929 -11.0392151179169 -14.4958584418725 -18.0031644199311 -24.0227289566152 -30.0462205997065 -17.0814488656046 -18.2456155737482 -11.8123784938488 -5.00600136635781 -7.15111349638255 -7.17638999302866 -16.3966318525404 -24.8037887375692 -29.072174646216 -0.523611616603314 
-14.2 1.70522100498769 -6.15381635009918 -3.69586666867965 -1.30194862054326 -6.49645774047826 -11.6969770753179 -14.2677074756557 -19.0656543656361 -24.0006457164154 -28.9590849163519 -37.2674610902246 -13.9827439227612 -16.0307109294591 -20.7158222107931 -11.0394112806605 -14.5460055639304 -18.1032625013034 -24.1727779973018 -30.2462205997074 -17.0325229583118 -18.2466406257697 -11.7135016272416 -5.00712204415936 -7.10228321486979 -7.07760875220195 -16.2975588231896 -24.7546666675327 -29.0730035354938 -0.523707561416023 
-14 1.69035577148574 -6.20376134144476 -3.64592167733406 -1.30205588601941 -6.54650999729999 -11.7969743234853 -14.2674874410388 -19.0154893396737 -23.9005356991073 -28.8090299076983 -37.0674610902254 -13.9826339054526 -15.9806559208049 -20.6158222107933 -11.0396313152776 -14.5961705898931 -18.2033725186117 -24.3228330059556 -30.4462205997068 -16.9838261516763 -18.2478888104798 -11.6148598292605 -5.00847749434539 -7.05369367371023 -6.97907421969643 -16.1986969905914 -24.7057498262802 -29.0740316855868 -0.523815106812453 
-13.8 1.67549253241782 -6.25369963178627 -3.59598338699256 -1.30217622082708 -6.59656862244916 -11.8969712389759 -14.2672406024041 -18.9653042106974 -23.8004122797896 -28.658968198039 -36.8674610902246 -13.9825104861359 -15.9305942111467 -20.5158222107936 -11.0398781539126 -14.6463557188696 -18.3034959379297 -24.4728947156151 -30.6462205997078 -16.9354105140294 -18.2494114631744 -11.5165059012721 -5.01012048184742 -7.00539837087075 -6.88084062651582 -16.1000962239681 -24.6570873499983 -29.0753074996464 -0.52393568614271 
-13.6 1.66063153262223 -6.30363039850311 -3.54605262027571 -1.30231122938584 -6.64663439772477 -11.9969677809684 -14.2669636692723 -18.9150965108488 -23.7002738132241 -28.5088989647567 -36.6674610902254 -13.98237201957 -15.8805249778638 -20.4158222107939 -11.0401550870447 -14.6965634187186 -18.4036344044955 -24.6229639488978 -30.8462205997074 -16.8873400293397 -18.2512717452015 -11.4185046498656 -5.01211577243298 -6.95746289473946 -6.7829743836673 -16.0018180394293 -24.6087399321764 -29.0768908485414 -0.524070907063273 
-13.4 1.64577304687955 -6.35355271837311 -3.49613030040571 -1.30246271240094 -6.69670820060987 -12.0969639037235 -14.2666529487515 -18.864863470458 -23.6001184529633 -28.3588212846259 -36.4674610902247 -13.9822166593104 -15.8304472977343 -20.3158222107943 -11.0404658075659 -14.7467964591098 -18.5037897647567 -24.773041629029 -31.0462205997085 -16.8396932006296 -18.2535472363614 -11.3209355012855 -5.01454274660756 -6.90996754904405 -6.68555671810228 -15.9039381703281 -24.5607823829451 -29.0788556191801 -0.52422257308561 
-13.2 1.6309173835857 -6.4034655552315 -3.44621746354733 -1.30263269095329 -6.74679101602061 -12.1969595559926 -14.2663042961859 -18.8146019810339 -23.4999441266809 -28.2087341214851 -36.2674610902255 -13.9820423330277 -15.7803601345932 -20.2158222107949 -11.0408144601321 -14.7970579485343 -18.6039640910396 -24.9231287921703 -31.2462205997083 -16.7925661540491 -18.2563330266393 -11.2238956178466 -5.01749851543727 -6.86301048101537 -6.58868681321483 -15.806549634323 -24.5133066837984 -29.0812927568918 -0.524392707718505 
-13 1.61606488886561 -6.45336774614951 -3.39631527262931 -1.30282343348418 -6.79688394946951 -12.2969546803595 -14.2659130598572 -18.7643085537872 -23.3997485085162 -28.0586363124023 -36.0674610902247 -13.9818467148643 -15.7302623255118 -20.1158222107955 -11.0412056964614 -14.8473513757817 -18.704159709205 -25.0732266012537 -31.4462205997096 -16.7460760433434 -18.2597451068516 -11.1275033162229 -5.02110133817984 -6.81671111283993 -6.49248525412176 -15.70976609637 -24.4664253367634 -29.0843136007748 -0.524583581468572 
-12.8 1.6012159511708 -6.50325798598738 -3.34642503279144 -1.30303748595812 -6.84698824178132 -12.3969492125092 -14.2654740192094 -18.7139792733016 -23.2995289881927 -27.908526552241 -35.8674610902255 -13.9816271945409 -15.6801525653505 -20.0158222107963 -11.0416447371099 -14.8976806562681 -18.8043792295293 -25.2233363614158 -31.6462205997096 -16.7003649549779 -18.2639242583241 -11.0319019880195 -5.0254945421254 -6.77121407694762 -6.3970979783912 -15.6137257275181 -24.4202752077494 -29.0880537115987 -0.524797742029256 
-12.6 1.58637100640895 -6.55313481015963 -3.29654820861919 -1.30327770552237 -6.89710528551781 -12.4969430804179 -14.2649813158977 -18.6636097458176 -23.1992826365364 -27.7584033764125 -35.6674610902248 -13.9813808428864 -15.6300293895238 -19.9158222107973 -11.0421374404227 -14.9480501837531 -18.9046255811865 -25.3734595372453 -31.8462205997114 -16.6556042137887 -18.2690403413071 -10.9372644226581 -5.03085084467169 -6.72669355532166 -6.30270063259337 -15.5185954588439 -24.3750217632475 -29.092677091269 -0.52503804797702 
-12.4 1.57153054365936 -6.60299657543196 -3.24668644334686 -1.30354729801894 -6.94723664328672 -12.5969362034592 -14.2644283769878 -18.6131950416354 -23.0990061670819 -27.6082651416856 -35.4674610902256 -13.9811043734323 -15.5798911547973 -19.8158222107985 -11.0426903793337 -14.9984648879365 -19.0049020506422 -25.5235977719734 -32.0462205997118 -16.6119986886328 -18.2752965814235 -10.8437971322298 -5.03737667728348 -6.68335762266112 -6.20950293466011 -15.4245752295046 -24.3308632991805 -29.0983803924743 -0.525307706291394 
-12.2 1.55669511152455 -6.65284143858088 -3.19684158019794 -1.30384985968146 -6.99738406809816 -12.6969284914195 -14.2638078295827 -18.5627296310814 -22.998695893379 -27.4581100048338 -35.2674610902248 -13.9807940997316 -15.5297360179477 -19.7158222108 -11.0433109267403 -15.0489302984919 -19.1052123243466 -25.6737529088267 -32.246220599714 -16.569790897776 -18.2829336537156 -10.7517444782241 -5.04531631123666 -6.64145239346538 -6.11775284231583 -15.3319020280923 -24.2880349609172 -29.1053969173599 -0.525610314061451 
-12 1.54186532517339 -6.70266733272968 -3.14701568604914 -1.30418942338411 -7.04754952594962 -12.7969198434198 -14.2631114061787 -18.5122073135286 -22.8983476816774 -27.3079358989834 -35.0674610902256 -13.980445888031 -15.4795619120983 -19.6158222108018 -11.0440073501461 -15.0994526160465 -19.20556053605 -25.8239270146788 -32.446220599715 -16.529264363295 -18.2922330133834 -10.6613920495943 -5.05495523460531 -6.60126542268522 -6.02773997738649 -15.2408531760567 -24.2468120030303 -29.1139998536219 -0.525949904744403 
-11.8 1.52704187413632 -6.75247194115788 -3.09721107762094 -1.30457050984359 -7.0977352208373 -12.8969101467357 -14.2623298398908 -18.4616211388125 -22.797956898533 -27.1577405074108 -34.8674610902249 -13.9800551048895 -15.4293665205286 -19.5158222108039 -11.0447889164361 -15.1500387907648 -19.3059513191965 -25.9741224062535 -32.6462205997178 -16.4907455636396 -18.3035188221562 -10.5730686415107 -5.06662212983547 -6.56312770948719 -5.93979765576064 -15.151748201683 -24.2075116370849 -29.1245040961046 -0.526330999400843 
-11.6 1.5122255309336 -6.80225266831133 -3.04743035046749 -1.30499818431405 -7.1479436224612 -12.996899275513 -14.2614527485046 -18.4109633202729 -22.69751835284 -27.0075212345643 -34.6674610902249 -13.9796165591988 -15.3791472476844 -19.4158222108063 -11.0456660078248 -15.2006966093069 -19.4063898648921 -26.1243416791026 -32.8462205997203 -16.4546031325817 -18.3171571182518 -10.4871454832994 -5.08068810039882 -6.52741295289747 -5.85430217201709 -15.0649479520831 -24.1704921146383 -29.1372653008116 -0.526758663375765 
-11.4 1.49741716063548 -6.85200660768166 -2.99767641109716 -1.30547811942759 -7.19817749694507 -13.0968870893672 -14.2604685059859 -18.3602251383839 -22.5970262315806 -26.8572751739347 -34.4674610902249 -13.9791244379424 -15.3289011870577 -19.3158222108093 -11.0466502503465 -15.2514347911989 -19.5068819861544 -26.2745877397352 -33.0462205997233 -16.4212433533021 -18.3335512783425 -10.4040317646494 -5.09756219560004 -6.49453310872798 -5.77166838847766 -14.9808499909114 -24.136148092837 -29.1526752183806 -0.527238569121677 
-11.2 1.48261773148995 -6.90173050609846 -2.94795251268037 -1.30601666508172 -7.24843994101599 -13.1968734318549 -14.2593640996531 -18.3093968336343 -22.4964740284142 -26.7069990723515 -34.2674610902249 -13.9785722347794 -15.278625085478 -19.2158222108127 -11.0477546566827 -15.3022630959519 -19.6074341893242 -26.4248638413218 -33.2462205997267 -16.3911010964976 -18.3531329199548 -10.3241656094282 -5.11768238286307 -6.4649293975746 -5.6923407789071 -14.8998794293539 -24.1049014296963 -29.1711524536567 -0.52777706613253 
-11 1.4678283268435 -6.95142072367737 -2.89826229510145 -1.30662092686395 -7.29873442037714 -13.296858128795 -14.2581249699688 -18.258467486371 -22.3958544635721 -26.5566892899304 -34.0674610902249 -13.9779526699412 -15.2283153030608 -19.1158222108167 -11.048993786371 -15.3531924432191 -19.7080537541703 -26.5751736237468 -33.4462205997306 -16.364624300014 -18.3763463410501 -10.2479985953656 -5.14150006573663 -6.43905686286886 -5.61677802662282 -14.8224732856031 -24.0771855035244 -29.1931267450637 -0.528381259278719 
-10.8 1.45305015860009 -7.00107318859989 -2.84860983017893 -1.30729885463151 -7.34906481306723 -13.3968409864076 -14.2567348296589 -18.2074248811386 -22.2951593934172 -26.406341754853 -33.867461090225 -13.9772575997907 -15.1779677679878 -19.0158222108211 -11.0503839266853 -15.4042350484559 -19.8087488243296 -26.7255211588287 -33.646220599735 -16.3422533918412 -18.4036278977998 -10.1759752222703 -5.16945955024949 -6.41736388245958 -5.54543258129064 -14.7490597721935 -24.0534244550373 -29.2190181614991 -0.529059097494121 
-10.6 1.43828458261916 -7.05068334537836 -2.79899967340047 -1.30805934390247 -7.39943545911665 -13.4968217892355 -14.2551754567728 -18.156255351474 -22.1943797069741 -26.2559519116314 -33.667461090225 -13.9764779133525 -15.1275779247711 -18.915822210826 -11.0519432995763 -15.4554045781254 -19.9095285107775 -26.8759110020551 -33.8462205997399 -16.3243942546341 -18.4353789173712 -10.1085059282848 -5.20197105908702 -6.40026523451826 -5.47872377657125 -14.680031105317 -24.0340059449393 -29.2492098081795 -0.529819475015795 
-10.4 1.42353311639079 -7.10024609546999 -2.74943692330884 -1.30891235228702 -7.44985121759282 -13.5968002978033 -14.2534264571393 -18.1049436017489 -22.0935052071574 -26.1055146617231 -33.467461090225 -13.975603413541 -15.077140674868 -18.8158222108312 -11.053692299215 -15.5067163278557 -20.0104030105995 -27.0263482519686 -34.0462205997451 -16.3113895881304 -18.4719370009591 -10.0459385116894 -5.23938215105427 -6.38811357639426 -5.41700936835524 -14.615714689083 -24.0192522787969 -29.2840188921288 -0.530672347933984 
-10.2 1.40879745943261 -7.14975572874626 -2.69992729003256 -1.30986903391777 -7.50031753249985 -13.6967762459866 -14.2514649902445 -18.0534725015778 -21.99252447371 -25.9550242949994 -33.267461090225 -13.974622680099 -15.0266503081498 -18.7158222108367 -11.0556537661153 -15.5581874280323 -20.1113837440524 -27.1768386186979 -34.2462205997506 -16.303489620714 -18.513546666819 -9.98852891099674 -5.28194849853938 -6.38117029060272 -5.3605564492878 -14.5563436214899 -24.0093908444801 -29.3236670910883 -0.531628868477439 
-10 1.39407951665652 -7.19920584498427 -2.65047717379456 -1.31094189353351 -7.55084050835359 -13.7967493380784 -14.2492654551965 -18.0018228502918 -21.891424706186 -25.8044744112374 -33.0674610902251 -13.9735229125807 -14.9761004243935 -18.6158222108424 -11.057853301169 -15.609837079324 -20.2124835115821 -27.3273885024655 -34.4462205997562 -16.3008288288633 -18.5603359912063 -9.936418002908 -5.32981068253673 -6.37958235836245 -5.30951840080914 -14.5020331783475 -24.0045305175758 -29.3682568804219 -0.532701539151951 
-9.80000000000004 1.37938142493056 -7.24858926462268 -2.60109375415615 -1.31214496175361 -7.6014269962121 -13.8967192455753 -14.2467991337502 -17.9499731092071 -21.7901915454628 -25.6538578308759 -32.8674610902251 -13.9722897518632 -14.9254838440376 -18.5158222108481 -11.060319622621 -15.6616868204144 -20.3137166723109 -27.4780050828328 -34.6462205997619 -16.3034109174401 -18.6123014994215 -9.88961667184644 -5.38297925896638 -6.38336751515331 -5.26392013796197 -14.4527655258339 -24.0046462847006 -29.4177560671851 -0.533904387884072 
-9.60000000000004 1.36470558284013 -7.2978979287684 -2.55178509001042 -1.31349399162318 -7.6520846902274 -13.9966856037363 -14.2440337903331 -17.8978991016443 -21.6888088737543 -25.5031664950216 -32.6674610902251 -13.9709070801603 -14.8747925081889 -18.4158222108537 -11.0630849660437 -15.7137608279828 -20.415099344025 -27.6286964186926 -34.8462205997675 -16.3111067169304 -18.6693059630576 -9.84800380719103 -5.44133275246639 -6.39241234450797 -5.22365630317052 -14.4083873177558 -24.0095767407682 -29.4719951873985 -0.535253164640183 
-9.40000000000004 1.35005468372781 -7.34712278818781 -2.50256023059101 -1.31500667703552 -7.70282223505914 -14.0966480079875 -14.2409332280107 -17.8455736799025 -21.5872585925931 -25.352391354441 -32.4674610902251 -13.9693567990045 -14.8240173676137 -18.3158222108591 -11.0661855283714 -15.76608624973 -20.5166496251916 -27.7794715592786 -35.0462205997728 -16.3236632954021 -18.7310874009487 -9.8113355262433 -5.50462687576441 -6.4064816083862 -5.18850070762973 -14.3686184744804 -24.0190327569121 -29.5306760629618 -0.53676555968166 
-9.20000000000004 1.33543175202971 -7.39625368122173 -2.45342933755709 -1.3167028932339 -7.75364934429145 -14.1966060102537 -14.2374568001465 -17.7929663590043 -21.485520378661 -25.201522247475 -32.2674610902251 -13.9676185850775 -14.7731482606528 -18.2158222108642 -11.0696619562408 -15.8186935706333 -20.6183878391289 -27.9303406662498 -35.2462205997779 -16.3407243352462 -18.7972793338266 -9.77926567305343 -5.57251502483566 -6.42523886442391 -5.15812707063313 -14.3330721934211 -24.0326173688868 -29.5933915679704 -0.53846144406607 
-9.00000000000004 1.32084018319111 -7.44527919967502 -2.40440381910381 -1.31860496136648 -7.80457693087731 -14.2965591152928 -14.2335588739596 -17.7400429143642 -21.3835714155676 -25.0505477659283 -32.0674610902252 -13.9656696219888 -14.7221737791108 -18.115822210869 -11.0735598824324 -15.8716170152782 -20.720336802227 -28.0813151478012 -35.4462205997827 -16.3618566179337 -18.8674371349675 -9.75137243728768 -5.6445748941043 -6.44827321523889 -5.13213590299521 -14.3012810314637 -24.0498517253827 -29.6596514429196 -0.540363134077368 
-8.80000000000004 1.30628378755848 -7.4941865413457 -2.35549647743313 -1.32073793983314 -7.85561725101465 -14.3965067771008 -14.2291882406424 -17.6867649393762 -21.281386098909 -24.899455107599 -31.8674610902252 -13.9634843053346 -14.6710811207859 -18.0158222108734 -11.0779305157541 -15.9248949902705 -20.82252211889 -28.2324078061349 -35.646220599787 -16.3865792623865 -18.941067121091 -9.72718774006982 -5.72033785869009 -6.47512883815437 -5.11008418423964 -14.2727257009243 -24.0702037365139 -29.7289107957215 -0.542495682543429 
-8.60000000000004 1.29176683889482 -7.5429613470207 -2.30672167175812 -1.32312994684183 -7.90678406369835 -14.4964483954596 -14.2242874633424 -17.6330893564013 -21.178935710259 -24.748229913274 -31.6674610902252 -13.9610339166886 -14.6198559264649 -17.9158222108774 -11.082831293058 -15.9785705732495 -20.924972507544 -28.3836330004638 -35.846220599791 -16.414390560194 -19.0176532245734 -9.70622423220224 -5.79931596917723 -6.50533214296613 -5.09151268337676 -14.2468614157527 -24.0931142570174 -29.8005961219 -0.544887201213082 
-8.40000000000004 1.27729412817129 -7.5915875197437 -2.25809549903512 -1.32581251865788 -7.9580928082374 -14.5963833127216 -14.2187921542344 -17.5789678745703 -21.076188055705 -24.596856085997 -31.4674610902252 -13.9582862621382 -14.5684820991915 -17.815822210881 -11.0883266021696 -16.0326920550841 -21.0277201621016 -28.5350068277444 -36.0462205997946 -16.444791055902 -19.0966798930044 -9.68799855518729 -5.88102520942071 -6.53841521048699 -5.07596957817424 -14.2231404296262 -24.1180194436138 -29.8741274812194 -0.54756921897288 
-8.20000000000005 1.26287102344769 -7.64004702362586 -2.20963599515297 -1.32882100913534 -8.00956080259701 -14.6963108109634 -14.2126301697631 -17.5243463862168 -20.9731070634694 -24.4453155898792 -31.2674610902252 -13.9552052699058 -14.516941603077 -17.7158222108843 -11.0944885866442 -16.0873135434408 -21.1308011543405 -28.6865473238655 -36.2462205997979 -16.4772997182354 -19.17764805922 -9.67204771363854 -5.96500186611045 -6.57393236329419 -5.06302722709967 -14.2010276036028 -24.1443661214726 -29.9489336629604 -0.550577081115031 
-8.00000000000005 1.24850353648826 -7.68831966002625 -2.16136335875258 -1.33219503506841 -8.06120746493047 -14.7962301096972 -14.2057207153646 -17.469164295418 -20.8696523362702 -24.2935882262796 -31.0674610902253 -13.9517505427096 -14.4652142394804 -17.6158222108873 -11.1013980410457 -16.1424956342427 -21.2342558815427 -28.8382746874681 -36.4462205998008 -16.5114650546838 -19.2600860320687 -9.65794041368651 -6.05081386488927 -6.611471725673 -5.05229395307772 -14.1800108492493 -24.1716220035195 -30.0244621814077 -0.55395039460586 
-7.80000000000005 1.23419839686285 -7.73638281858306 -2.11330020019576 -1.33597897265549 -8.11305456107436 -14.8961403643979 -14.1979733495919 -17.4133537710884 -20.7657786533838 -24.1416513848365 -30.8674610902253 -13.9478768598258 -14.4132773980398 -17.5158222108899 -11.1091454068212 -16.198306158575 -21.3381295644318 -28.9902115289141 -36.6462205998036 -16.5468702182032 -19.343554354145 -9.64528241864913 -6.13806612455002 -6.65066082677656 -5.04341989562445 -14.1596054884365 -24.1992798012635 -30.1001831377084 -0.557733524293552 
-7.60000000000005 1.219963134126 -7.78421120110397 -2.06547181767485 -1.34022250939468 -8.16512648033446 -14.9960406661789 -14.1892868796748 -17.3568389186504 -20.6614354184249 -23.9894797673566 -30.6674610902245 -13.9435336248702 -14.3611057805633 -17.4158222108925 -11.1178318767408 -16.2548210110156 -21.4424727993933 -29.1423831463965 -36.8462205998069 -16.5831341086618 -19.4276466271245 -9.63371792658686 -6.22640193426618 -6.69116825397181 -5.03609894029918 -14.1393545264545 -24.2268572218024 -30.1755889407683 -0.561976144552873 
-7.40000000000005 1.20580616865426 -7.83177651636613 -2.0179065024127 -1.34498125573511 -8.21745054193706 -15.0959300430437 -14.1795481407242 -17.2995348644377 -20.55656604895 -23.8370450826196 -30.4674610902253 -13.938664255397 -14.3086710958279 -17.315822210895 -11.1275706156939 -16.3121250652308 -21.5473421688707 -29.294817831136 -37.0462205998086 -16.6199091699489 -19.5119870036738 -9.62292767261177 -6.31550105715338 -6.73270206159685 -5.03006743266168 -14.1188255335264 -24.2538935441365 -30.2501905783645 -0.566733850575108 
-7.20000000000005 1.19173691156539 -7.87904714440239 -1.97063587437644 -1.35031741984944 -8.27005733408764 -15.1958074632305 -14.1686306528685 -17.2413467485457 -20.4511073050218 -23.6843157106551 -30.2674610902246 -13.933205511472 -14.2559417238666 -17.2158222108974 -11.138488103552 -16.3703131811251 -21.6528009128013 -29.4475472031029 -37.2462205998117 -16.6568779354412 -19.5962263972023 -9.61262581006778 -6.40507661479382 -6.77500699120104 -5.02510173422999 -14.0976061831243 -24.2799448217706 -30.3235124840349 -0.572068832871299 
-7.00000000000005 1.17776587412523 -7.9259877689103 -1.92369524986853 -1.3563005488808 -8.32298108762691 -15.2956718412777 -14.156393150901 -17.1821686220702 -20.3449885540384 -23.5312563351638 -30.0674610902254 -13.9270867604902 -14.2028823483769 -17.1158222108998 -11.150725605522 -16.429491307603 -21.7589196637871 -29.6006065785966 -37.4462205998133 -16.6937473705785 -19.6800364568475 -9.6025546206972 -6.49486980346802 -6.81785955536732 -5.02101367388798 -14.0752974917837 -24.304576754938 -30.3950850417102 -0.578050617930062 
-6.80000000000005 1.16390478665178 -7.9725589777521 -1.87712404102672 -1.36300833747168 -8.3762600850596 -15.3955220475522 -14.1426779862674 -17.1218822485949 -20.2381309717212 -23.3778275440048 -29.8674610902246 -13.9202291781763 -14.1494535572212 -17.0158222109023 -11.1644407701579 -16.4897776810808 -21.8657772461067 -29.754035369758 -37.6462205998165 -16.7302437661622 -19.763104061273 -9.59247980743905 -6.58464519648192 -6.86106373953941 -5.01764664921865 -14.0515075138896 -24.3273579858857 -30.4644374814997 -0.58475687628542 
-6.60000000000004 1.15016672677231 -8.01871683202969 -1.83096618674913 -1.37052750346074 -8.42993710532625 -15.4953569220964 -14.1273094033786 -17.0603558114285 -20.1304466802772 -23.2239853982832 -29.6674610902254 -13.912544886734 -14.0956114115013 -16.9158222109048 -11.1798093530494 -16.5513041182498 -21.9734615375533 -29.9078775154822 -37.8462205998183 -16.766106630339 -19.8451247797275 -9.58218481733834 -6.67418508092288 -6.90444576970279 -5.01487082510405 -14.0258439408975 -24.3478522671711 -30.5310896170627 -0.592274297415886 
-6.40000000000004 1.13656625620914 -8.0644124065045 -1.78527061227433 -1.37895472617984 -8.48405990252015 -15.5951752937652 -14.110091701277 -16.9974425348521 -20.0218378292261 -23.0696809727573 -29.4674610902247 -13.9039360356864 -14.0413069859789 -16.8158222109076 -11.1970270551536 -16.6142173948289 -22.0820703886072 -30.0621819410108 -38.0462205998218 -16.8010836319656 -19.9257973558288 -9.57146624449011 -6.76328487974063 -6.94784999404574 -5.01257947497258 -13.997907665945 -24.3656115666934 -30.5945444910598 -0.600699527276943 
-6.20000000000004 1.12311956469409 -8.10959130606618 -1.74009171271265 -1.38839763900012 -8.53868171490211 -15.6949760057088 -14.0908072995246 -16.932979233538 -19.9121956283502 -22.9148598723197 -29.2674610902255 -13.8942938348127 -13.9864858855435 -16.7158222109105 -11.2163114569091 -16.678680696146 -22.191712589486 -30.2170030414513 -38.246220599824 -16.8349249431835 -20.0048175666084 -9.56012865614635 -6.85174800333756 -6.99113421808098 -5.01068479944576 -13.9672856758458 -24.3801684761559 -30.654280300084 -0.610140159657778 
-6.00000000000004 1.10984461837809 -8.15419316709842 -1.6954898516804 -1.3989758595433 -8.59386179647754 -15.7947579483165 -14.0692147436528 -16.8667848166339 -19.801399350414 -22.7594617333512 -29.0674610902247 -13.8834975568805 -13.931087746579 -16.6158222109138 -11.2379040127841 -16.7448751130533 -22.3025088674255 -30.3724011804231 -38.446220599828 -16.8673789337691 -20.0818734182263 -9.54798078569972 -6.93938207549533 -7.03416642920651 -5.00911514953943 -13.9335452495241 -24.3910299108665 -30.7097435958268 -0.620715765157655 
-5.80000000000004 1.09676130878651 -8.19815115701074 -1.65153186176808 -1.41082203210349 -8.64966595895005 -15.8945201007013 -14.0450467033029 -16.7986587863717 -19.6893153302394 -22.6034197232643 -28.8674610902255 -13.8714135367088 -13.875045736495 -16.5158222109175 -11.2620720531377 -16.8130011433192 -22.4145928876037 -30.5284431905136 -38.6462205998308 -16.8981875650888 -20.1566400394583 -9.53483142710706 -7.02599486928386 -7.07682123308272 -5.00781196350293 -13.8962278505779 -24.3976705018326 -30.7603421767052 -0.63255893185396 
-5.60000000000004 1.08389159619631 -8.2413914925126 -1.60829152626622 -1.42408284207558 -8.706167104424 -15.9942615816771 -14.0180080453096 -16.7283797928765 -19.5757960012424 -22.4466600587655 -28.6674610902248 -13.8578942077166 -13.818286072001 -16.4158222109216 -11.2891107111351 -16.8832801368185 -22.5281122166049 -30.6852028550166 -38.8462205998357 -16.9270826852369 -20.2287754951082 -9.52048621175325 -7.11139113490174 -7.11897716319874 -5.00672755811748 -13.8548439772267 -24.3995269639832 -30.8054389743577 -0.645816277638 
-5.40000000000004 1.07125963865722 -8.28383300612116 -1.56585001265767 -1.43891994404036 -8.76344571999734 -16.093981710859 -13.9877740997446 -16.655704333703 -19.4606790284603 -22.2891015723748 -28.4674610902255 -13.8427772349384 -13.7607275856143 -16.3158222109263 -11.3193446567048 -16.9559555959967 -22.6432291893916 -30.842761341412 -39.0462205998396 -16.9537826245678 -20.2979169480477 -9.50474463747564 -7.19536968980134 -7.16051420448978 -5.00582308579958 -13.8088684573794 -24.3959929577445 -30.8443464817275 -0.660649375585322 
-5.20000000000004 1.0588918942434 -8.32538680261091 -1.52429621616791 -1.45551072016736 -8.8215902926141 -16.1936800799655 -13.9539892857029 -16.5803657231715 -19.343786621439 -22.1306553688638 -28.2674610902248 -13.8258848279233 -13.7022813821094 -16.2158222109317 -11.3531294707519 -17.0312942065335 -22.7601215964183 -31.0012075449283 -39.2462205998457 -16.9779892918856 -20.3636774118552 -9.48739750830367 -7.2777209297305 -7.20131164792919 -5.00506673274961 -13.7577365141603 -24.3864148110152 -30.876322131488 -0.677235508878169 
-5.00000000000004 1.0468171795026 -8.36595606263302 -1.4837269561458 -1.47404875367474 -8.88069758614358 -16.2933566335171 -13.9162663257921 -16.5020735032386 -19.224925141484 -21.9712246288867 -28.0674610902256 -13.8070233479738 -13.6428506421377 -16.1158222109379 -11.3908524306689 -17.1095864264727 -22.8789830763795 -31.1606382849117 -39.4462205998511 -16.999386572341 -20.4256439523328 -9.46822552873703 -7.35822550370922 -7.2412469618858 -5.00443278668374 -13.7008415746766 -24.3700891315536 -30.9005657120485 -0.695768139994009 
-4.80000000000004 1.03506666154506 -8.40543606929543 -1.44424694948339 -1.49474386366279 -8.94087270279404 -16.39301175683 -13.874186352441 -16.4205135232251 -19.1038851548081 -21.8107046355484 -27.8674610902249 -13.7859833613058 -13.5823306488074 -16.0158222109452 -11.4329324040272 -17.1911464064934 -23.0000230630626 -31.3211582782573 -39.6462205998591 -17.0176388755265 -20.4833762621807 -9.44699782526011 -7.43665292353794 -7.28019437505211 -5.00390019318801 -13.6375338978414 -24.3462614613808 -30.9162180485381 -0.716456939829204 
-4.60000000000004 1.02367375455518 -8.44371455586856 -1.40596846291027 -1.51782150112412 -9.00222882682849 -16.4926463674375 -13.8273002987343 -16.3353489829453 -18.9804421279552 -21.6489831221223 -27.6674610902256 -13.7625403344606 -13.520609135389 -15.9158222109536 -11.4798184577424 -17.2763109467817 -23.1234660899241 -31.4828797916918 -39.8462205998668 -17.0323912856731 -20.5364071589004 -9.42347174883354 -7.51276145771047 -7.31802442265151 -5.00345175421391 -13.5671217676996 -24.3141278178121 -30.9223628915426 -0.739527176517673 
-4.40000000000004 1.01267388464319 -8.48067249584875 -1.36901052293008 -1.5435212575342 -9.06488652321876 -16.592262003808 -13.7751320586543 -16.2462228028851 -18.8543580079148 -21.4859410621017 -27.4674610902249 -13.7364562144309 -13.4575670753792 -15.8158222109636 -11.5319866978324 -17.3654371268519 -23.2495502099744 -31.6459218517223 -40.0462205998775 -17.0432712638843 -20.5842450770918 -9.39739378706453 -7.58629913230195 -7.3546041572628 -5.00307354884539 -13.4888755658407 -24.2728395559334 -30.918032569644 -0.765218214785541 
-4.20000000000004 1.00210408066368 -8.51618547774787 -1.33349754103095 -1.57209419249354 -9.12897244007723 -16.6918609025656 -13.7171839862508 -16.1527617485825 -18.7253839717131 -21.3214540440009 -27.2674610902249 -13.7074821782408 -13.3930800572899 -15.7158222109753 -11.5899347702477 -17.4588981811663 -23.378524246188 -31.810408869835 -40.2462205998893 -17.0498918523413 -20.6263786474479 -9.36850139362238 -7.65700563760539 -7.3897976806675 -5.00275409035058 -13.4020350999832 -24.2215120719751 -30.9022180675848 -0.793780831552373 
-4.00000000000004 0.992002344818971 -8.550125819773 -1.29955719900582 -1.60379865850917 -9.19461724811799 -16.7914460526315 -13.6529453543513 -16.0545827746579 -18.5932646557634 -21.1553943860261 -27.0674610902249 -13.6753628623051 -13.3270203993291 -15.6158222109893 -11.6541734021612 -17.5570771551049 -23.5106435621517 -31.9764685278239 -40.4462205999034 -17.05185753199 -20.6622846691218 -9.336526731246 -7.72461612528085 -7.42346782631744 -5.00248389397578 -13.3058218056934 -24.1592391197103 -30.8738854573452 -0.825473025313763 
-3.80000000000004 0.982406758698929 -8.58236557340072 -1.26731744537811 -1.6388943109339 -9.26195265417044 -16.8910212123117 -13.5819043688622 -15.9513020355411 -18.4577441630188 -20.9876341396538 -26.867461090225 -13.6398423695774 -13.2592601529737 -15.5158222110062 -11.7252143876671 -17.6603578942386 -23.6461640549131 -32.144228774213 -40.6462205999201 -17.0487730841709 -20.6914399749303 -9.30120252979916 -7.78886708349735 -7.45547903090662 -5.00225534493686 -13.1994566187406 -24.0851136863853 -30.8319997776479 -0.860554006366247 
-3.60000000000004 0.973354291831583 -8.61278052647135 -1.23690249230748 -1.67763406668934 -9.3311073629965 -16.9905908742083 -13.5035641811448 -15.842546894753 -18.3185740691601 -20.8180490927245 -26.667461090225 -13.6006722757389 -13.1896751060645 -15.4158222110264 -11.8035545754048 -17.7691130350469 -23.785334148792 -32.3138138211626 -40.8462205999404 -17.0402550556646 -20.7133368994946 -9.26226954822221 -7.84950376379686 -7.48570075813512 -5.00206211909511 -13.082183449426 -23.9982554701412 -30.7755565144745 -0.899276130017862 
-3.40000000000004 0.964879305275801 -8.64125523089674 -1.20842778788208 -1.72025394769883 -9.40220194843138 -17.0901601640686 -13.4174629988464 -15.7279710080292 -18.1755234780109 -20.6465237971499 -26.467461090225 -13.5576216846142 -13.1181498105144 -15.3158222110509 -11.8896557577277 -17.8836889217952 -23.9283847399657 -32.4853391167616 -41.0462205999648 -17.0259467283373 -20.7275032765928 -9.21948651646961 -7.90629002188007 -7.51401231179332 -5.00189896832754 -12.9532992353505 -23.8978459604912 -30.7036217092498 -0.941874707542207 
-3.20000000000004 0.957011786158233 -8.66768893435566 -1.18199408442317 -1.76696104119957 -9.47534274539104 -17.1897346644872 -13.3231978126821 -15.607272118406 -18.0283908849288 -20.4729575006088 -26.2674610902251 -13.5104890915617 -13.0445835140031 -15.2158222110806 -11.9839209439217 -18.0043878114481 -24.0755173330776 -32.6589054133324 -41.2462205999945 -17.0055360426629 -20.7335262943773 -9.17264212733627 -7.95902013313558 -7.54030871958953 -5.00176167266521 -12.8121896600231 -23.7831700886228 -30.6153795408403 -0.988555925244346 
-3.00000000000004 0.949775410144497 -8.69200209010474 -1.15768092867408 -1.81792022879271 -9.55061508873327 -17.2893201635785 -13.2204504356785 -15.4802115856533 -17.877017196427 -20.297270656358 -26.0674610902251 -13.4591154030963 -12.9688966697885 -15.115822211117 -12.0866683209617 -18.1314483442372 -24.2268910216157 -32.8345922576196 -41.4462206000308 -16.9787749230838 -20.7310783305473 -9.12156785200808 -8.00753135686237 -7.5645067875676 -5.00164658489382 -12.658368007655 -23.6536615920037 -30.5101841999703 -1.03948352106366 
-2.80000000000004 0.943185600520337 -8.71414287817945 -1.13554014059937 -1.87324083109724 -9.62807647911251 -17.3889223420325 -13.1090135879774 -15.3466339498775 -17.7212987725765 -20.1194114444328 -25.8674610902252 -13.4033969792903 -12.8910374579078 -15.0158222111616 -12.1981051687074 -18.2650259800576 -24.3826094455109 -33.0124514695895 -41.6462206000754 -16.9454993543584 -20.7199435498966 -9.06615149520793 -8.05171717847155 -7.5865518211017 -5.00155083035359 -12.4915148031092 -23.5089491755326 -30.3876125715739 -1.09476536359524 
-2.60000000000004 0.937247818749512 -8.73409294886734 -1.11559006991149 -1.9329647749996 -9.70775049370276 -17.4885464273106 -12.9888138707291 -15.2064841619413 -17.5611989139524 -19.9393615151208 -25.6674610902253 -13.3432971207211 -12.8109875286507 -14.9158222112166 -12.3183048860109 -18.405175768049 -24.5427093041901 -33.1925013989566 -41.8462206001304 -16.9056466041628 -20.7000408703888 -9.00634867432442 -8.09153844281117 -7.60642301475382 -5.00147195331744 -12.3115122649223 -23.3488967080336 -30.2475101747628 -1.15444153676782 
-2.40000000000004 0.931956356800484 -8.7518714803122 -1.09781153846662 -1.99705814187806 -9.78962239202608 -17.5881968570788 -12.8599279965087 -15.0598197562761 -17.3967559768423 -19.7571400465658 -25.4674610902255 -13.2788541836789 -12.7287660601637 -14.8158222112847 -12.4471907602995 -18.5518401737824 -24.7071522413685 -33.3747228675798 -42.0462206001985 -16.8592677895825 -20.6714405872534 -8.94219132829929 -8.12703152648614 -7.62413756698354 -5.00140797410267 -12.1184690446087 -23.1736320191648 -30.0900240173389 -1.21847578530707 
-2.20000000000004 0.92729388115724 -8.76753671057046 -1.08214630820837 -2.06540782447925 -9.87363730488552 -17.6878770001965 -12.7225889175419 -14.9068154470511 -17.228086437359 -19.5728052768243 -25.2674610902257 -13.21018464428 -12.6444312905066 -14.7158222113693 -12.5845298393511 -18.7048444830923 -24.8758217809365 -33.5590576374062 -42.2462206002831 -16.8065326834202 -20.6343707113494 -8.87379099187874 -8.15831133309867 -7.6397521433382 -5.0013573201987 -11.9127296291368 -22.9835578339512 -29.9156150623835 -1.28675204356813 
-2.00000000000004 0.92323188842326 -8.78118440684902 -1.06849861192981 -2.13782441029871 -9.95970158698354 -17.7875889785731 -12.5771797026566 -14.7477585358871 -17.0553818299166 -19.3864529731032 -25.0674610902261 -13.1374800369426 -12.5580789868906 -14.6158222114748 -12.7299390543422 -18.863901394362 -25.0485263884848 -33.745409941233 -42.4462206003885 -16.7477252082824 -20.5892109324902 -8.80133582046238 -8.18556813995346 -7.65336125391404 -5.00131873449636 -11.6948652427296 -22.7793411438226 -29.7250460685335 -1.35907715949156 
-1.80000000000004 0.919732084094335 -8.79294323303204 -1.05673978574679 -2.21405139570208 -10.0476873985699 -17.8873336163425 -12.4242150073893 -14.5830350144369 -16.8788994822833 -19.1982117992869 -24.8674610902268 -13.0609976894404 -12.4698378132053 -14.5158222116065 -12.8829037497419 -19.0286249159446 -25.2250087362505 -33.9336511151817 -42.6462206005202 -16.6832295683801 -20.5364741187708 -8.72508135437702 -8.20905831150579 -7.66509259928374 -5.00129125368266 -11.4656460812453 -22.5618808085213 -29.5193445594152 -1.43518991014031 
-1.60000000000004 0.916748527537806 -8.80296754286715 -1.04671547591167 -2.29377967793161 -10.1374399906346 -17.9871105182422 -12.264312246731 -14.4131079439434 -16.6989481019547 -19.0082361091232 -24.667461090228 -12.9810463092755 -12.3798621232053 -14.4158222117714 -13.0428065105663 -19.1985519866042 -25.4049601167451 -34.1236268055114 -42.846220600685 -16.6135086712108 -20.4767775314367 -8.64533614737268 -8.22909000623633 -7.67509998417878 -5.00127432874296 -11.2259981134177 -22.3322571505288 -29.2997452112579 -1.51477524613613 
-1.40000000000004 0.914230249546407 -8.81142858537077 -1.03825443340805 -2.37666532914421 -10.2287866843508 -18.0869182544621 -12.0981564167476 -14.2384910714564 -16.5158701869641 -18.816697151629 -24.4674610902301 -12.8979683944895 -12.2883231659157 -14.3158222119781 -13.2089623407585 -19.3731688593 -25.5880380319446 -34.3151657632145 -43.0462206008917 -16.5390774425397 -20.4108073452692 -8.56244387619789 -8.24600547107467 -7.68355440651388 -5.00126770857407 -10.9769500120528 -22.0916700916676 -29.0676191949002 -1.59748175595573 
-1.20000000000004 0.912123986227158 -8.81850531936473 -1.03117769941409 -2.46234821894887 -10.3215463081494 -18.1867546122547 -11.9264633527273 -14.0597212734422 -16.3300236549559 -18.6237738856268 -24.267461090234 -12.8121218627368 -12.1953999001691 -14.2158222122376 -13.3806554050421 -19.5519386575776 -25.7738845642161 -34.50808902948 -43.2462206011512 -16.4604751400654 -20.3392817767889 -8.47676483972971 -8.2601627921396 -7.69063499358448 -5.00127156165109 -10.7195779113049 -21.8413747249136 -28.8244005621402 -1.68293990161017 
-1.00000000000004 0.910376697635101 -8.82437595123856 -1.02530706754026 -2.55046921244178 -10.4155379335162 -18.2866168694952 -11.7499458802299 -13.8773331690709 -16.1417649187108 -18.4296445175079 -24.0674610902412 -12.7238631268105 -12.1012705323689 -14.1158222125635 -13.5571728778727 -19.734326762282 -25.9621433007943 -34.7022183979321 -43.4462206014771 -16.378239819913 -20.2629170885103 -8.38865888770344 -8.27191909702796 -7.69652066659939 -5.00128660279178 -10.4549544864553 -21.5826219319378 -28.5715184010382 -1.77077873354035 
-0.800000000000041 0.908937631647163 -8.82921100063781 -1.02047201814101 -2.6406842955557 -10.5105880660293 -18.3865020514076 -11.5692860778405 -13.6918383172823 -15.9514350175229 -18.2344795669208 -23.8674610902549 -12.6335332260187 -12.0061055821779 -14.0158222129732 -13.7378326806854 -19.9198216144939 -26.1524732024055 -34.8973833489425 -43.6462206018868 -16.2928873090386 -20.1823996270351 -8.29847132742975 -8.28161671825699 -7.70138323842878 -5.00131412522231 -10.1841071233825 -21.3166096182643 -28.310341136764 -1.86063941350411 
-0.600000000000041 0.907759814495193 -8.83316829249294 -1.01651472628589 -2.73267480490562 -10.6065358672344 -18.4864071444678 -11.3851152452861 -13.5037101928728 -15.7593496012583 -18.038436858801 -23.66746109028 -12.5414478102439 -11.910062874548 -13.9158222134883 -13.9220035137808 -20.1079497394445 -26.3445586192112 -35.0934260576033 -43.8462206024027 -16.2048962355854 -20.0983658454371 -8.20652296212144 -8.28957344549386 -7.70538267381052 -5.00135626874893 -9.90798792500464 -21.0444477117415 -28.0421365220963 -1.95218469735542 
-0.400000000000041 0.906800961279941 -8.83638989782669 -1.01329312095213 -2.82615370551049 -10.703236373173 -18.5863292557402 -11.1980016666716 -13.3133750089245 -15.5657928119763 -17.8416584641853 -23.4674610903305 -12.4478910215594 -11.8132844805298 -13.8158222141363 -14.109117093093 -20.2982849240904 -26.5381154091909 -35.2902044529168 -44.0462206030499 -16.1146989669927 -20.0113901821781 -8.11310408819496 -8.29607668219178 -7.70866430517468 -5.00141629477895 -9.62745547181568 -20.7671368638863 -27.7680472795749 -2.0451042916607 
-0.200000000000041 0.906023878906723 -8.83900077994975 -1.01068223882908 -2.92086840314687 -10.8005619529324 -18.6862657176227 -11.0084451952592 -13.1212076553891 -15.3710145763178 -17.6442693464037 -23.2674610904259 -12.3531127866207 -11.7158953634679 -13.7158222149514 -14.2986735654166 -20.4904522785371 -26.7328936457606 -35.4875935716096 -44.2462206038658 -16.0226785059233 -19.9219806032318 -8.01847274500259 -8.30138180006678 -7.71135854092663 -5.00149964840823 -9.3432676563958 -20.4855599305895 -27.4890812284011 -2.13911654804464 
-4.1133763062362e-14 0.905396474482302 -8.84110876624836 -1.00857425253046 -3.01660085835689 -10.8984023944411 -18.7862141454299 -10.8168771406415 -12.9275316144727 -15.1752305491028 -17.4463773328902 -23.0674610906137 -12.2573287602432 -11.6180033507919 -13.6158222159767 -14.4902416212467 -20.6841283206658 -26.9286776741879 -35.6854855863355 -44.4462206048903 -15.9291689408572 -19.8305790244643 -7.92285519363788 -8.30571267548399 -7.71358143004523 -5.00161455122783 -9.05608204938807 -20.2004823098804 -27.2061115939906 -2.23396723814733 
