pO2 mew_e electrons holes VO{2} VO{1} VO{0} VM{-4} VM{-3} VM{-2} VM{-1} VM{0} Oi{-2} Oi{-1} Oi{0} Mi{4} Mi{3} Mi{2} Mi{1} Mi{0} Ii{0} Ii{-1} Ii{1} IsubO{1} IsubO{2} IsubO{3} IsubZr{-3} IsubZr{-4} IsubZr{-5} Stoich
-35 2.46985466005281 -5.71307118877783 -16.866730338117 -27.6381049813525 -27.9390637171844 -32.0614902775768 -8.56585437628599 -22.7158921107198 -37.710361630217 -56.4056544257259 -81.0568776233342 -18.7941041922945 -23.6921111721039 -29.0351668594415 -66.5630175540711 -63.3005476526022 -66.2245198769429 -71.7560710770369 -78.8251399346538 -20.9462571578313 -17.4120943447024 -19.525074439977 -5.09763017366553 -17.5302538098575 -26.1041102228823 -5.69610076909475 -15.8503569975971 -18.2933616375596 -4.62471937497631 
-34.8 2.46080610385397 -5.78322922062723 -16.7965723062676 -27.5977889018753 -27.9689056695566 -32.1614902617983 -8.64648653504019 -22.7263662376246 -37.6506777252724 -56.2758124889319 -80.8568776546908 -18.8344202559933 -23.6622692039532 -28.9351668594415 -66.4823854266744 -63.290073557055 -66.284203813245 -71.8859130451884 -79.0251399346548 -20.9203844348611 -17.4563796535816 -19.4290436851575 -5.10159940306712 -17.4640650074097 -25.967763388586 -5.68070217302939 -15.9051164333812 -18.418279105193 -4.6492356838023 
-34.6 2.45165712980088 -5.85416584287965 -16.7256356840152 -27.5559156438076 -27.9979690337413 -32.2614902482355 -8.73023305100072 -22.7391761313327 -37.5925509967281 -56.1467491381352 -80.6568776816416 -18.8762935004981 -23.6332058262056 -28.8351668594414 -66.3986389376657 -63.2772636902987 -66.3423305687412 -72.014976422937 -79.2251399346557 -20.8947621944547 -17.5016940354276 -19.3324848224987 -5.10504052684588 -17.3965695089361 -25.829331267859 -5.66788982633111 -15.9632407089353 -18.5473400029996 -4.67147405337465 
-34.4 2.44242417993955 -5.92575357203785 -16.654047954857 -27.5127401738775 -28.0263812929695 -32.3614902366218 -8.81658399071912 -22.7539393418929 -37.5357264781301 -56.018336890379 -80.4568777047272 -18.9194689588144 -23.6047935553637 -28.7351668594414 -66.3122880210322 -63.2625005028233 -66.399155110424 -72.143388693778 -79.425139934655 -20.8693183419996 -17.5478379121308 -19.2354532408854 -5.10800893361849 -17.3279501865514 -25.6891242163161 -5.65720918443624 -16.0241477961987 -18.6798348194211 -4.69146932281915 
-34.2 2.43312088046805 -5.99788675729788 -16.5819147695969 -27.4684737934384 -28.0542480977904 -32.4614902267028 -8.9051167514722 -22.770338917386 -37.4799928683631 -55.890470095352 -80.2568777244402 -18.9637353293344 -23.5769267406237 -28.6351668594413 -66.2237552799912 -63.2461009470424 -66.4548887399032 -72.2712555085172 -79.6251399346542 -20.8440029658411 -17.5946557212323 -19.1380046794668 -5.11056036228134 -17.2583684299533 -25.547409274458 -5.64829338377076 -16.0873651807932 -18.8151853892757 -4.70930498473277 
-34 2.42375858956366 -6.07047733296768 -16.5093241939271 -27.4232926336516 -28.0816575136734 -32.5614902182555 -8.99547907094449 -22.7881106611885 -37.4251740364958 -55.7630606878149 -80.0568777412333 -19.0089164806744 -23.5495173162939 -28.5351668594417 -66.1333929773131 -63.228329220034 -66.5097075885645 -72.3986649328484 -79.8251399346551 -20.8187781700931 -17.642021501154 -19.040189308049 -5.11274498241628 -17.1879624744184 -25.4044127432534 -5.64084033182522 -16.1525027045175 -18.9529134886698 -4.725098057017 
-33.8 2.41434678013902 -6.14345185076526 -16.4363496761296 -27.377343590874 -28.1086829886933 -32.6614902110731 -9.08737715641212 -22.8070342288585 -37.3711230863683 -55.6360352198898 -79.8568777555106 -19.0548655162695 -23.5224918340914 -28.4351668594417 -66.0414949061219 -63.2094056666405 -66.5637585529686 -72.52569041505 -80.0251399346544 -20.7936189989282 -17.6898368477867 -18.9420556190865 -5.1146112862709 -17.1168542604764 -25.2603300115137 -5.63460472833039 -16.2192416188202 -19.0926269207701 -4.73899181464864 
-33.6 2.40489338685293 -6.2167487892687 -16.3630527376261 -27.3307497077755 -28.1353860440982 -32.7614902049814 -9.18056492254614 -22.8269250564891 -37.3177169754955 -55.5093321705135 -79.6568777676308 -19.1014593932764 -23.4957887725948 -28.3351668594416 -65.9483071521074 -63.1895148511294 -66.6171646759609 -72.6523934765458 -80.2251399346536 -20.7685051179686 -17.7380199053305 -18.8436447996235 -5.11620046071663 -17.0451464964178 -25.1153253089517 -5.62938167500133 -16.2873155039946 -19.2339977444479 -4.7511417514389 
-33.4 2.39540504949982 -6.29031666679405 -16.2894848601008 -27.2836139475617 -28.1618181614098 -32.8614901998183 -9.27483644291785 -22.8476286993355 -37.2648527408165 -55.3829000583091 -79.4568777779012 -19.148595148327 -23.4693566501201 -28.2351668594416 -65.854035642007 -63.1688112185543 -66.6700289209112 -72.7788255990214 -80.4251399346546 -20.7434245114454 -17.7865071763328 -18.744996315575 -5.11755197150461 -16.9729301296804 -24.9695410646899 -5.62500471132457 -16.3565064178432 -19.3767565358219 -4.76171213428371 
-33.2 2.38588734234218 -6.36411226326563 -16.2156892636292 -27.2360227502461 -28.1880225605658 -32.961490195446 -9.37001883749701 -22.869015497443 -37.2124439424525 -55.2566956634736 -79.256877786594 -19.1961863412701 -23.4431522465917 -28.1351668594415 -65.7588532561216 -63.1474244291405 -66.722437727969 -72.9050300025508 -80.6251399346555 -20.7183679364598 -17.8352461978187 -18.6461441441178 -5.11869979567547 -16.9002823573797 -24.8230976959167 -5.62133493444651 -16.4266322374367 -19.520677951887 -4.77086622395068 
-33 2.37634494621016 -6.43809928584014 -16.1417022410547 -27.1880487014031 -28.2140355342973 -33.061490191752 -9.46596693515052 -22.890976572522 -37.160417994957 -55.1306826934035 -79.0568777939495 -19.2441603864191 -23.4171392691661 -28.0351668594415 -65.6629051658228 -63.1254633614162 -66.7744636828192 -73.0310429799755 -80.8251399346547 -20.6933270744025 -17.8841923583359 -18.547116259486 -5.11967190734924 -16.8272674464798 -24.6760957624423 -5.61825514746824 -16.4975394730329 -19.6655722100577 -4.77876034466577 
-32.8 2.36678178967559 -6.51224727431367 -16.0675542525811 -27.1397527213345 -28.2398875427023 -33.1614901886304 -9.56255889526003 -22.913420544158 -37.1087139781194 -55.0048306880925 -78.8568778001649 -19.2924563633661 -23.3912872576396 -27.9351668594414 -65.5663132119279 -63.1030193959948 -66.8261677058714 -73.1568949915012 -81.025139934654 -20.668298228114 -17.9333115005209 -18.4479394247239 -5.12049506946609 -16.7539426201223 -24.5286229476112 -5.61567027281567 -16.5691025868539 -19.8112833123522 -4.7855445830064 
-32.6 2.3572011755663 -6.58653062019189 -15.9932709067029 -27.0911860269429 -28.2656041941889 -33.2614901859953 -9.6596922840201 -22.9362705870399 -37.057280675123 -54.8791140392178 -78.656877805412 -19.3410230551225 -23.3655706035178 -27.8351668594414 -65.469179828416 -63.0801693583611 -66.8776010141159 -73.2826116456239 -81.2251399346549 -20.6432777004346 -17.9825743187197 -18.3486355511663 -5.12119119327284 -16.6803553980508 -24.3807523796624 -5.61349978801811 -16.6412154479346 -19.9576795193111 -4.7913568063688 
-32.4 2.34760587896453 -6.66092780685886 -15.918873720036 -27.0423916513836 -28.2912070052965 -33.3614901837699 -9.75728103511495 -22.9594621514678 -37.006075052884 -54.7535112303118 -78.456877809839 -19.3898174284564 -23.3399677901847 -27.7351668594413 -65.3715910817491 -63.0569777983612 -66.928806640783 -73.408214458958 -81.4251399346559 -20.6182636427845 -18.0319574477366 -18.2492243068492 -5.12177994673082 -16.6065469648418 -24.2325467597856 -5.61167729479591 -16.7137901413793 -20.1046513994228 -4.7963235101795 
-32.2 2.33799823476293 -6.73542073071127 -15.8443807961835 -26.9934058018031 -28.3167140795685 -33.4614901818943 -9.85525273426356 -22.9829409267639 -36.9550609043277 -54.6280041579032 -78.256877813578 -19.4388032761616 -23.3144607140375 -27.6351668594417 -65.2736193863369 -63.0334990268014 -66.9798207930756 -73.533721535103 -81.6251399346534 -20.593253282294 -18.0814400110985 -18.1497210225063 -5.12227666051233 -16.5325507547709 -24.0840576258622 -5.61014570960162 -16.7867514800375 -20.2521056619334 -4.80055710241342 
-32 2.32838020473719 -6.80999418111006 -15.7698073457848 -26.9442588994256 -28.3421406275898 -33.5614901803143 -9.95354653900886 -23.0066612811105 -36.9042078082755 -54.5025776114521 -78.0568778167281 -19.4879501769591 -23.2890341644362 -27.5351668594417 -65.1753255847427 -63.0097786756061 -67.030673892279 -73.6591480847052 -81.8251399346543 -20.5682456946732 -18.1310058738766 -18.0501399844868 -5.12269562091238 -16.4583962647722 -23.9353296854656 -5.60885847632737 -16.860037697162 -20.3999653294567 -4.80415879921354 
-31.8 2.31875343859429 -6.88463536704285 -15.695166159852 -26.8949765262263 -28.3674994403232 -33.6614901789805 -10.0521112853937 -23.0305848415625 -36.8534901827947 -54.3772188000386 -77.8568778193818 -19.5372325488247 -23.263675350369 -27.4351668594416 -65.0767608410125 -62.9858551178086 -67.0813915204144 -73.7845068987734 -82.0251399346553 -20.5432408799222 -18.1806422450583 -17.9504939838029 -5.12304961889518 -16.3841090768222 -23.7864013115819 -5.60777722202837 -16.9335976287958 -20.5481664470233 -4.80721850758612 
-31.6 2.30911932497984 -6.95933352163799 -15.6204680052568 -26.8455802159142 -28.3928012846063 -33.7614901778587 -10.1509039060134 -23.0546793075871 -36.8028864942241 -54.2519169568729 -77.6568778216209 -19.5866288580149 -23.2383735049641 -27.3351668594416 -64.9779682226312 -62.9617606540225 -67.1319952112233 -73.9098087441775 -82.2251399346545 -20.518236989461 -18.2303365091923 -17.8507919387466 -5.12334757271668 -16.3097088760494 -23.6373029562141 -5.60686779759175 -17.0073863589543 -20.6966533317769 -4.8098130436849 
-31.4 2.29947902983404 -7.03407960477156 -15.5457219221233 -26.7960880486994 -28.418055200525 -33.8614901769111 -10.2498882404323 -23.0789175588724 -36.7523786623759 -54.1266630418911 -77.4568778235056 -19.636121024282 -23.2131195880976 -27.2351668594415 -64.8789838900961 -62.937522404621 -67.1825030449554 -74.0350626610431 -82.4251399346538 -20.4932349475797 -18.2800805504445 -17.7510438137317 -5.12359944675453 -16.2352146669528 -23.4880626639839 -5.60610400699576 -17.0813686514919 -20.8453817074481 -4.81201154383351 
-31.2 2.28983353595249 -7.10886599633222 -15.4709355305626 -26.7465152647825 -28.4432688081688 -33.9614901761155 -10.3490338082625 -23.1032767351419 -36.7019514470847 -54.0014494350392 -77.2568778250931 -19.6856938074033 -23.1879059796582 -27.1351668594415 -64.7798383238545 -62.9131632299399 -67.232930261835 -74.1602762694834 -82.6251399346547 -20.4682329056983 -18.3298649001238 -17.6512553802897 -5.1238110125165 -16.1606398411541 -23.3387014466254 -5.60546114138389 -17.1555121774407 -20.9943116249575 -4.81387127030171 
-31 2.2801836682891 -7.18368630003528 -15.3961152268595 -26.6968746567051 -28.4684485037945 -34.0614901754443 -10.4483150244106 -23.1277376475869 -36.6515920558267 -53.8762697400782 -77.0568778264289 -19.7353344148093 -23.1627262833612 -27.0351668594414 -64.6805571090432 -62.8887023188318 -67.2832896544299 -74.2854559657814 -82.8251399346557 -20.4432317881069 -18.3796840862354 -17.5514339589952 -5.12398959055121 -16.0859981154858 -23.1892394172531 -5.60492093623748 -17.2297922759973 -21.1434120272172 -4.81544391328267 
-30.8 2.27053012186952 -7.25853512699528 -15.3212663998995 -26.6471770022213 -28.4935996762707 -34.1614901748805 -10.5477103333779 -23.1522841295943 -36.6012897108741 -53.7511185681655 -76.8568778275563 -19.7850320687293 -23.1375751103212 -26.9351668594414 -64.5811618012024 -62.8641558379509 -67.3335920005091 -74.4106071388205 -83.0251399346549 -20.4182306705154 -18.429531795604 -17.4515840144437 -5.12413964543552 -16.011299343411 -23.0396918182183 -5.6044663006534 -17.3041864673732 -21.2926550455532 -4.81677216668817 
-30.6 2.26087348046713 -7.33340795092217 -15.2463935759726 -26.5974313538941 -28.5187268518704 -34.261490174407 -10.6472016300355 -23.176902602325 -36.5510353596778 -53.6259913930424 -76.6568778285063 -19.834777716583 -23.112447934248 -26.8351668594413 -64.4816705054941 -62.8395373661695 -67.3838463526545 -74.5357343148929 -83.2251399346541 -20.393229552924 -18.4794035019394 -17.3517100729254 -5.12426570344416 -15.9365525774918 -22.8900722283723 -5.60408365579262 -17.3786766464393 -21.4420180485461 -4.81789326946758 
-30.4 2.25121423547971 -7.40830096176026 -15.1715005651346 -26.5476453318165 -28.5438338406308 -34.3614901740055 -10.7467736741843 -23.2015816356357 -36.5008213821505 -53.500884404677 -76.4568778293028 -19.8845637382596 -23.0873409450865 -26.7351668594417 -64.3820984621427 -62.8148583336562 -67.4340603309794 -74.6608413040558 -83.4251399346551 -20.3682293596224 -18.529296319476 -17.2518168687858 -5.12437249890308 -15.8617663621127 -22.740393002155 -5.60376249580182 -17.4532484972866 -21.5914829102315 -4.8188399310369 
-30.2 2.24155279998668 -7.48321095669611 -15.0965905701987 -26.4978253416076 -28.5689238453578 -34.4614901736684 -10.8464136546 -23.2263116211155 -36.4506413726945 -53.3757944002851 -76.2568778299751 -19.9343837281312 -23.0622509400223 -26.6351668594417 -64.2824584823985 -62.7901283488479 -67.4842403411069 -74.7859313091191 -83.6251399346543 -20.3432291663209 -18.5792061211103 -17.1519066805484 -5.1244623103281 -15.7869461786027 -22.5906628237092 -5.6034922879801 -17.5278882844008 -21.7410326922815 -4.81963825933754 
-30 2.23188952260534 -7.55813523272332 -15.0216662941715 -26.4479767892697 -28.5939995690471 -34.5614901733849 -10.946110759275 -23.2510844497634 -36.4004899253151 -53.2507186768785 -76.0568778305413 -19.9842322801856 -23.0371752160495 -26.5351668594416 -64.1827613782889 -62.7653555207655 -67.5343917890516 -74.9110070330911 -83.8251399346535 -20.3182289730193 -18.6291302038359 -17.0519822112196 -5.1245378407163 -15.7120974329628 -22.4408898020421 -5.60326492332641 -17.6025851957743 -21.8906538796823 -4.82031129763206 
-29.8 2.22222469492117 -7.63307152903241 -14.9467299978624 -26.3981041964132 -28.6190632724997 -34.6614901731466 -11.0458559449865 -23.2758933391657 -36.3503625184084 -53.1256549736627 -75.8568778310163 -20.0341048728038 -23.0121115123585 -26.4351668594416 -64.0830161930535 -62.7405466318392 -67.5845191964345 -75.036070736783 -84.0251399346545 -20.2932287797178 -18.6790663068435 -16.952045721609 -5.12460135086691 -15.6372246468043 -22.2910807195754 -5.6030736194272 -17.6773301881842 -22.0403351684012 -4.82087847599392 
-29.6 2.2125585631351 -7.70801793670298 -14.8717835901918 -26.3482113808717 -28.6441168646288 -34.7614901729463 -11.1456415760685 -23.3007325625772 -36.3002553341493 -53.000601381733 -75.6568778314161 -20.0839976881448 -22.987057920029 -26.3351668594415 -63.9832305623722 -62.7157074088284 -67.6346263810943 -75.1611243291134 -84.2251399346555 -20.2682285864163 -18.7290125212125 -16.8520991206369 -5.1246547496949 -15.5623316379618 -22.1412413030614 -5.60291264953714 -17.7521156259647 -22.1900670138523 -4.82135631778856 
-29.4 2.20289133489132 -7.7829728457646 -14.7968286811302 -26.2983015625801 -28.6691619553988 -34.8614901727778 -11.2454612126532 -23.3255972901003 -36.2501651526107 -52.8755562911328 -75.4568778317543 -20.133907506268 -22.9620128290906 -26.2351668594415 -63.8834109261249 -62.6908426816428 -67.6847165629703 -75.286169420051 -84.4251399346547 -20.2432283931147 -18.7789672369726 -16.7521440182737 -5.12469964716288 -15.487421626369 -21.991376382407 -5.60277718375866 -17.8269350692478 -22.3398413661971 -4.82175884241404 
-29.2 2.19322318329359 -7.85793491405629 -14.7218666128385 -26.2483774258552 -28.6941998869655 -34.9614901726363 -11.3453094861048 -23.3504834952601 -36.2000892894789 -52.7505183597093 -75.2568778320391 -20.1838316428514 -22.9369748973822 -26.1351668594414 -63.7835626529574 -62.665956476767 -67.7347924263861 -75.4112073517585 -84.6251399346539 -20.2182281998132 -18.8289291119627 -16.6521817566805 -5.12473738542855 -15.4124972963421 -21.8414899840884 -5.60266319561699 -17.9017831493978 -22.4896515146388 -4.82209779329671 
-29 2.18355425574118 -7.93290299871703 -14.6468985281778 -26.1984412564113 -28.7192318021824 -35.0614901725139 -11.4451818249836 -23.3753877494782 -36.1500254590362 -52.6254864446059 -75.056877832275 -20.2337678121728 -22.9119429820429 -26.0351668594414 -63.6836903143154 -62.6410522227857 -67.7848562570656 -75.5362392670988 -84.8251399346549 -20.1932289308015 -18.8788979276118 -16.5522144030081 -5.12477003163329 -15.3375618578861 -21.6915864609726 -5.60256818082344 -17.976656219265 -22.6394926691667 -4.82238413908266 
-28.8 2.17388467473211 -8.00787614995772 -14.5719253769371 -26.1484949538299 -28.7442586508417 -35.1614901724139 -11.5450744301467 -23.4003072034006 -36.099971761718 -52.500459596047 -74.8568778324753 -20.2837141146541 -22.8869161332836 -25.9351668594413 -63.5837977093536 -62.6161327690646 -67.8349099545852 -75.6612661158591 -85.0251399346559 -20.1682287375 -18.928870885551 -16.4522410584659 -5.12479668699155 -15.2626153620037 -21.5416668138486 -5.60248744144431 -18.0515486311266 -22.789358232269 -4.82262440667098 
-28.6 2.16421454428928 -8.08285356123615 -14.4969479656587 -26.0985401311887 -28.7692812394789 -35.2614901723295 -11.6449840754325 -23.425239437408 -36.0499265844469 -52.3754370074974 -74.6568778326473 -20.3336689372114 -22.8618935445624 -25.8351668594417 -63.4838880642373 -62.5912005352268 -67.8849551320258 -75.7862887045781 -85.2251399346533 -20.1432285441985 -18.9788481035279 -16.3522634538859 -5.12481908232718 -15.1876603460609 -21.3917343866273 -5.60241948215009 -18.1264580831108 -22.9392450955316 -4.82282665514284 
-28.4 2.15454395156703 -8.1578345568007 -14.4219669700941 -26.0485781399891 -28.7943002438438 -35.361490172259 -11.7449080578324 -23.4501824242433 -35.9998885757177 -52.2504180032037 -74.4568778327891 -20.3836309283404 -22.8368745401269 -25.7351668594417 -63.3839640819801 -62.5662575485341 -67.9349931408977 -75.9113077090145 -85.4251399346543 -20.1182283508969 -19.0288289057909 -16.2522822650198 -5.12483789339014 -15.1126981615593 -21.2417912065621 -5.60236227568393 -18.2013818722092 -23.0891498801945 -4.82299687719843 
-28.2 2.14487297006417 -8.2328185667779 -14.3469829601169 -25.9986101199754 -28.8193162338074 -35.4614901721998 -11.8448440978604 -23.4751344542941 -35.9498565957913 -52.1254020133001 -74.2568778329083 -20.4335989482948 -22.8118585501041 -25.6351668594416 -63.2840280420723 -62.5413055186035 -67.9850251209442 -76.0363236990383 -85.6251399346553 -20.0932281575954 -19.0788127224665 -16.1522980617411 -5.12485369005263 -15.0377299482446 -21.0918389832693 -5.60231411243319 -18.2763177189357 -23.2390697368982 -4.82314013759129 
-28 2.13520166123053 -8.30780511471618 -14.2719964121786 -25.9486370240475 -28.8443296858177 -35.5614901721484 -11.9447902897143 -23.5000940982098 -35.8998296917687 -52.0003885613392 -74.0568778330091 -20.4835720441713 -22.7868450980423 -25.5351668594416 -63.1840818503184 -62.5163458747879 -68.0350520250669 -76.1613371510992 -85.8251399346545 -20.0682284264388 -19.1287995392482 -16.0523117826462 -5.12486741090591 -14.9627571211605 -20.9418796082469 -5.60227402519223 -18.351264179633 -23.3890027455338 -4.82326114050513 
-27.8 2.12553007727838 -8.38279379578737 -14.1970077311074 -25.8986596618617 -28.8693410047031 -35.661490172105 -12.0447450140839 -23.5250601415082 -35.8498070539959 -51.8753772424953 -73.856877833094 -20.5335494063136 -22.7618337791134 -25.4351668594415 -63.0841271260329 -62.4913798315735 -68.0850746629237 -76.2863484700272 -86.0251399346537 -20.0432286952822 -19.1787884891628 -15.9523233704184 -5.12487899863516 -14.8877800278176 -20.7919138338329 -5.60224033733408 -18.426219172846 -23.538946419818 -4.8233630338485 
-27.6 2.11585826158407 -8.45778427367271 -14.1220172532221 -25.8486787060561 -28.8943505267829 -35.76149017207 -12.1447069256961 -23.5500315752351 -35.7997880098374 -51.7503677204514 -73.6568778331648 -20.5835303620843 -22.7368242569987 -25.3351668594415 -62.9841652144925 -62.4664083979184 -68.135093707154 -76.4113579921429 -86.2251399346547 -20.0182285019806 -19.2287787737466 -15.8523326992315 -5.12488832741289 -14.81279887871 -20.6419422068408 -5.60221157775938 -18.5011808911567 -23.688898616014 -4.82344835840364 
-27.4 2.10618625109782 -8.53277626187846 -14.0470252650164 -25.7986947296153 -28.9193585385478 -35.8614901720408 -12.2446748785786 -23.5750075399118 -35.7497719863084 -51.6253597087167 -73.4568778332243 -20.6335143384957 -22.7118162452044 -25.2351668594414 -62.8841972616704 -62.4414324333022 -68.1851097307435 -76.5363660039381 -86.4251399346557 -19.9932283086791 -19.2787705686508 -15.7523405177242 -5.12489614587677 -14.7378147089681 -20.4919660488923 -5.6021873491346 -18.5761486507376 -23.8388583638007 -4.82352013726046 
-27.2 2.09651407654455 -8.6077695221788 -13.972032004716 -25.7487082089901 -28.944365278223 -35.9614901720163 -12.3446479198317 -23.5999873208646 -35.6997585069608 -51.5003529690688 -73.256877833276 -20.6835008590964 -22.6868095055047 -25.1351668594414 -62.7842242204683 -62.4164526524004 -68.235123210142 -76.661372743637 -86.6251399346549 -19.9682281153776 -19.3287636356496 -15.6523470641224 -5.12490269224994 -14.6628279950419 -20.3419860746657 -5.60216693678583 -18.6511214986892 -23.9888244720526 -4.82358050188123 
-27 2.08684176423121 -8.68276385060263 -13.8970376762922 -25.6987195521185 -28.9693709497752 -36.0614901719923 -12.4446252335685 -23.6249703061775 -35.6497471638499 -51.375347297534 -73.0568778333175 -20.733489515944 -22.6618038339285 -25.0351668594413 -62.6842469067722 -62.3914696671281 -68.2851345532936 -76.7863784152124 -86.8251399346541 -19.9432288463659 -19.3787586950618 -15.5523534666869 -5.12490909479095 -14.5878400691581 -20.1920038203581 -5.60215065308713 -18.7260995434143 -24.1387968452016 -4.82363220307403 
-26.8 2.07716933564516 -8.75775908054761 -13.8220424463472 -25.6487290922114 -28.9943757198131 -36.1614901719752 -12.5446061533836 -23.6499559960477 -35.5997376237751 -51.2503425275142 -72.8568778333527 -20.7834799758339 -22.6367990638734 -24.9351668594413 -62.5842659869933 -62.3664839772942 -68.3351440934046 -76.9113831852684 -87.0251399346551 -19.9182286530644 -19.4287537317053 -15.4523580434404 -5.12491367152688 -14.5128494159491 -20.042017937205 -5.60213614965574 -18.8010802699279 -24.2887728016601 -4.8236748850217 
-26.6 2.06749680986395 -8.83275506409575 -13.7470464627991 -25.5987371251004 -29.0193797362502 -36.2614901719605 -12.6445900876076 -23.6749439467235 -35.5497295909028 -51.1253385110937 -72.6568778333841 -20.8334719429305 -22.611795047422 -24.8351668594417 -62.4842820527999 -62.3414960266489 -68.3851521263076 -77.0363872017195 -87.2251399346543 -19.8932284597628 -19.4787495219519 -15.3523618665907 -5.12491749466246 -14.4378572555374 -19.8920297932443 -5.60212390702999 -18.8760640108503 -24.4387525261307 -4.82371079835877 
-26.4 2.05782420134637 -8.9077516891408 -13.672049837754 -25.5487438749984 -29.0443831111933 -36.3614901719486 -12.7445765878143 -23.6999338218852 -35.4997228410194 -51.0003351361654 -72.4568778334106 -20.8834651930206 -22.586791672467 -24.7351668594416 -62.384295552619 -62.316506151513 -68.4351588762167 -77.1613905766736 -87.4251399346535 -19.8682282664613 -19.5287459536954 -15.2523650482441 -5.12492067630443 -14.3628638121335 -19.7420397247953 -5.60211358889014 -18.9510503177555 -24.5887354580809 -4.82374094848679 
-26.2 2.04815152414958 -8.98274884669055 -13.5970526802043 -25.498749559889 -29.0693859536337 -36.4614901719387 -12.8445652180342 -23.7249252945552 -35.4497171561398 -50.8753322937359 -72.2568778334314 -20.9334595081201 -22.5617888300167 -24.6351668594416 -62.2843069224209 -62.2915146788647 -68.4851645611181 -77.2863934191248 -87.6251399346545 -19.8432280731597 -19.5787429179436 -15.1523676973928 -5.1249233254428 -14.2878693037221 -19.592048058835 -5.60210486825868 -19.0260387546738 -24.738721052549 -4.82376631367167 
-26 2.03847878871602 -9.05774645577941 -13.5220550711154 -25.4487543416997 -29.0943883445331 -36.561490171927 -12.9445556544047 -23.7499181218369 -35.3997123743326 -50.7503299028399 -72.0568778334465 -20.9834547262977 -22.5367864391055 -24.5351668594415 -62.1843164860665 -62.2665218515991 -68.5351693429414 -77.411395810037 -87.8251399346555 -19.8182288041481 -19.6287412580208 -15.0523708192923 -5.12492644733109 -14.2128748165215 -19.4420559625447 -5.60209842652872 -19.1010299220327 -24.8887098289967 -4.82378854500242 
-25.8 2.02880600428325 -9.13274444478389 -13.4470570821109 -25.3987583636839 -29.1193903555219 -36.6614901719203 -13.044547610439 -23.7749120888667 -35.3497083523579 -50.6253278918607 -71.8568778334629 -21.0334507043066 -22.5117844281099 -24.4351668594415 -62.0843245300477 -62.2415278845849 -68.5851733649317 -77.5363978210317 -88.0251399346547 -19.7932286108466 -19.6787390537237 -14.9523726369863 -5.12492826501786 -14.1378786452047 -19.2920618022234 -5.60209220025697 -19.1760216847654 -25.0386995807339 -4.82380643700558 
-25.6 2.01913317888393 -9.20774275142278 -13.372058775472 -25.3487617504006 -29.1443920488774 -36.7614901719147 -13.1445408370085 -23.7999070087973 -35.2997049656496 -50.5003261985136 -71.6568778334768 -21.0834473175844 -22.4867827347487 -24.3351668594414 -61.9843313034914 -62.2165329646674 -68.6351767516531 -77.661399514392 -88.2251399346539 -19.768228417545 -19.7287371670611 -14.8523741370459 -5.12492976507228 -14.0628818386193 -19.1420666889992 -5.60208692688605 -19.2510147180334 -25.1886909206408 -4.82382147346465 
-25.4 2.00946031894418 -9.28274132587106 -13.2970602010238 -25.2987646014994 -29.1693934744246 -36.8614901719101 -13.2445351348118 -23.8249027321524 -35.2497021145564 -50.375324772972 -71.456877833487 -21.1334444664809 -22.461781309197 -24.2351668594414 -61.8843370056993 -62.1915372413236 -68.6851796027575 -77.7864009399447 -88.4251399346549 -19.7432282242435 -19.7787355482078 -14.752375369296 -5.12493099731745 -13.9878844964162 -18.9920707723487 -5.60208245693954 -19.3260088225352 -25.3386835995909 -4.82383410203232 
-25.2 1.99978742968524 -9.3577401276459 -13.2220613992489 -25.248766997946 -29.194394672646 -36.9614901719064 -13.3445303419196 -23.8498991374854 -35.1996997181145 -50.2503235747554 -71.2568778334955 -21.1834420700305 -22.4367801109718 -24.1351668594413 -61.7843417986009 -62.166540836 -68.7351819992088 -77.9114021381709 -88.6251399346559 -19.7182280309419 -19.8287341566811 -14.6523763742196 -5.12493200223779 -13.9128866995617 -18.8420741737185 -5.60207866897101 -19.4010038363415 -25.488677415172 -4.8238446864076 
-25 1.99011451592669 -9.43273911937857 -13.1470624075162 -25.1987690144742 -29.2193956809069 -37.0614901718999 -13.4445263088568 -23.8748961126899 -35.1496977015864 -50.1253225664945 -71.056877833502 -21.2334400534958 -22.4117791027044 -24.0351668594413 -61.6843458316694 -62.1415438608012 -68.7851840157427 -78.0364031464374 -88.8251399346551 -19.6932287619303 -19.8787338794021 -14.5523781134753 -5.12493374148656 -13.8378894470787 -18.6920779295028 -5.60207637516389 -19.476000534267 -25.6386731048302 -4.82385448680557 
-24.8 1.98044158148405 -9.50773827148547 -13.0720632554093 -25.1487707102576 -29.2443965287971 -37.1614901718971 -13.544522917292 -23.8998935690182 -35.0996960058078 -50.0003217186091 -70.8568778335097 -21.28343835771 -22.3867782548117 -23.9351668594417 -61.584349223241 -62.1165464044798 -68.8351857115281 -78.1614039943297 -89.0251399346543 -19.6682285686288 -19.9287328382075 -14.4523787680669 -5.12493439607528 -13.7628909495596 -18.5420802798777 -5.60207363819066 -19.5509969494007 -25.7886686720708 -4.82386192051309 
-24.6 1.97076862977119 -9.58273755749706 -12.9970639693978 -25.0987721382325 -29.2693972427836 -37.2614901718952 -13.6445200613433 -23.9248914270578 -35.0496945778358 -49.8753210046255 -70.6568778335145 -21.3334369297331 -22.3617775408232 -23.8351668594416 -61.4843520791956 -62.091548546446 -68.8851871395059 -78.2864047083191 -89.2251399346553 -19.6432283753272 -19.9787319309175 -14.3523792887538 -5.12493491676068 -13.6878921842335 -18.392082228539 -5.60207130292874 -19.6259939001504 -25.9386649088321 -4.82386814978876 
-24.4 1.96109566339874 -9.65773695717194 -12.9220645697229 -25.0487733388813 -29.2943978431073 -37.3614901718937 -13.7445176600485 -23.9498896260883 -34.9996933771914 -49.7503204043062 -70.4568778335203 -21.3834357290828 -22.3367769404981 -23.7351668594416 -61.3843544804953 -62.0665503474206 -68.9351883401554 -78.4114053086435 -89.4251399346545 -19.6182281820257 -20.0287311372909 -14.2523796957773 -5.12493532378234 -13.6128931915811 -18.2420838362118 -5.60206930865761 -19.7009913055541 -26.0886617139107 -4.8238733566309 
-24.2 1.9514226849773 -9.7327364502687 -12.8470650766261 -24.9987743526866 -29.3193983500094 -37.4614901718926 -13.8445156324407 -23.9748881053836 -34.94969236339 -49.625319897408 -70.2568778335254 -21.4334347152763 -22.3117764335948 -23.6351668594415 -61.2843565081075 -62.0415518681295 -68.9851893539611 -78.5364058155459 -89.6251399346537 -19.5932279887241 -20.0787304370861 -14.152380009379 -5.12493563738335 -13.5378940120845 -18.0920851636184 -5.60206759465142 -19.7759890846447 -26.238658986098 -4.82387772300329 
-24 1.9417496961134 -9.80773602433108 -12.7720655025637 -24.9487752045576 -29.3443987759427 -37.5614901718883 -13.9445139286906 -23.9998868275711 -34.8996915115151 -49.5003194714708 -70.0568778335257 -21.483433863401 -22.2867760076571 -23.5351668594415 -61.184358211859 -62.0165531459433 -69.0351902058373 -78.6614062414845 -89.8251399346547 -19.5682287197125 -20.1287307421368 -14.052381166305 -5.1249367943046 -13.4628955949434 -17.9420871724158 -5.60206704782732 -19.850988111883 -26.3886575873987 -4.8238822851918 
-23.8 1.93207669841358 -9.88273566690285 -12.697065859992 -24.8987759194135 -29.3693991333704 -37.6614901718877 -14.0445124989798 -24.0248857552886 -34.8496907966608 -49.3753191140447 -69.8568778335279 -21.5334331485445 -22.2617756502288 -23.4351668594414 -61.0843596415729 -61.991554218229 -69.0851909206947 -78.7864065989137 -90.0251399346556 -19.5432285264109 -20.1787301914071 -13.9523813304317 -5.12493695843117 -13.3878961164982 -17.7920880513979 -5.60206578224326 -19.9259864888707 -26.5386556069581 -4.82388530662908 
-23.6 1.92240369348438 -9.95773536552774 -12.6220661613671 -24.8487765221633 -29.3943994347451 -37.7614901718874 -14.1445112934829 -24.0498848511668 -34.7996901939141 -49.2503188126731 -69.6568778335315 -21.5834325457942 -22.2367753488537 -23.3351668594414 -60.9843608470725 -61.9665551223535 -69.1351915234441 -78.911406900288 -90.2251399346549 -19.5182283331094 -20.2287296967304 -13.8523814385053 -5.12493706650394 -13.3128965259469 -17.6420887622218 -5.60206468481992 -20.0009850900722 -26.6886539067846 -4.82388782356882 
-23.4 1.91273068253067 -10.0327351108636 -12.5470664160312 -24.7987770314915 -29.4193996894091 -37.8614901718872 -14.2445102748294 -24.0748840871775 -34.749689684589 -49.1253185580121 -69.4568778335346 -21.6334320364659 -22.2117750941895 -23.2351668594413 -60.8843618657284 -61.9415558863452 -69.1851920327717 -79.0364071549514 -90.4251399346541 -19.4932281398079 -20.2787292487647 -13.7523814998679 -5.12493712786682 -13.2378968419731 -17.4920893329121 -5.60206372752907 -20.0759838781172 -26.8386524401654 -4.82388992003654 
-23.2 1.90305766635574 -10.1077348966822 -12.4720666302126 -24.7487774598524 -29.4443999035887 -37.9614901718854 -14.344509418104 -24.0998834446334 -34.6996892562263 -49.0003183438307 -69.2568778335346 -21.6834316081031 -22.1867748800081 -23.1351668594413 -60.7843627224548 -61.9165565288903 -69.2351924611354 -79.1614073691338 -90.6251399346551 -19.4682284086513 -20.3287293034268 -13.6523819828927 -5.12493761088938 -13.162897539177 -17.3420902442983 -5.60206335382838 -20.1509832902352 -26.988651638102 -4.82389211414557 
-23 1.89338464576285 -10.1827347167556 -12.3970668101393 -24.6987778197037 -29.4694000835133 -38.0614901718833 -14.4445086983988 -24.1248829048549 -34.6496888963744 -48.8753181639055 -69.056877833536 -21.7334312482502 -22.1617747000818 -23.0351668594417 -60.6843634421606 -61.8915570686695 -69.2851928209879 -79.2864075490596 -90.8251399346543 -19.4432286774947 -20.3787293923435 -13.5523824316627 -5.12493805965738 -13.0878981678725 -17.1920910529196 -5.60206308289326 -20.2259828393734 -27.1386510073136 -4.82389399971054 
-22.8 1.88371162155527 -10.2577345648555 -12.3220669620393 -24.6487781235041 -29.4944002354136 -38.1614901718835 -14.5445080908008 -24.149882449157 -34.5996885925766 -48.7503180120079 -68.8568778335385 -21.7834309444499 -22.1367745481816 -22.9351668594416 -60.5843640497602 -61.866557524369 -69.3351931247873 -79.4114077009589 -91.0251399346535 -19.4182284841931 -20.4287290471419 -13.4523823902613 -5.12493801825658 -13.0128982783709 -17.0420913153181 -5.60206243389384 -20.3009820384739 -27.288650054514 -4.82389517052664 
-22.6 1.87403859453625 -10.3327344347538 -12.247067092141 -24.5987783837077 -29.5194003655156 -38.2614901718838 -14.6445075703947 -24.1748820588525 -34.5496883323738 -48.6253178819067 -68.656877833539 -21.8334306842466 -22.1117744180799 -22.8351668594416 -60.4843645701679 -61.8415579146749 -69.3851933849916 -79.5364078310616 -91.2251399346545 -19.3932282908916 -20.4787287237387 -13.3523823270614 -5.12493795505655 -12.9378983452726 -16.8920915123223 -5.60206185028779 -20.3759813247662 -27.4386492107046 -4.82389614472519 
-22.4 1.8643655647058 -10.4077343264506 -12.1720672004442 -24.5487786003145 -29.5444004738191 -38.3614901718842 -14.7445071371821 -24.1998817339432 -34.4996881157676 -48.5003177736038 -68.4568778335393 -21.8834304676401 -22.0867743097767 -22.7351668594415 -60.3843650033817 -61.8165582395856 -69.435193601599 -79.6614079393658 -91.4251399346554 -19.3682280975901 -20.5287284221339 -13.2523822420631 -5.12493787005904 -12.8628983685783 -16.7420916439303 -5.6020613320769 -20.4509806982521 -27.5886484758873 -4.82389692218914 
-22.2 1.85469253286719 -10.4827342337177 -12.0970672931771 -24.4987787857773 -29.569400566549 -38.4614901718812 -14.8445067662501 -24.2248814557441 -34.4496879303015 -48.3753176808705 -68.2568778335389 -21.9334302821742 -22.0617742170437 -22.6351668594415 -60.2843653743126 -61.7915585177835 -69.485193787064 -79.7864080320979 -91.6251399346547 -19.3432288285784 -20.5787290603894 -13.1523830657844 -5.12493869377683 -12.7878992850299 -16.5920926531148 -5.60206178486621 -20.5259810583085 -27.7386487432108 -4.82389848313205 
-22 1.84501949942205 -10.557734153441 -12.0220673734538 -24.448778946331 -29.5944006468262 -38.5614901718817 -14.9445064451454 -24.249881214916 -34.39968776975 -48.2503176005957 -68.0568778335408 -21.9834301216209 -22.036774136767 -22.5351668594415 -60.1843656954184 -61.7665587586127 -69.5351939476166 -79.9114081123738 -91.8251399346539 -19.3182286352769 -20.6287287868112 -13.0523829527595 -5.12493858075286 -12.7128992522817 -16.4420927006433 -5.60206135073655 -20.6009805439021 -27.8886481485278 -4.82389900687196 
-21.8 1.83534646416956 -10.6327340871776 -11.9470674397172 -24.3987790788583 -29.6194007130901 -38.6614901718822 -15.0445061800919 -24.2748810161259 -34.3496876372233 -48.1253175343324 -67.8568778335408 -22.0334299890941 -22.0117740705036 -22.4351668594414 -60.0843659604729 -61.7415589574038 -69.5851940801443 -80.0364081786381 -92.0251399346548 -19.2932284419753 -20.6787285272462 -12.9523828257213 -5.12493845371479 -12.637899191507 -16.2920927061329 -5.60206095864488 -20.6759800855471 -28.0386476239094 -4.82389940351043 
-21.6 1.82567342771217 -10.7077340302565 -11.8720674966384 -24.3487791927013 -29.6444007700118 -38.7614901718828 -15.144505952407 -24.2998808453622 -34.2996875233808 -48.0003174774111 -67.6568778335407 -22.0834298752516 -21.9867740135823 -22.3351668594414 -59.9843661881586 -61.7165591281683 -69.6351941939877 -80.1614082355603 -92.2251399346558 -19.2682282486738 -20.7287282770235 -12.852382689341 -5.12493831733544 -12.5628991120488 -16.142092683595 -5.60206059457971 -20.7509796645607 -28.1886471460018 -4.82389971487875 
-21.4 1.81600039065233 -10.7827339780064 -11.7970675488885 -24.2987792972021 -29.6694008222625 -38.8614901718833 -15.2445057434083 -24.3248806886136 -34.2496874188823 -47.8753174251627 -67.4568778335424 -22.1334297707514 -21.9617739613322 -22.2351668594413 -59.8843663971582 -61.6915592849179 -69.6851942984871 -80.2864082878096 -92.425139934655 -19.2432280553722 -20.7787280314719 -12.7523825482896 -5.12493817628414 -12.4878990232485 -15.9920926470448 -5.60206024452954 -20.8259792622605 -28.3386466914515 -4.82389998280201 
-21.2 1.8063273523876 -10.8577339350985 -11.7220675917964 -24.2487793830146 -29.6944008651671 -38.9614901718801 -15.344505571776 -24.3498805598892 -34.1996873330658 -47.750317382254 -67.2568778335417 -22.183429684936 -21.9367739184247 -22.1351668594417 -59.784366568789 -61.6665594136408 -69.7351943843021 -80.4114083307167 -92.6251399346543 -19.2182287863606 -20.8287287195523 -12.6523833221859 -5.12493895017712 -12.4128998400485 -15.8420935067536 -5.60206084679348 -20.9009798216165 -28.4886472078996 -4.82390108927616 
-21 1.79665431392205 -10.9327338937476 -11.6470676331472 -24.198779465717 -29.7194009065186 -39.0614901718807 -15.4445054063723 -24.3748804358364 -34.1496872503638 -47.625317340903 -67.0568778335415 -22.2334296022342 -21.9117738770738 -22.0351668594417 -59.6843667341935 -61.6415595376944 -69.7851944670048 -80.5364083720686 -92.8251399346552 -19.1932285930591 -20.8787284848999 -12.5523831702352 -5.12493879822753 -12.3378997294498 -15.6920934375048 -5.60206052943912 -20.9759794629113 -28.6386468078435 -4.82390125542688 
-20.8 1.78698127485404 -11.0077338570678 -11.572067669827 -24.1487795390772 -29.7444009431991 -39.1614901718814 -15.5445052596548 -24.3998803257986 -34.0996871770058 -47.5003173042248 -66.856877833543 -22.2834295288746 -21.8867738403939 -21.9351668594416 -59.5843668809118 -61.6165596477329 -69.8351945403636 -80.6614084087476 -93.0251399346545 -19.1682283997575 -20.9287282549186 -12.4523830136135 -5.12493864160598 -12.2628996095089 -15.5420933542437 -5.6020602260998 -21.0509791228922 -28.7886464311446 -4.82390137713579 
-20.6 1.77730823558522 -11.0827338219451 -11.4970677049498 -24.0987796093233 -29.7694009783225 -39.261490171882 -15.6445051191653 -24.4248802204319 -34.0496871067619 -47.3753172691035 -66.6568778335446 -22.333429458629 -21.8617738052711 -21.8351668594416 -59.4843670214021 -61.5915597531004 -69.8851946106083 -80.7864084438695 -93.2251399346537 -19.143228206456 -20.9787280264943 -12.3523828554347 -5.12493848342829 -12.1878994864531 -15.3920932663106 -5.60205992743155 -21.1259787891012 -28.9386460622309 -4.82390148203356 
-20.4 1.76763519571396 -11.1577337914934 -11.4220677354014 -24.0487796702256 -29.7944010087731 -39.361490171881 -15.7445049973572 -24.4498801290755 -33.9996870458571 -47.2503172386505 -66.4568778335431 -22.3834293977257 -21.8367737748194 -21.7351668594415 -59.3843671432096 -61.5665598444563 -69.9351946715126 -80.9114084743222 -93.4251399346547 -19.1182284752994 -21.0287282648861 -12.2523831547298 -5.12493878272187 -12.1128998161983 -15.2420936265084 -5.60206010491856 -21.2009789361365 -29.0886461788146 -4.82390200366203 
-20.2 1.75796215624432 -11.2327337579277 -11.3470677689671 -23.998779737356 -29.8194010423377 -39.4614901718799 -15.844504863093 -24.4748800283769 -33.9496869787243 -47.1253172050833 -66.2568778335417 -22.4334293305942 -21.8117737412537 -21.6351668594415 -59.2843672774735 -61.5415599451544 -69.985194738645 -81.0364085078889 -93.6251399346556 -19.0932287441428 -21.0787285001638 -12.152383457139 -5.12493908513038 -12.0379001521725 -15.0920939960475 -5.60206027306342 -21.2759790707157 -29.238646279828 -4.8239025492961 
-20 1.74828911677469 -11.307733724362 -11.2720678025328 -23.9487798044881 -29.8444010759041 -39.5614901718806 -15.9445047288316 -24.4998799276813 -33.8996869115944 -47.0003171715191 -66.0568778335432 -22.4834292634627 -21.7867737076879 -21.5351668594414 -59.1843674117356 -61.5165600458508 -70.0351948057756 -81.1614085414538 -93.8251399346548 -19.0682285508413 -21.1287282732965 -12.0523832974033 -5.1249389253948 -11.9629000260036 -14.9420939034442 -5.60205997906624 -21.3509787431528 -29.3886459186994 -4.82390262798411 
-19.8 1.73861607770668 -11.3827336876822 -11.1970678392126 -23.8987798778483 -29.8694011125846 -39.6614901718813 -16.044504582114 -24.5248798176435 -33.8496868382364 -46.8753171348409 -65.8568778335448 -22.5334291901031 -21.7617736710081 -21.4351668594414 -59.0843675584539 -61.4915601558894 -70.0851948791344 -81.2864085781328 -94.0251399346541 -19.0432283575397 -21.1787280433152 -11.9523831407816 -5.12493876877416 -11.8878999060618 -14.7920938201822 -5.6020596757269 -21.4259784031337 -29.5386455420005 -4.82390272903779 
-19.6 1.72894303863868 -11.4577336510024 -11.1220678758924 -23.8487799512086 -29.8944011492651 -39.761490171882 -16.1445044353947 -24.5498797076039 -33.7996867648766 -46.7503170981609 -65.6568778335446 -22.5834291167435 -21.7367736343283 -21.3351668594413 -58.984367705174 -61.4665602659297 -70.135194952495 -81.4114086148135 -94.225139934655 -19.0182281642382 -21.2287278133339 -11.85238298416 -5.12493861215264 -11.8128997861201 -14.6420937369212 -5.60205937238581 -21.5009780631128 -29.6886451652998 -4.82390282334772 
-19.4 1.71927000037394 -11.5327336080945 -11.0470679188003 -23.7987800370212 -29.9194011921698 -39.8614901718787 -16.2445042637624 -24.5748795788795 -33.7496866790601 -46.6253170552523 -65.4568778335439 -22.6334290309281 -21.7117735914207 -21.2351668594417 -58.8843678768049 -61.4415603946526 -70.18519503831 -81.5364086577207 -94.4251399346542 -18.9932288952265 -21.2787285014143 -11.7523837580564 -5.12493938604568 -11.7379006029219 -14.49209459663 -5.60205997464973 -21.5759786224688 -29.8386456817479 -4.82390388996425 
-19.2 1.70959696271166 -11.6077335605155 -10.9720679663793 -23.7487801321798 -29.9444012397494 -39.9614901718794 -16.344504073448 -24.5998794361441 -33.6996865839037 -46.5003170076749 -65.2568778335455 -22.68342893577 -21.6867735438417 -21.1351668594417 -58.78436806712 -61.4165605373888 -70.2351951334672 -81.6614087052989 -94.6251399346535 -18.968228701925 -21.3287282605338 -11.6523836123341 -5.12493924032424 -11.6629005047786 -14.3420945460657 -5.60205963861282 -21.6509782388529 -29.988645250553 -4.8239040647499 
-19 1.69992392585264 -11.6827335067084 -10.8970680201864 -23.6987802397948 -29.9694012935572 -40.0614901718801 -16.4445038582194 -24.6248792747227 -33.6496864762894 -46.3753169538677 -65.0568778335454 -22.7334288281557 -21.6617734900345 -21.0351668594416 -58.6843682823495 -61.3915606988112 -70.2851952410824 -81.786408759107 -94.8251399346544 -18.9432285086234 -21.3787280134251 -11.5523834728399 -5.12493910083005 -11.5879004190915 -14.1920945141866 -5.6020592838898 -21.7259778303228 -30.1386447882158 -4.82390428422852 
-18.8 1.69025089039933 -11.757733442002 -10.8220680848928 -23.6487803692081 -29.9944013582642 -40.1614901718807 -16.544503599394 -24.6498790806036 -33.5996863468767 -46.2503168891613 -64.8568778335454 -22.783428698743 -21.6367734253281 -20.9351668594416 -58.5843685411759 -61.3665608929312 -70.3351953704961 -81.9114088238143 -95.0251399346554 -18.9182283153219 -21.4287277554172 -11.452383344245 -5.12493897223592 -11.5129003552037 -14.0420945150043 -5.60205889646923 -21.8009773781958 -30.2886442713825 -4.82390458823938 
-18.6 1.68057785655255 -11.8327333648394 -10.7470681620554 -23.5987805235304 -30.0194014354239 -40.2614901718779 -16.6445032907432 -24.6748788491154 -33.549686192551 -46.1253168119983 -64.6568778335449 -22.8334285444178 -21.6117733481655 -20.8351668594415 -58.4843688498255 -61.3415611244182 -70.3851955248205 -82.0364089009761 -95.2251399346546 -18.8932290463103 -21.478728409243 -11.3523841523964 -5.12493978038358 -11.4379012405149 -13.892095477478 -5.60205939596935 -21.8759778005334 -30.4386446165574 -4.82390591250751 
-18.4 1.67090482391068 -11.9077332783347 -10.6720682485602 -23.5487806965406 -30.0444015219293 -40.3614901718785 -16.744502944726 -24.699878589603 -33.4996860195434 -46.0003167254954 -64.4568778335468 -22.8834283714082 -21.5867732616607 -20.7351668594415 -58.3843691958438 -61.3165613839317 -70.4351956978293 -82.1614089874801 -95.4251399346538 -18.8682288530087 -21.5287281294367 -11.2523840456001 -5.12493967358786 -11.362901220223 -13.742095543691 -5.60205894315537 -21.9509772612146 -30.5886439907339 -4.82390637736843 
-18.2 1.66123179408023 -11.9827331700314 -10.5970683568634 -23.4987809131475 -30.0694016302331 -40.461490171879 -16.8445025115134 -24.7248782646936 -33.4496858029372 -45.8753166171925 -64.2568778335471 -22.9334281548017 -21.5617731533574 -20.6351668594414 -58.2843696290577 -61.2915617088424 -70.4851959144367 -82.2864090957843 -95.6251399346548 -18.8432286597072 -21.5787278278319 -11.1523839606024 -5.12493958858964 -11.287901243528 -13.5920956753001 -5.60205842494449 -22.0259766347005 -30.7386432559166 -4.82390701549948 
-18 1.65155876625795 -12.0577330461579 -10.5220684807369 -23.4487811608917 -30.0944017541037 -40.5614901718761 -16.9445020160174 -24.7498778930712 -33.3996855551883 -45.7503164933171 -64.0568778335453 -22.9834279070546 -21.5367730294838 -20.5351668594414 -58.1843701245528 -61.266562080464 -70.5351961621847 -82.4114092196588 -95.8251399346558 -18.8182293906955 -21.6287284349467 -11.0523848154651 -5.12494044344903 -11.212902222261 -13.4420967779057 -5.60205878431038 -22.1009768701929 -30.8886433675354 -4.82390869077716 
-17.8 1.64188574205036 -12.1327328942578 -10.447068632637 -23.3987814646923 -30.1194019060042 -40.6614901718765 -17.0445014084194 -24.7748774373733 -33.3496852513905 -45.6253163414194 -63.8568778335477 -23.0334276032543 -21.5117728775837 -20.4351668594413 -58.0843707321524 -61.2415625361635 -70.5851964659842 -82.5364093715581 -96.025139934655 -18.793229197394 -21.6787280897451 -10.9523847740646 -5.1249404020476 -11.1379023327605 -13.2920970403053 -5.60205813531095 -22.1759760692933 -31.0386424147358 -4.82390966143802 
-17.6 1.6322127218591 -12.2077327112171 -10.3720688156777 -23.3487818307737 -30.1444020890449 -40.7614901718765 -17.1445006762592 -24.7998768882537 -33.2996848853117 -45.5003161583813 -63.6568778335503 -23.0834272371733 -21.4867726945433 -20.3351668594417 -57.9843714643145 -61.2165630852849 -70.6351968320648 -82.6614095545981 -96.2251399346542 -18.7682290040925 -21.7287277134028 -10.8523847638051 -5.12494039178674 -11.0629025055395 -13.1420973961259 -5.60205739288986 -22.2509751438315 -31.1886413062332 -4.82391087349261 
-17.4 1.62253970608581 -12.2827324939217 -10.2970690329731 -23.2987822653614 -30.1694023063372 -40.8614901718733 -17.2444998070763 -24.8248762363663 -33.2496844507197 -45.3753159410847 -63.4568778335491 -23.1334268025824 -21.4617724772479 -20.2351668594417 -57.8843723334972 -61.1915637371721 -70.6851972666566 -82.7864097718945 -96.4251399346552 -18.7432297350808 -21.7787282270958 -10.7523857120904 -5.12494134006781 -10.987903671116 -12.9920987789969 -5.6020574719908 -22.325975005637 -31.3386409507433 -4.82391327169699 
-17.2 1.612866696337 -12.3577322299153 -10.2220692969795 -23.2487827933743 -30.1944025703437 -40.9614901718735 -17.3444987510542 -24.8498754443505 -33.1996839227102 -45.2503156770816 -63.2568778335524 -23.1834262745696 -21.4367722132415 -20.1351668594416 -57.7843733895218 -61.1665645291904 -70.7351977946685 -82.9114100359 -96.6251399346544 -18.7182295417793 -21.8287277697879 -10.6523857827972 -5.12494141077239 -10.9129040058278 -12.8420993777151 -5.60205648667345 -22.4009737563133 -31.4886394374133 -4.82391511047396 
-17 1.60319369341596 -12.4327319129699 -10.1470696139249 -23.1987834272618 -30.2194028872858 -41.0614901718702 -17.4444974832738 -24.8748744935156 -33.1496832888207 -45.1253153601375 -63.0568778335537 -23.2334256406787 -21.411771896296 -20.0351668594416 -57.6843746573027 -61.1415654800258 -70.7851984285586 -83.0364103528447 -96.8251399346536 -18.6932302727676 -21.8787281838308 -10.5523868307335 -5.12494245870324 -10.8379053707032 -12.6921010595359 -5.60205626682689 -22.4759732195214 -31.6386385836759 -4.82391828356161 
-16.8 1.59352069892921 -12.5077315306292 -10.0720699962657 -23.1487841919398 -30.244403269623 -41.1614901718666 -17.5444959539109 -24.8998733464934 -33.0996825241393 -45.0003149777969 -62.8568778335538 -23.2834248759972 -21.3867715139552 -19.9351668594415 -57.5843761866666 -61.116566627049 -70.8351991932411 -83.1614107351864 -97.0251399346546 -18.668231003756 -21.9287285324784 -10.4523879440658 -5.12494357202838 -10.7629068663691 -12.5421029375434 -5.60205585079311 -22.5509724211468 -31.7886374029606 -4.82392196556325 
-16.6 1.58384771488491 -12.5827310673228 -9.99707045957202 -23.0987851185505 -30.2694037329274 -41.2614901718647 -17.6444941006873 -24.9248719565762 -33.0496815975284 -44.8753145144923 -62.6568778335556 -23.3334239493844 -21.3617710506488 -19.8351668594415 -57.484378039893 -61.0915680169691 -70.8852001198548 -83.2864111984937 -97.2251399346556 -18.6432312725994 -21.9787283380155 -10.3523886762195 -5.12494430417663 -10.6879080618237 -12.3921045963035 -5.60205472971925 -22.6259708367666 -31.938635355274 -4.8239258185202 
-16.4 1.57417474369286 -12.6577305043664 -9.92207102252839 -23.0487862444611 -30.2944042958816 -41.3614901718625 -17.7444918488662 -24.9498702677114 -32.99968047162 -44.7503139515403 -62.4568778335599 -23.3834228234716 -21.3367704876924 -19.7351668594414 -57.3843802917177 -61.0665697058374 -70.9352012457667 -83.4114117614493 -97.4251399346548 -18.6182315414428 -22.0287280439025 -10.2523895080243 -5.12494513597378 -10.6129094565781 -12.2421065540143 -5.60205330969788 -22.7009688537889 -32.0886328093399 -4.82393045334927 
-16.2 1.56450178736122 -12.7327298261897 -9.84707170070507 -22.9987876008068 -30.3194049740506 -41.4614901718548 -17.8444891361611 -24.974868233183 -32.9496791152684 -44.6253132733654 -62.2568778335617 -23.4334214671182 -21.3117698095156 -19.6351668594414 -57.2843830044237 -61.0415717403667 -70.9852026021193 -83.5364124396252 -97.625139934654 -18.5932331967211 -22.0787290210041 -10.1523918414855 -5.12494746942152 -10.5379124682016 -12.0921102438145 -5.60205293044781 -22.7759677963621 -32.2386310737365 -4.82393737310849 
-16 1.55482885010715 -12.8077290000951 -9.77207252679974 -22.9487892529916 -30.3444058001407 -41.5614901718503 -17.9444858317859 -24.9998657549024 -32.8996774630824 -44.5003124472741 -62.0568778335651 -23.4834198149288 -21.2867689834209 -19.5351668594413 -57.1843863088033 -61.0165742186517 -71.0352042543096 -83.6614132657208 -97.825139934655 -18.5682339277094 -22.1287289258978 -10.0523933985765 -5.12494902649957 -10.4629148513743 -11.9421134530828 -5.60205118315557 -22.8509652229752 -32.3886276742549 -4.82394453262017 
-15.8 1.54515593574615 -12.8827279964988 -9.69707353039598 -22.8987912601769 -30.3694068037299 -41.6614901718432 -18.0444818174063 -25.0248627441191 -32.8496754558953 -44.3753114436832 -61.8568778335704 -23.5334178077368 -21.2617679798251 -19.4351668594417 -57.0843903231875 -60.9915772294396 -71.0852062615013 -83.7864142693163 -98.0251399346542 -18.5432351208427 -22.1787291154349 -9.95239559531598 -5.124951223222 -10.3879180516939 -11.7921176569977 -5.6020493655055 -22.9259624017289 -32.5386238494124 -4.82395354927576 
-15.6 1.535483048897 -12.9577267795893 -9.6220747473055 -22.8487936939888 -30.3944080206322 -41.761490171836 -18.1444769497751 -25.0498590933974 -32.7996730220832 -44.2503102267806 -61.6568778335773 -23.5834153739177 -21.2367667629155 -19.3351668594417 -56.9843951908248 -60.9665808801674 -71.1352086953196 -83.911415486225 -98.2251399346534 -18.5182363139761 -22.2287290916586 -9.85239800537137 -5.12495363325811 -10.3129216786386 -11.642122500852 -5.60204690791716 -23.000958727231 -32.688618958005 -4.82396423981664 
-15.4 1.52581019658828 -13.0327252948704 -9.54707623202442 -22.7987966634137 -30.4194095053381 -41.861490171823 -18.2444710109031 -25.0748546392444 -32.749670052649 -44.1253087420654 -61.456877833581 -23.6334124044798 -21.2117652781965 -19.2351668594416 -56.8844011297015 -60.9415853343251 -71.1852116647584 -84.0364169709449 -98.4251399346544 -18.4932388935442 -22.2787301865079 -9.75240206967425 -5.12495769753176 -10.2379272276312 -11.4921295345643 -5.60204503333228 -23.0759553679272 -32.8386141139823 -4.82397842734331 
-15.2 1.51613738645101 -13.1077234831749 -9.47207804371992 -22.7488002867909 -30.4444113170199 -41.9614901718093 -18.3444637641273 -25.099849204164 -32.6996664292642 -44.000306930376 -61.2568778335872 -23.6834087810887 -21.186763466501 -19.1351668594416 -56.7844083764844 -60.9165907694126 -71.2352152881503 -84.1614187826414 -98.6251399346554 -18.4682414731124 -22.3287309543806 -9.6524064609578 -5.1249620887821 -10.162933430577 -11.3421375492048 -5.60204217782012 -23.1509507007196 -32.9886076350791 -4.82399519095927 
-15 1.50646462772274 -13.1827212728794 -9.39708025401544 -22.6988047073672 -30.4694135273007 -42.0614901717946 -18.4444549229561 -25.1248425732884 -32.6496620086841 -43.8753047200914 -61.0568778335981 -23.7334043604977 -21.1617612562054 -19.0351668594415 -56.6844172176657 -60.8915974002984 -71.2852197087406 -84.2864209929361 -98.8251399346546 -18.4432440526806 -22.3787313236532 -9.55241125084652 -5.12496687863065 -10.087940430722 -11.1921467596452 -5.60203812651265 -23.2259444391166 -33.1385991631806 -4.82401509134821 
-14.8 1.4967919328541 -13.2577185674479 -9.32208295944691 -22.6488101182074 -30.4944162327094 -42.1614901717718 -18.5444441012402 -25.149834457004 -32.5996565978311 -43.7503020146699 -60.8568778336081 -23.7833989496346 -21.1367585507739 -18.9351668594415 -56.5844280393908 -60.866605516592 -71.3352251196028 -84.4114236983668 -99.0251399346538 -18.4182484808285 -22.4287330463697 -9.45241838445748 -5.12497401218776 -10.0129502697097 -11.0421593040644 -5.60203443837619 -23.3009380455487 -33.2885900641812 -4.82404074014216 
-14.6 1.4871193167055 -13.3327152516601 -9.24708627523468 -22.5988167497587 -30.5194195484729 -42.2614901717476 -18.644430838102 -25.1748245096535 -32.5496499662684 -43.625298698895 -60.6568778336209 -23.8333923180591 -21.1117552349861 -18.8351668594414 -56.4844413025429 -60.8416154639563 -71.3852317511793 -84.5364270141556 -99.2251399346548 -18.3932529089765 -22.4787341587299 -9.3524261284329 -5.12498175609886 -9.93796132940856 -10.8921736795519 -5.60202891917369 -23.3759292105584 -33.4385779134032 -4.8240711914206 
-14.4 1.47744679775205 -13.4077111822692 -9.1720903446256 -22.5488248885077 -30.544423617831 -42.3614901717147 -18.7444145605521 -25.1998123014946 -32.4996418275004 -43.5002946295179 -60.4568778336348 -23.8833841792772 -21.0867511655951 -18.7351668594414 -56.3844575801076 -60.81662767213 -71.4352398899621 -84.6614310835475 -99.4251399346558 -18.3682591857043 -22.5287363660668 -9.25243647460155 -5.12499210218513 -9.86297574488575 -10.7421921644192 -5.60202298774255 -23.4509192097363 -33.5885638431902 -4.82410941134952 
-14.2 1.46777439928846 -13.4827061786595 -9.09709534823533 -22.4988348956852 -30.5694286213988 -42.4614901716728 -18.8443945461312 -25.2247972906834 -32.449631820299 -43.3752896259262 -60.2568778336528 -23.9333741720577 -21.0617461619853 -18.6351668594413 -56.2844775945457 -60.7916426829584 -71.4852498971808 -84.7864360871564 -99.625139934655 -18.3432673110119 -22.5787394877646 -9.15244960358173 -5.12500523106005 -9.78799387737129 -10.5922153005144 -5.60201610223895 -23.525907320623 -33.7385469504671 -4.82415680442848 
-14 1.45810215103556 -13.5577000103903 -9.02210151650449 -22.4488472321716 -30.594434789616 -42.5614901716208 -18.9443698730767 -25.249778785898 -32.3996194837828 -43.2502834576792 -60.0568778336749 -23.9833618355197 -21.0367399937166 -18.5351668594417 -56.1845022676215 -60.7666611877651 -71.5352622337183 -84.9114422554248 -99.8251399346542 -18.3182772848993 -22.6287432933829 -9.05246574581743 -5.12502137316465 -9.71301618774417 -10.4422437791574 -5.60200757134097 -23.6008926214559 -33.8885260830308 -4.82421515813697 
-13.8 1.44843008954194 -13.632692394082 -8.94710913281279 -22.3988624647265 -30.6194424058626 -42.6614901715591 -19.0443394078701 -25.2747559369997 -32.3496042511928 -43.1252758413974 -59.8568778337015 -24.0333466029031 -21.0117323774082 -18.4351668594417 -56.0845327328557 -60.741684036691 -71.5852774663359 -85.0364498717341 -100.025139934655 -18.2932891073665 -22.6787474995418 -8.95248518469256 -5.12504081187891 -9.63804324276673 -10.2922784504873 -5.60199654490987 -23.6758739787165 -34.0384998239831 -4.82428664869343 
-13.6 1.43875826260191 -13.7076829591611 -8.87211856773369 -22.3488813344888 -30.644451840704 -42.7614901714796 -19.1443016682193 -25.2997276322698 -32.2995853813837 -43.0002664065093 -59.6568778337342 -24.0833277330613 -20.9867229424873 -18.3351668594416 -55.9845704725385 -60.7167123414529 -71.6352963361769 -85.1614593066542 -100.225139934654 -18.2683046269933 -22.7287535842477 -8.85251013936568 -5.12506576634666 -9.56307763215625 -10.1423222747978 -5.60198375980674 -23.7508517586924 -34.1884681690382 -4.8243759679097 
-13.4 1.42908672885387 -13.7826712509745 -8.79713027592032 -22.2989047507638 -30.6694635487924 -42.8614901713813 -19.2442548355133 -25.3246925077504 -32.249561965051 -42.8752546983632 -59.4568778337748 -24.1333043166879 -20.9617112343006 -18.2351668594416 -55.8846173052843 -60.691747466012 -71.6853197525494 -85.28647101484 -100.425139934654 -18.2433238437797 -22.7787610928475 -8.75254106449661 -5.12509669122191 -9.48812026521725 -9.9923766160454 -5.60196785207383 -23.8258241427729 -34.338428844932 -4.82448655654645 
-13.2 1.41941556460806 -13.8576566778502 -8.72214484904461 -22.2489338968909 -30.6944781217951 -42.9614901712598 -19.3441965430648 -25.3496487884263 -32.1995328188512 -42.7502401252877 -59.2568778338235 -24.1832751704393 -20.9366966611763 -18.1351668594415 -55.7846755977824 -60.6667911853859 -71.735348898799 -85.4114855879653 -100.625139934655 -18.2183476820156 -22.8287703579591 -8.65257947605556 -5.12513510246018 -9.41317324957981 -9.84244417353313 -5.60194797098563 -23.9007896885604 -34.4883798175952 -4.82462379689003 
-13 1.40974486746127 -13.932638483071 -8.64716304382377 -22.1989702862926 -30.7194963164177 -43.0614901711033 -19.4441237640056 -25.3745942041462 -32.1494964293503 -42.6252219305659 -59.056877833881 -24.2332387808809 -20.9116784663971 -18.0351668594415 -55.6847483769 -60.6418457697243 -71.7853852883582 -85.5365037827455 -100.825139934656 -18.1933789145708 -22.8787833957351 -8.55262890364 -5.12518452963839 -9.33824087153719 -9.69252999026878 -5.60192461926073 -23.9757481420563 -34.638320076312 -4.82479611131543 
-12.8 1.40007476191968 -14.0076157012776 -8.57218582561724 -22.1490158496864 -30.7445190980181 -43.1614901709101 -19.5440326369069 -25.399525858841 -32.0994508658384 -42.5001991488476 -58.8568778339561 -24.283193217294 -20.8866556846035 -17.9351668594414 -55.5848395040731 -60.616914115104 -71.8354308519444 -85.6615265645381 -101.025139934655 -18.1684175414452 -22.9287992408161 -8.45269031262266 -5.12524593811265 -9.26332506180579 -9.54263696233085 -5.60189490082984 -24.050695641832 -34.7882447942942 -4.82501062522539 
-12.6 1.39040541004215 -14.0825870759455 -8.49721445094929 -22.0990731001049 -30.7695477231045 -43.2614901706645 -19.6439181356699 -25.424439982936 -32.0493936152656 -42.3751705236067 -58.6568778340473 -24.3331359666298 -20.8616270592714 -17.8351668594414 -55.4849540054005 -60.5919999910993 -71.8854881026077 -85.7865551898694 -101.225139934654 -18.1434672597984 -22.9788203338372 -8.35276865670411 -5.1253242815528 -9.18843203057712 -9.39277255643423 -5.60185874327813 -24.1256308589482 -34.9381513860784 -4.82528023214589 
-12.4 1.38073702087859 -14.1575509862053 -8.42225054068954 -22.0491452792782 -30.7945838125376 -43.3614901703573 -19.743773776822 -25.4493317138284 -31.9993214358981 -42.2501344339796 -58.4568778341604 -24.3830637871493 -20.8365909695311 -17.7351668594413 -55.3850983643625 -60.5671082603211 -71.9355602820892 -85.9115912796106 -101.425139934655 -18.1185299182103 -23.0288469025089 -8.25286740535479 -5.12542302939729 -9.11356686816186 -9.2429434837601 -5.60181313258235 -24.2005491585122 -35.0880335959021 -4.8256185021201 
-12.2 1.37106986733852 -14.2325053160512 -8.34729621084357 -21.9992366192004 -30.8196294823057 -43.4614901699715 -19.843591096351 -25.4741947035114 -31.9492300957353 -42.1250887639707 -58.2568778343056 -24.4329724468416 -20.8115452993775 -17.6351668594417 -55.2852810449778 -60.5422452707823 -71.9856516223965 -86.0366369497639 -101.625139934654 -18.0936092138404 -23.078880527985 -8.15299237176626 -5.12554799479557 -9.03873750371505 -9.09315978946644 -5.60175541789557 -24.2754457736714 -35.2378845409073 -4.82604427618508 
-12 1.36140430546948 -14.3074473048669 -8.27235422202793 -21.949352641085 -30.8446874930059 -43.5614901694873 -19.9433590517982 -25.499020670143 -31.8991140735512 -42.000030752971 -58.0568778344902 -24.4828564244728 -20.7864872881931 -17.5351668594417 -55.1855130897145 -60.5174193043346 -72.0357676447644 -86.1616949609474 -101.825139934653 -18.0687097681383 -23.1289230710985 -8.05315093803774 -5.1257065597941 -8.96395407989705 -8.94343437683281 -5.60168193882502 -24.3503142834165 -35.387695039468 -4.82658170332258 
-11.8 1.35174080437864 -14.382373315427 -8.1974282114678 -21.8995006193503 -30.8697614818314 -43.6614901688729 -20.0430630942699 -25.5237987020545 -31.8489660949026 -41.8749567637623 -57.8568778347213 -24.532708445593 -20.7614132987532 -17.4351668594416 -55.085809047475 -60.4926412726552 -72.0859156236451 -86.2867689503883 -102.025139934654 -18.0438389754232 -23.1789782889435 -7.95335413575522 -5.12590975590408 -8.88923126544691 -8.79378555182341 -5.60158917802146 -24.425147533173 -35.5374542997847 -4.82726365506775 
-11.6 1.34207998017082 -14.4572785707595 -8.12252295613533 -21.8496901079124 -30.894856225726 -43.7614901681 -20.1426841158989 -25.5485144683511 -31.7987766058667 -41.7498620193939 -57.6568778350205 -24.5825189562579 -20.7363185540856 -17.3351668594416 -54.986188026146 -60.4679255066588 -72.1361051129812 -86.4118636950568 -102.225139934655 -18.0190033057245 -23.2290478745772 -7.85361321197235 -5.12616883010032 -8.81458508431067 -8.64423411535382 -5.60146927461925 -24.4999328851033 -35.6871449070474 -4.8281296880788 
-11.4 1.33242264976725 -14.5321567368609 -8.04764479003395 -21.7999337747319 -30.9199780586469 -43.8614901671222 -20.2421967806932 -25.573148967044 -31.7485329384582 -41.6247401858841 -57.4568778354093 -24.6322752884606 -20.7111967201869 -17.2351668594415 -54.8866753617397 -60.4432910083539 -72.1863487807776 -86.5369855289546 -102.425139934655 -17.9942138505209 -23.279136585475 -7.75394559223673 -5.12650120781714 -8.74003929592699 -8.49481016086876 -5.60131431810855 -24.574656094694 -35.8367462827395 -4.82923440091986 
-11.2 1.32276989637176 -14.6069994151042 -7.97280211179067 -21.750248417006 -30.9451353791643 -43.9614901658829 -20.3415674941715 -25.597677002279 -31.6982182954499 -41.4995828646325 -57.2568778359144 -24.6819606449472 -20.6860393984302 -17.1351668594415 -54.7873046487658 -60.4187629736232 -72.2366634242902 -86.6621428507106 -102.625139934654 -17.969484474161 -23.3292498873584 -7.65437353960564 -5.12692915197505 -8.66562456184074 -8.34555274853922 -5.60111297698361 -24.6492974318123 -35.9862302981011 -4.83064890661267 
-11 1.31312316064141 -14.6817954353466 -7.89800609154825 -21.7006563749532 -30.9703393573539 -44.0614901643149 -20.4407515758033 -25.6220650636684 -31.6478103365969 -41.374378885537 -57.0568778365766 -24.7315526854319 -20.6608354186725 -17.0351668594414 -54.6881205677971 -60.394374912897 -72.2870713838064 -86.7873468304691 -102.825139934655 -17.944831813863 -23.3793932473028 -7.55492486154212 -5.12748046986625 -8.59137985948952 -8.19651202594648 -5.60084837807508 -24.7238288531462 -36.1355577396774 -4.83246559110151 
-10.8 1.30348436318454 -14.7565299061405 -7.82327162075435 -21.6511874313748 -30.9956048845693 -44.1614901623243 -20.539689459852 -25.6462684769231 -31.5972792790577 -41.249113357204 -56.8568778374496 -24.7810216270197 -20.6355698894664 -16.9351668594414 -54.5891826846225 -60.3701715005162 -72.3376024422196 -86.9126123596762 -103.025139934656 -17.9202799011645 -23.4295758053983 -7.45563848115824 -5.12819408438367 -8.51735900321304 -8.04775669887521 -5.60049987863135 -24.7982148244964 -36.2846781818215 -4.83480929729509 
-10.6 1.29385606601718 -14.8311829628801 -7.74861856401469 -21.6018813153659 -31.0209518253001 -44.2614901597947 -20.6383016879699 -25.6702276483014 -31.5465853936963 -41.1237664151029 -56.6568778386089 -24.830327740499 -20.610222946206 -16.8351668594413 -54.4905704576631 -60.3462123302965 -72.3882963287395 -87.0379593029358 -103.225139934655 -17.8958592376323 -23.4798081986057 -7.35656476478395 -5.12912036158181 -8.4436322236724 -7.89937686259492 -5.60003838647737 -24.8724063890821 -36.4335228031468 -4.83784535754524 
-10.4 1.28424168342026 -14.9057281329189 -7.67407339397596 -21.5527909720761 -31.046406652049 -44.3614901565824 -20.7364823696716 -25.6938631599644 -31.4956757353206 -40.9983115866884 -56.4568778401557 -24.8794180805768 -20.5847681162451 -16.7351668594417 -54.3923897775074 -60.3225768201795 -72.4392059886612 -87.1634141328962 -103.425139934654 -17.8716086434422 -23.5301027744543 -7.25776900543615 -5.13032459414066 -8.37029128619164 -7.7514907550763 -5.59942330395027 -24.9463364765937 -36.5819980606972 -4.84179377944778 
-10.2 1.27464575906633 -14.9801301868658 -7.59967134002906 -21.5039868600962 -31.072004594016 -44.4614901524962 -20.8340905875245 -25.7170693238704 -31.4444798452797 -40.8727136427007 -56.256877842221 -24.9282221884706 -20.559170170192 -16.6351668594417 -54.2947815617208 -60.2993706583398 -72.4904018807684 -87.2890120789503 -103.625139934655 -17.8475817274087 -23.5804779123678 -7.15934004155813 -5.13189562007456 -8.29746025817864 -7.60425767311552 -5.59860255182285 -25.0199177784132 -36.7299814164636 -4.84695331177946 
-10 1.26507430981728 -15.0543424729481 -7.52545905394672 -21.4555622827395 -31.0977923027417 -44.5614901473042 -20.9309397346274 -25.7397061848909 -31.3929044202179 -40.7469259315565 -56.0568778449945 -24.9766467606352 -20.5333824562743 -16.5351668594416 -54.1979324173906 -60.276733800092 -72.541977308603 -87.4147997928672 -103.825139934654 -17.8238459626948 -23.6309544337361 -7.06139199837471 -5.13394756408584 -8.22529991610847 -7.45788504496301 -5.5975036481294 -25.0930311608021 -36.8773070849348 -4.85372492956655 
-9.80000000000004 1.25553524543066 -15.1283036628158 -7.45149786407902 -21.4076398964086 -31.1238311062785 -44.6614901407088 -21.0267844978202 -25.7615897582161 -31.3408268036753 -40.6208871251463 -55.8568778487165 -25.0245691403706 -20.5073436461419 -16.4351668594416 -54.102087657919 -60.2548502304881 -72.5940549288667 -87.5408386029987 -104.025139934654 -17.8004919297108 -23.6815615906199 -6.96407678499315 -5.13663233463912 -8.15402349679316 -7.31264743578 -5.59603318847057 -25.1655218910109 -37.0237590050114 -4.86265617073461 
-9.60000000000004 1.24603884931421 -15.2019340240085 -7.37786750288635 -21.3603791656593 -31.1502007367218 -44.7614901323447 -21.1213059475794 -25.7824808467826 -31.2880875310492 -40.4945174913274 -55.656877853705 -25.0718298627558 -20.4809740073345 -16.3351668594415 -54.0075662131493 -60.2339591469111 -72.6467942064824 -87.667208241807 -104.225139934655 -17.7776370132746 -23.7323370353763 -6.86759151910024 -5.14014704864577 -8.08390784960715 -7.1689014274022 -5.59406936060082 -25.2371884243339 -37.1690558995269 -4.87449595152577 
-9.40000000000004 1.23659827213269 -15.2751315927723 -7.30466993412246 -21.3139840175585 -31.1770031573849 -44.8614901217718 -21.214096229304 -25.8020735597433 -31.234482675246 -40.3677150667604 -55.4568778603741 -25.1182250002836 -20.4541715760984 -16.2351668594415 -53.9147759380948 -60.2143664406204 -72.7003990689556 -87.7940106730441 -104.425139934656 -17.7554327969302 -23.7833303877958 -6.7721897484643 -5.14474525296497 -8.01530848516246 -7.02710449419274 -5.59145785721716 -25.3077744897141 -37.3128395336711 -4.89027797994169 
-9.20000000000004 1.2272299507109 -15.347768926093 -7.23203260080181 -21.2687093376189 -31.204365810766 -44.9614901084735 -21.3046455714553 -25.8199855685739 -31.179757350756 -40.2403524089497 -55.2568778692427 -25.1634996669248 -20.426808909419 -16.1351668594414 -53.8242266048114 -60.1964544406576 -72.7551244023135 -87.9213733397227 -104.625139934655 -17.7340729194124 -23.8346078435987 -6.67819255535837 -5.15074802882779 -7.9486739277055 -6.88783260341513 -5.58800998852996 -25.3769639543475 -37.4546663316252 -4.9114467531411 
-9.00000000000004 1.21795379559626 -15.419691647428 -7.1601098794668 -21.224863878335 -31.2324430728171 -45.0614900918596 -21.3923364684792 -25.8357537442628 -31.1236028051098 -40.1122751419685 -55.0568778809266 -25.2073451095948 -20.3987316307539 -16.0351668594414 -53.7365357194705 -60.1806862766518 -72.8112789596427 -88.0494506183869 -104.825139934654 -17.7138037039803 -23.8862613495016 -6.58600064013953 -5.15855607544729 -7.88455925298911 -6.75179520736372 -5.58350894878678 -25.4443856359394 -37.594010734552 -4.94006226925272 
-8.80000000000004 1.20879292276804 -15.4907205269009 -7.08908099999393 -21.1828060988307 -31.2614141727857 -45.161490071301 -21.4764520015705 -25.8488403978813 -31.0656605792554 -39.9833040366413 -54.8568778961265 -25.2494028685405 -20.3697605102268 -15.9351668594414 -53.6524202015801 -60.1675996382342 -72.869221200698 -88.178421738915 -105.025139934655 -17.6949297041571 -23.9384162291513 -6.49609778675541 -5.1686531755922 -7.82362747366116 -6.6198345485638 -5.57772160258207 -25.5096271692075 -37.730281147293 -4.97914967173639 
-8.60000000000004 1.1997727041773 -15.5606588429451 -7.01914268394973 -21.1429294416321 -31.2914758316312 -45.2614900461908 -21.556205285211 -25.8586553654776 -31.0055372308076 -39.8532423721492 -54.6568779155902 -25.2892795006293 -20.3396988262714 -15.8351668594417 -53.5726669374025 -60.1577846901008 -72.9293445686087 -88.30848342287 -105.225139934654 -17.6778155523096 -23.991240393348 -6.40904534962015 -5.18160068259026 -7.7666366646159 -6.49290542347345 -5.57042241833092 -25.5722663010006 -37.8628585951303 -5.03337948542411 
-8.40000000000004 1.19091898268962 -15.6293062227557 -6.95049530413914 -21.1056346518359 -31.3228284216457 -45.3614900160158 -21.6307948288687 -25.8645975293247 -30.942832014844 -39.7218897763751 -54.4568779400055 -25.3265742602504 -20.3083462060819 -15.7351668594417 -53.4980774181593 -60.1518425506683 -72.9920498089868 -88.4398360430586 -105.425139934653 -17.6628873460832 -24.0449595669321 -6.32546979951597 -5.19802506637867 -7.71441366859283 -6.37203504763979 -5.56143637595151 -25.6319276384318 -37.9911673123721 -5.11059625771893 
-8.20000000000005 1.18225555023237 -15.6964781954887 -6.88332333140614 -21.0712906708267 -31.3556564133694 -45.4614899804726 -21.6994827496895 -25.8661134774125 -30.8771759901989 -39.5890617789969 -54.2568779698943 -25.3609182057164 -20.2755181788148 -15.6351668594416 -53.4293895272283 -60.1503266324702 -73.0577058635218 -88.5726640703266 -105.625139934654 -17.6506173976183 -24.0998615912002 -6.24602791951895 -5.21858310963712 -7.66779973911829 -6.25824914543313 -5.55068237557446 -25.6883456107877 -38.114757257461 -5.22593459397051 
-8.00000000000005 1.17380132050021 -15.7620281137052 -6.81777341318963 -21.0401907934888 -31.3901064542481 -45.5614899395677 -21.7616824581325 -25.8627632676389 -30.8082758622088 -39.4546117327904 -54.0568780054712 -25.3920180421493 -20.2410680970313 -15.5351668594416 -53.3671898543632 -60.1536768778217 -73.1266060270897 -88.7071141521111 -105.825139934655 -17.6415048234627 -24.1562989352612 -6.17136547337862 -5.2439205763606 -7.62758728762525 -6.1524867757227 -5.53821959164535 -25.7414327450751 -38.2333943099649 -5.41674552221468 
-7.80000000000005 1.16556789666647 -15.8258660121349 -6.75393551475989 -21.0125149507758 -31.4262685099648 -45.6614898937142 -21.8170340929132 -25.8542770039899 -30.73595170013 -39.3184496722818 -53.856878046533 -25.4196938390088 -20.204905995461 -15.4351668594416 -53.3118382606435 -60.1621631825317 -73.1989302302295 -88.8432762536806 -106.025139934655 -17.6360385729752 -24.2146705832034 -6.10206137510291 -5.27461638158948 -7.59444519442527 -6.05550678409299 -5.52426707750881 -25.7913181293683 -38.3471175926878 -5.84499154367974 
-7.60000000000005 1.15755822812207 -15.8879690226587 -6.69183250423611 -20.988308879774 -31.4641654494868 -45.76148984376 -21.8654461808744 -25.8405860814274 -30.6601577670437 -39.1805527286717 -53.6568780923991 -25.4438998600563 -20.1670090059847 -15.3351668594415 -53.2634262185476 -60.1758541509595 -73.2747242091811 -88.981173243156 -106.225139934654 -17.63465675957 -24.275391780322 -6.03857660521661 -5.31113150770659 -7.56885731001772 -5.96781588916165 -5.50919434154102 -25.8383484039243 -38.4562508777676 -5.91409858555861 
-7.40000000000005 1.14976670827309 -15.9483806160343 -6.63142091086053 -20.9674856401981 -31.5037538032865 -45.8614897909352 -21.9070926039211 -25.8218209110985 -30.5809810033393 -39.0409643715917 -53.4568781419435 -25.4647230468074 -20.1274205993603 -15.2351668594415 -53.2217798450462 -60.1946193708338 -73.3539010224309 -89.1207616497814 -106.425139934655 -17.6377069162505 -24.3388535303781 -5.98121522463149 -5.35377001818636 -7.55108422712191 -5.88963121289113 -5.49347932789267 -25.8830449836515 -38.5613590508705 -5.39282906404471 
-7.20000000000005 1.14218055495294 -16.0071998988629 -6.57260162803191 -20.9498470203325 -31.5449344662495 -45.9614897367269 -21.9423697870063 -25.798278811355 -30.4986196207672 -38.899783706191 -53.2568781937142 -25.4823616124646 -20.0862398821888 -15.1351668594414 -53.1865027137327 -60.2181615223489 -73.4362624567747 -89.2619423669537 -106.625139934656 -17.6454136454633 -24.4053795424195 -5.93010272765517 -5.40265741036267 -7.5411523364696 -5.82088003940933 -5.47764395736201 -25.9260288959495 -38.663162245997 -5.15640966378187 
-7.00000000000005 1.13478194951895 -16.0645650280916 -6.51523649880322 -20.93511670787 -31.5875692830157 -46.0614896827217 -21.9718303563361 -25.7703742514562 -30.4133499316396 -38.7571488878348 -53.0568782461292 -25.4970918709219 -20.0436050114175 -15.0351668594414 -53.1570421968172 -60.2460661346621 -73.5215321983165 -89.4045772377243 -106.825139934655 -17.6578536632704 -24.4751846894552 -5.88517767182942 -5.45773224493543 -7.53886204181455 -5.7612246155256 -5.46217941527023 -25.9679294830864 -38.7624279623626 -5.0036513138006 
-6.80000000000005 1.12755033901194 -16.120635361206 -6.45916616568881 -20.9229759893287 -31.6314988975888 -46.1614896304093 -21.996111740321 -25.7385853023266 -30.3254906493957 -38.6132192724764 -52.8568782976565 -25.5092325371511 -19.9996753445323 -14.9351668594418 -53.1327608643588 -60.277855135318 -73.6093915320869 -89.5485069046091 -107.025139934654 -17.6749585722189 -24.5483599315181 -5.84621230076783 -5.51876676845703 -7.54382623222087 -5.71011847281838 -5.44749537508918 -26.0093157760198 -38.8598845884104 -4.89328219761901 
-6.60000000000004 1.12046444010339 -16.1755759186147 -6.4042256082801 -20.9130948251336 -31.6765582908024 -46.2614895810316 -22.0158740192832 -25.7034070238801 -30.2353718135405 -38.4681598792125 -52.6568783469838 -25.5191136519685 -19.9546159019409 -14.8351668594417 -53.1129986347249 -60.3130334630929 -73.6995104172705 -89.6935663472013 -107.225139934655 -17.6965296499796 -24.6248715666875 -5.81284287054277 -5.58539723943183 -7.55551614578695 -5.66686782897488 -5.43388817440336 -26.0506491327426 -38.956158502542 -4.80930670144789 
-6.40000000000004 1.11350372031738 -16.2295458989862 -6.35025562790863 -20.9051548188587 -31.7225882648989 -46.3614895354996 -22.0317539869384 -25.6653170111639 -30.1433118204528 -38.3221299057533 -52.4568783931532 -25.5270536127114 -19.9085858823124 -14.7351668594417 -53.0971187132383 -60.3511235219777 -73.7915704565267 -89.8395963668291 -107.425139934654 -17.7222591080147 -24.7045710050942 -5.78460239310443 -5.65715667156305 -7.57330559754759 -5.63068730036404 -5.42152761972228 -26.092258558433 -39.0517379086038 -4.74360092924126 
-6.20000000000004 1.10664934909728 -16.2826913051483 -6.2971102217465 -20.8988639653843 -31.7694428175867 -46.4614894943495 -22.0443356540037 -25.624753272067 -30.0496026751938 -38.1752753543322 -52.25687843557 -25.5333444250356 -19.8617312884744 -14.6351668594416 -53.0845370885889 -60.3916873034905 -73.8852796442017 -89.9864509606662 -107.625139934654 -17.7517689117539 -24.7872262149955 -5.76096683056891 -5.73352102799042 -7.59652454781195 -5.60076084446627 -5.41047368436467 -26.1343500292375 -39.1469747855705 -4.69131119120406 
-6.00000000000004 1.09988469020755 -16.3351411262477 -6.24466040064715 -20.893964286609 -31.8169929599108 -46.5614894577729 -22.0541349768275 -25.5821027737915 -29.9545023558189 -38.0277252138579 -52.0568784739963 -25.5382440672343 -19.8141811095737 -14.5351668594416 -53.0747378041925 -60.4343378401934 -73.980380002004 -90.1340011395678 -107.825139934655 -17.7846422064509 -24.8725493307918 -5.74139033888761 -5.81394446501102 -7.62449816373319 -5.57628463928904 -5.40069648078603 -26.1770226467583 -39.2420972241906 -4.64920327410531 
-5.80000000000004 1.09319546037877 -16.3870061076947 -6.19279541920012 -20.890234291626 -31.8651279463747 -46.6614894256839 -22.0615949371261 -25.5376977526431 -29.8582323532234 -37.8795902298154 -51.8568785085068 -25.5419740301283 -19.7660460910207 -14.4351668594415 -53.0672778784054 -60.4787428958533 -74.0766500391109 -90.2821361581217 -108.025139934656 -17.8204501215904 -24.9602222273784 -5.72533330225094 -5.89788736661501 -7.65657608389015 -5.55649757799808 -5.39209937477717 -26.2202905221964 -39.3372300810758 -4.61495512803874 
-5.60000000000004 1.0865696869354 -16.4383790796974 -6.14142244719745 -20.8874883197195 -31.9137549464709 -46.7614893977828 -22.0670868560173 -25.4918166995316 -29.7609783281092 -37.7309632326986 -51.6568785393873 -25.5447199741336 -19.7174190630234 -14.3351668594415 -53.0617859903939 -60.5246239798445 -74.1739040951048 -90.4307631861183 -108.225139934655 -17.8587804238758 -25.0499255016665 -5.71229065745496 -5.98484466899614 -7.69216041426949 -5.54070893637476 -5.38454862395106 -26.264112743373 -39.432425274255 -4.5868204710696 
-5.40000000000004 1.07999753087643 -16.4893363290057 -6.09046519788908 -20.8855737969617 -31.9627976730215 -46.8614893736417 -22.0709158809378 -25.4446884751437 -29.662892854413 -37.581920509694 -51.4568785670744 -25.5466344727503 -19.6683763123317 -14.2351668594414 -53.0579569931596 -60.5717522319186 -74.2719895964872 -90.5798059368091 -108.425139934654 -17.8992486087073 -25.1413509358063 -5.70180161357018 -6.07435558037863 -7.73071407634273 -5.52830534913963 -5.37788858439468 -26.308409953125 -39.5276797333153 -4.56344118807773 
-5.20000000000004 1.07347105874796 -16.5399393676996 -6.03986215919524 -20.8843676986992 -32.0121946134528 -46.9614893527669 -22.0733280607294 -25.3964976162415 -29.564098956817 -37.4325235734041 -51.2568785920906 -25.5478405501379 -19.6189793510255 -14.1351668594414 -53.0555448383853 -60.6199431158381 -74.3707835191005 -90.7292028981163 -108.625139934655 -17.9415080673711 -25.234213433164 -5.69345805027918 -6.16601197947335 -7.77176743674362 -5.51875567084756 -5.37195718415632 -26.3530815915805 -39.6229544104647 -4.5437402903079 
-5.00000000000004 1.06698400829046 -16.5902367502439 -5.98956477665092 -20.8837729154816 -32.0618972127795 -47.0614893346379 -22.0745176137997 -25.3473897867675 -29.4646937447986 -37.2828209788414 -51.0568786149836 -25.5484353152269 -19.5692767335702 -14.0351668594418 -53.0543553082072 -60.6690509682043 -74.4701887540111 -90.8789055155712 -108.825139934654 -17.9852584056488 -25.328261153986 -5.68691101937435 -6.25946491707776 -7.81492299180458 -5.51161384336331 -5.36659969295998 -26.3980214829284 -39.718191684357 -4.52685651667067 
-4.80000000000004 1.06053154404508 -16.6402659683961 -5.93953555849867 -20.8837144632951 -32.1118679787453 -47.1614893187559 -22.0746345077336 -25.2974774625491 -29.3647522024281 -37.1328502183186 -50.8568786363086 -25.5484937515314 -19.5193059517224 -13.9351668594417 -53.0542384355974 -60.7189633137468 -74.5701303177058 -91.0288762974181 -109.025139934653 -18.0302389737877 -25.4232709402771 -5.68186237980314 -6.3544162511828 -7.85984510775649 -5.50650674116299 -5.3616679368805 -26.4431189450012 -39.813318364582 -4.51209051168807 
-4.60000000000004 1.05411005784263 -16.6900549981167 -5.88974652877808 -20.884136389747 -32.1620789349178 -47.2614893046491 -22.0737906468969 -25.2468445719918 -29.2643302821501 -36.9826392683201 -50.6568786565895 -25.5480718109725 -19.4690949814429 -13.8351668594417 -53.055082316716 -60.769596224586 -74.6705522582656 -91.1790872676985 -109.225139934654 -18.0762325636604 -25.5190535598704 -5.67806694788575 -6.45062079722765 -7.90626062408074 -5.50313322776752 -5.35702863619594 -26.4882686740373 -39.9082571233386 -4.49887517627427 
-4.40000000000004 1.0477169781283 -16.7396237779704 -5.84017774892442 -20.884998817282 -32.2125101423065 -47.3614892918914 -22.0720657860503 -25.1955509312915 -29.1634678615962 -36.8322080679125 -50.4568786763282 -25.5472093706798 -19.4186637612965 -13.7351668594416 -53.0568071973023 -60.820889885026 -74.7714146985593 -91.3295184878458 -109.425139934655 -18.1230580144461 -25.6154477905097 -5.67532362459313 -6.5478774554024 -7.95394850240184 -5.50125232623408 -5.35256044628128 -26.5333692639762 -40.0029264931313 -4.48674573942424 
-4.20000000000004 1.04135062236164 -16.7889853535441 -5.79081617335068 -20.886275654344 -32.2631485549423 -47.4614892801009 -22.069512108006 -25.1436356776735 -29.0621910324044 -36.681569663147 -50.2568786959889 -25.5459325218272 -19.3680253368702 -13.6351668594416 -53.0593608950066 -60.872805158304 -74.872691547411 -91.4801569122713 -109.625139934655 -18.1705683640499 -25.7123197156873 -5.67347240254125 -6.64602621764158 -8.00273568906817 -5.50067793732666 -5.34815554226711 -26.5783259355358 -40.0972447402646 -4.47532104552924 
-4.00000000000004 1.03501006367442 -16.8381469113161 -5.74165461557876 -20.8879525276411 -32.3139869860112 -47.5614892689417 -22.0661583591106 -25.0911203710062 -28.9605141679652 -36.5307312409359 -50.0568787160059 -25.544255637371 -19.3171868946421 -13.5351668594415 -53.0627146639182 -60.9253204849875 -74.9743684318664 -91.6309953544986 -109.825139934654 -18.2186443790746 -25.8095572884839 -5.67238686209922 -6.74494066373558 -8.05248857738937 -5.50126926787595 -5.34371625062448 -26.6230482016651 -40.1911285641658 -4.46428534550441 
-3.80000000000004 1.02869503819384 -16.8871104972253 -5.6926910296695 -20.8900253449958 -32.3650233892752 -47.6614892581149 -22.0620127235212 -25.0380111495075 -28.8584413605572 -36.3796948476186 -49.8568787367794 -25.5421828091895 -19.2661504805513 -13.4351668594415 -53.0668603202821 -60.9784297272607 -75.0764412600489 -91.7820317685903 -110.025139934655 -18.2671936305297 -25.9070701258482 -5.67197252852643 -6.84452631845419 -8.10311064619871 -5.50292775077691 -5.33915628058082 -26.6674518175307 -40.2844957659407 -4.45337794334986 
-3.60000000000004 1.02240585919353 -16.9358736823031 -5.64392784459176 -20.8924989640823 -32.4162601934394 -47.761489247357 -22.0570654857467 -24.9843007266553 -28.7559677526273 -36.228458054611 -49.656878758694 -25.5397091793449 -19.214913665629 -13.3351668594414 -53.0718075799721 -61.0321401720285 -75.1789148898944 -91.9332685835136 -110.225139934656 -18.3161449480926 -26.004784628489 -5.67216066061134 -6.94471444018187 -8.15453558284865 -5.50558950234823 -5.33439717529159 -26.7114558973192 -40.3772630308069 -4.44238125469129 
-3.40000000000004 1.01614335704944 -16.9844300282247 -5.59537149867011 -20.8953862613157 -32.4677038365945 -47.8614892364337 -22.0512908928608 -24.9299697878477 -28.6530804678981 -36.0770144239601 -49.4568787821215 -25.5368218711882 -19.1634700115506 -13.2351668594414 -53.0775821962847 -61.0864711342627 -75.2818021980503 -92.0847122375911 -110.425139934655 -18.365445647239 -26.102641673557 -5.67290501225392 -7.04545878248288 -8.20672357922889 -5.50922115280682 -5.3293669356304 -26.7549820035797 -40.469345482989 -4.43111293931576 
-3.20000000000004 1.00990883465856 -17.032769432971 -5.54703209392381 -20.8987074405241 -32.5193644205492 -47.9614892251347 -22.0446485371463 -24.8749880273869 -28.549759302691 -35.9253538540067 -49.2568788074218 -25.5335006806807 -19.1118094162969 -13.1351668594414 -53.0842245772988 -61.141452920023 -75.3851233885569 -92.2363728328441 -110.625139934654 -18.4150596806626 -26.2005951117268 -5.67417963822819 -7.14673339986157 -8.2596587918604 -5.51381696069203 -5.32399920859315 -26.7979536812887 -40.5606565654444 -4.41942023140123 
-3.00000000000004 1.00370403781853 -17.0808783604901 -5.49892316640474 -20.9024895736195 -32.5712554811636 -48.0614892132682 -22.0370842747541 -24.8193148374757 -28.4459771852606 -35.7734628090573 -49.0568788349533 -25.5297185357193 -19.0599183438164 -13.0351668594418 -53.0917888672235 -61.1971261374668 -75.4889055335197 -92.388263905326 -110.825139934655 -18.4649657896955 -26.2986101482789 -5.67597681594444 -7.24853056950896 -8.31334703398872 -5.51939627530128 -5.31823212771483 -26.8402955279295 -40.6511073396042 -4.40717513863613 
-2.80000000000004 0.997531143078231 -17.1287399348978 -5.45106159199699 -20.9067664121929 -32.6233938941448 -48.1614892006571 -22.0285306025105 -24.7628995908244 -28.3417003642016 -35.6213244135905 -48.8568788650788 -25.5254416845347 -19.0077799182241 -12.9351668594417 -53.1003425695917 -61.2535414142428 -75.5931823847035 -92.5404023309175 -111.025139934654 -18.5151575043086 -26.3966634372997 -5.67830695124924 -7.35086069710273 -8.36781558717563 -5.52600325408044 -5.31200859567658 -26.881933570299 -40.7406069563814 -4.39427192716703 
-2.60000000000004 0.99139274739573 -17.1763340206651 -5.40346750622973 -20.9115782271368 -32.6757997948559 -48.2614891871355 -22.0189069786655 -24.7056818812121 -28.236888568822 -35.4689185324437 -48.6568788981647 -25.5206298560692 -18.9553740039913 -12.8351668594417 -53.1099662265219 -61.3107591569402 -75.6979942131682 -92.6928082451494 -111.225139934654 -18.565641294531 -26.4947413132894 -5.68119664966351 -7.45375038803675 -8.42311119234149 -5.53370477347904 -5.30527467628674 -26.9227937366764 -40.8290612085261 -4.38062364999293 
-2.40000000000004 0.985291880287696 -17.2236371284172 -5.35616439847761 -20.9169719970435 -32.7284966725148 -48.3614891725465 -22.0081194460957 -24.6475912408901 -28.131494820748 -35.3162216766175 -48.4568789345864 -25.5152360715734 -18.9026771117434 -12.7351668594417 -53.1207537955144 -61.3688498336849 -75.8033879976649 -92.8455051373983 -111.425139934655 -18.6164374947408 -26.5928406212513 -5.6846897348723 -7.55724346590488 -8.47930116245752 -5.54259163584383 -5.29798023617451 -26.9628024043163 -40.9163729839181 -4.36616120093741 
-2.20000000000004 0.979232012564899 -17.2706223472032 -5.30917917969166 -20.923001543668 -32.7815114379252 -48.4614891567428 -21.9960603613935 -24.588546937402 -28.0254652984739 -35.1632069355574 -48.2568789747403 -25.5092065091453 -18.8496623305293 -12.6351668594416 -53.1328129203716 -61.427894177328 -75.909417560094 -92.9985199186134 -111.625139934656 -18.6675793793743 -26.6909677246708 -5.68884639216963 -7.66140011594926 -8.53647259371595 -5.55277784831542 -5.29007781731988 -27.0018852042476 -41.0024410026354 -4.35083126029546 
-2.00000000000004 0.973217100210604 -17.3172590042842 -5.26254252261057 -20.9297282123468 -32.8348747636851 -48.5614891395838 -21.982607034013 -24.5284569529404 -27.9187386569312 -35.0098436369337 -48.0568790190355 -25.5024798233075 -18.7962989876104 -12.5351668594416 -53.1462662920465 -61.487984206084 -76.0161442459311 -93.1518832615315 -111.825139934655 -18.7191159357966 -26.7891409381741 -5.69374628153618 -7.76629999813093 -8.5947358188174 -5.56440441633579 -5.28152438928048 -27.0399684332893 -41.0871608887582 -4.33459691314066 
-1.80000000000004 0.967251635889989 -17.3635122657555 -5.21628926113928 -20.9372216707558 -32.8886214835654 -48.6614891209354 -21.9676201287519 -24.467216786208 -27.8112452287276 -34.8560969472588 -47.8568790678893 -25.49498634625 -18.7425522490816 -12.4351668594416 -53.1612532461606 -61.5492244216694 -76.1236377229878 -93.3056300000595 -112.025139934654 -18.7711137128805 -26.8873919767293 -5.69949078559729 -7.87204449509556 -8.65422705430987 -5.57764239035697 -5.27228199963205 -27.0769793051121 -41.1704250220523 -4.31743747570907 
-1.60000000000004 0.961340724155889 -17.4093425534376 -5.1704589734572 -20.9455610751275 -32.9427911756192 -48.7614891006713 -21.9509413333199 -24.404707703094 -27.7029058579314 -34.7019272887805 -47.656879121729 -25.4866469216142 -18.6883825367637 -12.3351668594416 -53.1779320954333 -61.6117335586242 -76.2319771476246 -93.4597997123784 -112.225139934655 -18.823659593877 -26.9857681454079 -5.70620636559978 -7.97876006814538 -8.7151123396776 -5.59269738804351 -5.26231879751444 -27.1128463906766 -41.2521223952989 -4.29934867827635 
-1.40000000000004 0.955490163984359 -17.4547049049367 -5.12509662195808 -20.9548363501358 -32.9974288021266 -48.8614890786778 -21.9323907985851 -24.34079481686 -27.5936306201983 -34.5472896995483 -47.4568791809977 -25.4773716246124 -18.6337448882628 -12.2351668594416 -53.1964826894378 -61.6756465041278 -76.3412524446274 -93.6144373608803 -112.425139934656 -18.8768626449947 -27.0843335480247 -5.71404704993441 -8.08660074577086 -8.77759066580396 -5.60981336266986 -5.25160896239813 -27.1474989070594 -41.3321372631808 -4.28034198840004 
-1.20000000000004 0.949706587739638 -17.4995478961791 -5.08025363071568 -20.9651503438288 -33.052585787062 -48.9614890548556 -21.9117628286984 -24.275323855731 -27.4833166678269 -34.3921327559345 -47.2568792461414 -25.4670576070977 -18.5785878795057 -12.135166859442 -53.2171107244658 -61.7411175303982 -76.4515664621402 -93.7695943696354 -112.625139934654 -18.9308596611392 -27.1831735554116 -5.72320105733819 -8.19575474685074 -8.84190167564145 -5.62928138126495 -5.24013501741357 -27.1808679533173 -41.410349300681 -4.2604458712744 
-1.00000000000004 0.943997647632204 -17.5438121957074 -5.0359893311874 -20.976621719042 -33.1083214618035 -49.0614890291254 -21.8888200982545 -24.2081168257587 -27.3718453383264 -34.2363971269057 -47.0568793175843 -25.4555862061543 -18.522852179034 -12.0351668594421 -53.2400535263537 -61.8083246318144 -76.5630378630846 -93.9253300701082 -112.825139934655 -18.9858216359427 -27.2823998297434 -5.7338987126262 -8.30645239639528 -8.9083350256577 -5.6514504317538 -5.22788996224477 -27.2128871976768 -41.4866328445688 -4.23970680211817 
-0.800000000000041 0.938372223463375 -17.5874289539317 -4.99237257296314 -20.9893881749038 -33.1647046758895 -49.1614890014357 -21.8632872093094 -24.1389671785894 -27.2590789329328 -34.0800139632878 -46.8568793957422 -25.4428197226028 -18.4664689372583 -11.9351668594421 -53.2655864934577 -61.8774743571427 -76.6758043466372 -94.081713311885 -113.025139934656 -19.0419593075031 -27.3821542595281 -5.74641960318546 -8.41897328204197 -8.97723915308013 -5.67673780095109 -5.2148779866357 -27.2434919802919 -41.5608543854082 -4.21818922008234 
-0.600000000000041 0.932840781484265 -17.6303170207145 -4.94948450618033 -21.0036120116709 -33.2218165794395 -49.2614889717684 -21.8348395616742 -24.0676314641714 -27.144855151732 -33.9229021153042 -46.6568794809758 -25.4285958561685 -18.4093570040412 -11.8351668594422 -53.2940342263258 -61.9488101567936 -76.7900282130709 -94.2388252451016 -113.225139934655 -19.0995360984428 -27.4826191172506 -5.76110830144572 -8.53366197653103 -9.04903978078727 -5.70565036187542 -5.20111906315726 -27.2726211235963 -41.6328715954954 -4.19597850950586 
-0.400000000000041 0.927415756850678 -17.6723799800047 -4.90742154689009 -21.019486061477 -33.2797535885358 -49.361488940155 -21.8030914914277 -23.9938204346346 -27.0289811629049 -33.7649651671869 -46.4568795735683 -25.4127217747492 -18.3514199633316 -11.7351668594423 -53.3257823891642 -62.0226212789222 -76.9059022944898 -94.3967622858107 -113.425139934655 -19.1588782830976 -27.5840242611956 -5.77838749744681 -8.65094117028246 -9.12425601524757 -5.73880363704547 -5.18665021827514 -27.3002152380044 -41.7025286691938 -4.17318157295421 
-0.200000000000041 0.922112122937688 -17.7135017356538 -4.86629979124103 -21.0372425167135 -33.3386317994214 -49.4614889066897 -21.7675786141375 -23.9171858016953 -26.9112247743166 -33.6060870229495 -46.2568796736818 -25.3949652860474 -18.2925417189808 -11.6351668594425 -53.3612953665692 -62.0992560119763 -77.0236587831929 -94.5556405301628 -113.625139934656 -19.220392549025 -27.686660282772 -5.79877997454105 -8.77133364709477 -9.20352673641082 -5.77695260256055 -5.171529851263 -27.3262166266414 -41.7696518134798 -4.1499299693697 
0 0.916948115182459 -17.7535408990961 -4.82626062779873 -21.0571641546885 -33.3985926008387 -49.5614888715493 -21.7277353755274 -23.8373033996429 -26.7913032088219 -33.4461262940125 -46.0568797813025 -25.3750436129322 -18.2325808824233 -11.5351668594427 -53.4011387128012 -62.1791385216506 -77.1435804563095 -94.7156013667218 -113.825139934657 -19.2845872556717 -27.790894152861 -5.82293548040165 -8.89548915515892 -9.28764308103267 -5.82102978373922 -5.15584215585701 -27.3505680946777 -41.8340424449584 -4.12638350998867 
