pO2 mew_e electrons holes VO{2} VO{1} VO{0} VM{-4} VM{-3} VM{-2} VM{-1} VM{0} Oi{-2} Oi{-1} Oi{0} Mi{4} Mi{3} Mi{2} Mi{1} Mi{0} Csi{0} Csi{-1} Csi{1} CssubZr{-5} CssubZr{-4} CssubZr{-3} CssubO{1} CssubO{2} CssubO{3} Stoich
-35 3.26629189807193 -0.908848470199635 -8.94083454857919 -1.41052816511539 -1.36006940515085 -1.31562086009098 -14.0878365009796 -24.1307512708596 -34.3107105015384 -44.5141175813744 -58.0674616351467 -13.8928081712979 -21.1857430578953 -31.1158222191289 -11.2192828085935 -9.48090921196391 -7.79319826943735 -8.61774588553616 -9.44622060804224 -17.0588839177192 -20.2794016778722 -15.1721564660065 -16.1043364548724 -11.2214114010903 -5.90145294389285 -8.75174310172204 -3.00084467592564 -6.16332757719921 -0.101777973879813 
-34.8 3.25557820170116 -0.944844909303482 -8.90483810947534 -1.43452989723819 -1.42006757637749 -1.41161547042147 -14.0318224239378 -24.0387407547139 -34.1827035462888 -44.350114187021 -57.8674618016894 -13.8648010473063 -21.1217394947999 -31.0158222169296 -11.2752970499796 -9.57291989245381 -7.9212053890311 -8.78174944423375 -9.64622060584368 -17.0350747049611 -20.2915889042179 -15.1123508141445 -16.0605096063756 -11.1415881134896 -5.78563321718831 -8.78793206238985 -3.00103719748961 -6.12752365965971 -0.162901694136099 
-34.6 3.2448747324147 -0.980806986912929 -8.8688760318659 -1.45922831793517 -1.48072807468392 -1.50823804633735 -13.9756709534149 -23.9466272065815 -34.054627920547 -44.1860764836698 -57.6674620207288 -13.8367252009109 -21.057701570795 -30.9158222153153 -11.3314487379267 -9.66503365801037 -8.0492812321971 -8.94578736500921 -9.84622060422859 -17.0106236770718 -20.303099953938 -15.0519377086457 -16.0158691871871 -11.0609856166917 -5.66906864278094 -8.82414153442125 -3.00128459191156 -6.09180897647183 -0.222646628996318 
-34.4 3.23419128420744 -1.0167017966502 -8.83298122212862 -1.48458252718745 -1.54197709367347 -1.60538187506417 -13.9192504810396 -23.854311924469 -33.9264178286972 -44.0219715820827 -57.4674623094044 -13.8085148191985 -20.9935963793453 -30.8158222141283 -11.3878694977914 -9.75734922761232 -8.17749161153632 -9.10989255408569 -10.0462206030423 -16.9855891604376 -20.3139602470411 -14.9910083822743 -15.9703090091019 -10.9795306288692 -5.55171884522125 -8.86035603796365 -3.00160428571669 -6.05623386054008 -0.28094676587873 
-34.2 3.22353518533828 -1.05250471664659 -8.79717830213223 -1.51055357921628 -1.60375106569869 -1.70295876708578 -13.8624625421943 -23.7617210656273 -33.7980240498592 -43.8577748832483 -57.2674626905736 -13.7801206583173 -20.9293992984677 -30.7158222132543 -11.444657816931 -9.84994046674834 -8.30588577066873 -9.2740896332145 -10.2462206021675 -16.9600333467172 -20.3242073533171 -14.9296496485575 -15.9237681774066 -10.8971868771776 -5.43357217353317 -8.89657419714247 -3.00201952489911 -6.02084617972572 -0.337766108898083 
-34 3.21291172235794 -1.08819798487163 -8.7614850339072 -1.53710424555705 -1.6659950002645 -1.80089596987663 -13.8052361192175 -23.6688013744254 -33.6694110904322 -43.6934686555963 -57.0674631946966 -13.7515071941231 -20.8650925660485 -30.61582221261 -11.5018847433873 -9.94286066142969 -8.43449923357512 -9.43839636434593 -10.446220601524 -16.9340245043248 -20.3338917791497 -14.86794753794 -15.8762261809067 -10.8139516124526 -5.31464364058314 -8.93280928996014 -3.00256134949175 -5.9856947360937 -0.393094482538277 
-33.8 3.20232447800242 -1.123769563861 -8.72591345491783 -1.56419864134134 -1.72866097503816 -1.89913352363965 -13.7475231028259 -23.5755167790445 -33.5405549160619 -43.5290409022366 -56.8674638623475 -13.7226503516263 -20.8006641445623 -30.5158222121345 -11.5595984269545 -10.0361459239862 -8.56335607512101 -9.60282478488119 -10.6462206010486 -16.9076399800172 -20.3430788338315 -14.8059914346431 -15.8277002196722 -10.7298540722287 -5.19497452136994 -8.96909074090136 -3.00327122144398 -5.95083302905619 -0.446943617240332 
-33.6 3.19177558338663 -1.15921229338302 -8.6904707253958 -1.59180168504235 -1.79170674826119 -1.99762202638471 -13.6892949060314 -23.4818458527279 -33.4114412602233 -43.364484516876 -56.6674647474649 -13.6935358103194 -20.7361068737334 -30.4158222117835 -11.6178275085154 -10.1298177350692 -8.69247061572599 -9.76738205500818 -10.8462206006977 -16.8809702307412 -20.3518518140775 -14.7438789558451 -15.7782450034747 -10.6449561265092 -5.07463384612836 -9.00546676519975 -3.00420451621958 -5.91632359431015 -0.499343590799373 
-33.4 3.18126588387884 -1.19452333312502 -8.65515968565381 -1.61987834340107 -1.85509444636191 -2.09632076422742 -13.6305402390784 -23.387780146033 -33.2820645137864 -43.1997967306971 -56.467465921544 -13.6641578895441 -20.6714179132161 -30.3158222115243 -11.6765833492881 -10.2238846155839 -8.82184853598272 -9.93207101500692 -11.0462206004384 -16.8541241728367 -20.360316795915 -14.6817218581985 -15.7279553186185 -10.559355401911 -4.95372208178816 -9.0420084056548 -3.0054351169334 -5.88224315528159 -0.550339702307261 
-33.2 3.17079501550404 -1.2297039059893 -8.61997911278952 -1.64839259273458 -1.9187892685597 -2.1951961592895 -13.571264087896 -23.2933234219863 -33.1524272168754 -43.0349788609218 -56.2674674789044 -13.6345190350811 -20.6065984858888 -30.2158222113327 -11.7358610576394 -10.3183428967995 -8.95148739006255 -10.096890441951 -11.2462206002468 -16.8272362107886 -20.3686094067312 -14.6196533232862 -15.6769717784439 -10.4731912888721 -4.83237739588497 -9.07881526599647 -3.00706140441003 -5.84868886989432 -0.599989861864698 
-33 3.16036138583092 -1.26475936231015 -8.58492365646868 -1.67730600957302 -1.98275814171899 -2.29422048876963 -13.5114879773765 -23.1984918551459 -33.0225401937142 -42.8700363814397 -56.0674695431015 -13.6046299475812 -20.5416539420681 -30.1158222111911 -11.7956392322144 -10.4131765276953 -9.08137647727922 -10.2618349854885 -11.4462206001051 -16.8004753092867 -20.3769039615502 -14.5578369654634 -15.6254902228849 -10.3866542769922 -4.71078492768429 -9.11602323779512 -3.00921391988859 -5.81578592905165 -0.648362586134906 
-32.8 3.14996205114562 -1.29969959253184 -8.54998342624699 -1.7065758927492 -2.04696825511685 -2.39337083238919 -13.4512516294921 -23.1033152770398 -32.8924233853864 -42.7049793428903 -55.8674722743303 -13.5745104079199 -20.4765941721851 -30.0158222110864 -11.8558783112229 -10.5083558369255 -9.21149601673112 -10.4268947551621 -11.6462206000004 -16.7740564574875 -20.3854253399727 -14.4964778834426 -15.5737752535277 -10.2999990774134 -4.58918949788374 -9.15381449949888 -3.0120649513699 -5.78369673031165 -0.695535693225149 
-32.6 3.1395924832309 -1.33453981079617 -8.51514320798265 -1.73615283395017 -2.11138541458216 -2.49262821011883 -13.3906161054606 -23.007839534744 -32.7621074248263 -42.5398231640658 -55.6674758772415 -13.5441908443712 -20.411434390372 -29.915822211009 -11.9165174380881 -10.603835182055 -9.34181558012501 -10.5920545368204 -11.846220599923 -16.7482546279569 -20.3944637287064 -14.4358358356476 -15.5221781183074 -10.2135617239287 -4.46791192613474 -9.19242982951062 -3.01584006311807 -5.75263162379511 -0.741595780911296 
-32.4 3.12924622802439 -1.36930170180049 -8.48038131697833 -1.76597771878467 -2.17597219042097 -2.59197687696196 -13.3296684000521 -22.9121299383311 -32.6316359374091 -42.3745897856443 -55.4674806078157 -13.5137146263226 -20.3461962813191 -29.8158222109518 -11.9774698740136 -10.6995495089848 -9.4722917980591 -10.7572926457588 -12.0462205998657 -16.7234208821801 -20.4043918739339 -14.3762401988665 -15.4711585581836 -10.1277802728006 -4.34736858400234 -9.23218285963029 -3.02083120223265 -5.72286087190575 -0.786638533479811 
-32.2 3.11891448192091 -1.40401484435927 -8.44566817441955 -1.7959783028413 -2.2406859170364 -2.69140374613617 -13.268527139215 -22.8162755349353 -32.5010683914545 -42.2093090971309 -55.2674867767436 -13.4831409113978 -20.2809094238355 -29.7158222109095 -12.0386173037361 -10.7954100812661 -9.60286551289918 -10.9225795031576 -12.2462205998233 -16.6999992755586 -20.4156834098712 -14.3181054496862 -15.4213088333262 -10.0432174053844 -4.22809257402737 -9.27347497966615 -3.0274101797105 -5.69472670682443 -0.830769804274137 
-32 3.10858565631202 -1.43871817448716 -8.41096484429166 -1.82606581246179 -2.30547675678476 -2.79089791601242 -13.2073484281462 -22.7203934937386 -32.3704830201299 -42.0440203956784 -55.0674947451632 -13.4525475716223 -20.2156127539321 -29.6158222108782 -12.0998039831932 -10.8913000908511 -9.73345885261208 -11.0878761729984 -12.446220599792 -16.6785416987615 -20.4289291632019 -14.2619445427612 -15.3733758756194 -9.96058111754977 -4.1107529560648 -9.31680824264906 -3.03604011256476 -5.66865330955119 -0.874107226171248 
-31.8 3.09824507090298 -1.47346101580849 -8.37622200297034 -1.85613249351473 -2.37028627915903 -2.89045027970802 -13.1463299553438 -22.6246321796149 -32.2399788646848 -41.878773398912 -54.8675049070754 -13.4220332542418 -20.1503555952303 -29.515822210855 -12.1608326178847 -10.987071566864 -9.86397316994624 -11.2531333316539 -12.6462205997688 -16.6597156864102 -20.4448459921719 -14.2083756890885 -15.3282742318102 -9.88073663241918 -3.99616562961289 -9.36279175269477 -3.04728078128991 -5.64515113695462 -0.916781781471402 
-31.6 3.08787499850587 -1.50830292905921 -8.34138008971961 -1.88605158690707 -2.4350472858021 -2.99005319960181 -13.0857103537192 -22.5291706647395 -32.1096754365588 -41.7136280575352 -54.6675176524479 -13.3917170807261 -20.0851975084639 -29.4158222108379 -12.2214649648647 -11.0825458270946 -9.99428934342765 -11.418291418386 -12.8462205997517 -16.6442982183184 -20.4642704373309 -14.158116307746 -15.2870790753616 -9.80469956271989 -3.88528664666287 -9.41213529126356 -3.0617824066072 -5.62481084902158 -0.95893834778535 
-31.4 3.07745533497973 -1.54331146118677 -8.30637155759205 -1.91568155587838 -2.49968578690097 -3.08970023282825 -13.025760137633 -22.4342119165258 -31.9797081562174 -41.5486522450663 -54.4675333078515 -13.3617341449686 -20.0202060405788 -29.3158222108253 -12.2814308363417 -11.1775202306993 -10.1242722791598 -11.5832828862458 -13.046220599739 -16.6331480120366 -20.4881287631767 -14.1119575693367 -15.2509871851339 -9.7335991403646 -3.77917769218002 -9.46562358609297 -3.08026216930982 -5.60828207959625 -1.00073389339288 
-31.2 3.06696511026121 -1.57855706851014 -8.27112595026868 -1.94487600689556 -2.56412584524152 -3.18938589849216 -12.9667613182384 -22.3399674898078 -31.8502181221761 -41.3839166037017 -54.2675520591634 -13.332225359606 -19.9554516478928 -29.2158222108159 -12.3404484070389 -11.2717834087198 -10.2537810645037 -11.748037278913 -13.2462205997296 -16.6271518602411 -20.5173782187045 -14.0707158102178 -15.2212378212765 -9.66860416918392 -3.67893711367597 -9.52406749264776 -3.10346046854047 -5.59623477150392 -1.0423320629379 
-31 3.05638482044833 -1.61410528126231 -8.23557773751651 -1.97349916555523 -2.62829721665336 -3.28910548265617 -12.9089759826289 -22.2466339414462 -31.7213363610623 -41.2194866298357 -54.0675738725453 -13.3033217851034 -19.8909998606381 -29.115822210809 -12.3982555560232 -11.3651387704563 -10.3826846389924 -11.9124890661539 -13.4462205997227 -16.6271483814501 -20.5529229526657 -14.0351641186746 -15.1989972196352 -9.61081535479036 -3.58560008653025 -9.58823538527513 -3.13208014841644 -5.58930623862733 -1.08389374195563 
-30.8 3.04569917634353 -1.65000746889132 -8.1996755498875 -2.00144418913172 -2.69214442785886 -3.38885488149068 -12.8526093004395 -22.1543650716277 -31.5931653036148 -41.0554133847592 -53.8675984398398 -13.2751261603563 -19.8269020482619 -29.0158222108038 -12.454646805502 -11.4574322075641 -10.5108802637292 -12.0765868785197 -13.6462205997175 -16.6338430812116 -20.5955198400563 -14.0059566308072 -15.1852274248414 -9.56114337236761 -3.50002591647848 -9.65877729624772 -3.16671987175926 -5.58804377434152 -1.1255648246341 
-30.6 3.03489952362361 -1.6862927086463 -8.16339031013253 -2.02864931212549 -2.7556347906076 -3.4886304839944 -12.7977769935556 -22.0632475249889 -31.465762517221 -40.8917253586104 -53.667625173936 -13.2476966398624 -19.7631872880131 -28.9158222108 -12.5095058464783 -11.5485764882953 -10.6383097842154 -12.2403016387609 -13.8462205997136 -16.6477359398869 -20.6456979384865 -13.9835642497275 -15.1805732163916 -9.52020392416286 -3.42280122851876 -9.73616051767522 -3.20781785343254 -5.59285651625945 -1.16746412012764 
-30.4 3.02398515560753 -1.7229633748712 -8.12671964390762 -2.05510658816647 -2.81876273287349 -3.5884290924852 -12.7444877488359 -21.9732876140443 -31.3391319400515 -40.728424115216 -53.4676532643167 -13.2210379723092 -19.699857954235 -28.815822210797 -12.5628231815758 -11.6385644896177 -10.7649684517627 -12.4036309725331 -14.0462205997108 -16.6690804995834 -20.7037131644079 -13.9682381431991 -15.1852991975962 -9.48825923914251 -3.35418587727351 -9.82063301964063 -3.25561968917266 -5.60398768577466 -1.20967495385163 
-30.2 3.01296310090493 -1.75999585247474 -8.08968716630408 -2.08086041411516 -2.88154903642572 -3.68824787364095 -12.6926461747831 -21.8844135623879 -31.2132254107916 -40.5654851083526 -53.2676817798497 -13.1951029275141 -19.6368904318364 -28.7158222107948 -12.6146932711602 -11.7274670568057 -10.8909034965543 -12.5665984949282 -14.2462205997094 -16.6978817011599 -20.7695468435879 -13.960006867172 -15.1992913027255 -9.46521886666829 -3.29411302719575 -9.91222052477145 -3.31017471669995 -5.62151023569879 -1.25224292771971 
-30 3.00184652045982 -1.79734592262671 -8.05233709615212 -2.10599672924347 -2.944035421706 -3.7880843290732 -12.6420744646091 -21.7964917820619 -31.0879535603136 -40.4028631877226 -53.0677097890678 -13.1698030678165 -19.5742405019868 -28.6158222107933 -12.66529299055 -11.8154168463474 -11.016203356248 -12.7292484247738 -14.446220599707 -16.7339256138669 -20.8429408264469 -13.958700709727 -15.222113575412 -9.4506910692028 -3.24223515957829 -10.0107508227603 -3.37135494453682 -5.64534039338331 -1.2951801144506 
-29.8 2.99065226448465 -1.83495697109942 -8.0147260476794 -2.13062657767555 -3.00627631861079 -3.88793627445072 -12.5925453360442 -21.7093516050243 -30.9632023348033 -40.2405009137396 -52.8677364666121 -13.1450251647607 -19.5118515504583 -28.5158222107921 -12.7148487966587 -11.9025837009288 -11.1409812593021 -12.8916373763007 -14.6462205997065 -16.7768261716803 -20.9234524327331 -13.9639902190678 -15.2530960531345 -9.44406249845258 -3.19799554035535 -10.1158922774798 -3.43888535078357 -5.67525975115773 -1.33847400719789 
-29.6 2.97939824777814 -1.87276880681235 -7.97691421196647 -2.15486845114563 -3.0683300277938 -3.98780181934665 -12.5438173779353 -21.6228118112025 -30.8388507052686 -40.0783374484919 -52.6677611656515 -13.1206488361857 -19.4496633861703 -28.4158222107912 -12.7636014538053 -11.9891481937884 -11.2653575878745 -13.053825540586 -14.8462205997048 -16.8260745599888 -21.0105126567545 -13.9754267716634 -15.291428319048 -9.44458292865311 -3.16070413484296 -10.2271943749722 -3.51237561256306 -5.71093817722391 -1.38209870877418 
-29.4 2.96810116120059 -1.91072535093738 -7.93895766784144 -2.17883288749426 -3.13025100826746 -4.08767934394534 -12.4956658393509 -21.5367037284931 -30.7147860784341 -39.9163162775324 -52.4677834505669 -13.0965619244351 -19.3876199302947 -28.3158222107905 -12.8117752773052 -12.0752785614133 -11.3894444996245 -13.2158689964611 -15.0462205997049 -16.8810825881377 -21.1034772290284 -13.9924782556872 -15.3362413527382 -9.45143941821829 -3.12960408028311 -10.3441233835954 -3.59134807706129 -5.75195409759749 -1.42602607374509 
-29.2 2.95677480598397 -1.94878023337143 -7.9009027854074 -2.20261125050017 -3.19208425370741 -4.18756747181934 -12.447905013599 -21.4508880203072 -30.5909154878142 -39.7543908044784 -52.2678030950789 -13.0726716893027 -19.3256748127282 -28.21582221079 -12.8595557475677 -12.1611139141099 -11.5133347347551 -13.3778141140257 -15.2462205997036 -16.9412174389387 -21.2016669622634 -14.0145582240541 -15.3866702602218 -9.46381344326788 -3.10392322289865 -10.4660914798368 -3.67526129086864 -5.79781242897042 -1.47023525179469 
-29 2.94542913229225 -1.98690002303154 -7.86278299574728 -2.22626923912963 -3.25386203199699 -4.28746503976903 -12.4004011331605 -21.3652643502085 -30.4671720280554 -39.5925275550595 -52.0678200559999 -13.0489112686225 -19.263794602388 -28.1158222107896 -12.9070765889276 -12.2467545451299 -11.6370951554352 -13.539694324366 -15.446220599704 -17.0058287980223 -21.3043981110071 -14.0410497934776 -15.4418975285273 -9.48092092191331 -3.08291091188396 -10.5924806172104 -3.76353063858208 -5.84796198702412 -1.51471984972349 
-28.8 2.93406992442397 -2.02506528552806 -7.82461773325076 -2.24984474084226 -3.31560279620614 -4.3873710664747 -12.3530765607382 -21.2797745152897 -30.3435169306401 -39.4307071951477 -51.8678344335916 -13.0252417936153 -19.2019598648842 -28.0158222107893 -12.9544155389404 -12.3322587576393 -11.7607646304411 -13.7015290618684 -15.6462205997029 -17.0742704110348 -21.4110049865161 -14.0713261439936 -15.5011798316145 -9.50203796250391 -3.06586268997804 -10.7226629944324 -3.85554775330754 -5.90181383925268 -1.55949253360062 
-28.6 2.92269899659959 -2.06326992534789 -7.78641309343094 -2.27334911659615 -3.37731181177985 -4.48728472186824 -12.3059071142251 -21.1944004289568 -30.2199382044873 -39.2689238291752 -51.6678464277992 -13.0016510732547 -19.1401645047038 -27.9158222107891 -13.0015969796617 -12.4176448381803 -11.884355350802 -13.863324422049 -15.8462205997034 -17.1459175596976 -21.5208567749988 -14.1047686528366 -15.5638621735842 -9.52651566465387 -3.05213575230818 -10.8560191586691 -3.9506992777245 -5.9587607238502 -1.60458732514538 
-28.4 2.91131473130235 -2.10151937710872 -7.7481636416701 -2.29677079010518 -3.43898293704972 -4.58720529889894 -12.2589147906683 -21.1091586536392 -30.0964469774089 -39.1071831503359 -51.467856297199 -12.9781499767762 -19.0784139564645 -27.8158222107889 -13.0485991726174 -12.5028964828968 -12.0078564472794 -14.0250749702873 -16.0462205997024 -17.2201810168397 -21.6333696839018 -14.1407826582179 -15.6293827589306 -9.55378679823935 -3.04115743413282 -10.9919537410813 -4.04838440837581 -6.01819640274029 -1.65006013087683 
-28.2 2.89991279444712 -2.13982820269716 -7.70985481608166 -2.32008002892901 -3.50060100146199 -4.68713218889965 -12.2121581205733 -21.0240931579557 -29.973072656137 -38.9455000034755 -51.2678643247503 -12.9547676279529 -19.0167227820528 -27.7158222107888 -13.0953638702642 -12.5879700061321 -12.1312387961031 -14.1867661446994 -16.246220599703 -17.2965174037399 -21.7480148963904 -14.1788102195296 -15.6972713013243 -9.58336651504466 -3.0324283253497 -11.1299081923939 -4.14803003409996 -6.07953320287638 -1.6959881951502 
-28 2.88848688887083 -2.17821755965199 -7.67146545912683 -2.34323398728586 -3.56214431677367 -4.78706486116615 -12.1657220158169 -20.9392676962445 -29.849857837471 -38.7838958278547 -51.0678707921746 -12.9315463418625 -18.9551121390075 -27.6158222107887 -13.141806442444 -12.6728019352668 -12.2544600821925 -14.3483767877437 -16.4462205997021 -17.3744357682909 -21.8643226178962 -14.2183392271258 -15.7671429180739 -9.61484877483939 -3.02552122818959 -11.2693698722567 -4.24910235700791 -6.14221616882912 -1.74246919327321 
-27.8 2.87702944890225 -2.21671286751232 -7.6329701512665 -2.36618135718378 -3.62358699453192 -4.88700284678474 -12.1197084179519 -20.8547587905191 -29.7268536238853 -38.6223963064086 -50.8678759628682 -12.9085369575831 -18.8936074468678 -27.5158222107887 -13.1878252110034 -12.7573160116864 -12.3774694664725 -14.509881479884 -16.6462205997028 -17.4535004809874 -21.981882638453 -14.2589086319619 -15.8386893407657 -9.64789988967087 -3.02007703516074 -11.4098772627114 -4.35111443960235 -6.20573294356361 -1.7896206050545 
-27.6 2.86553222142265 -2.2553418555394 -7.59434116323942 -2.38886626066052 -3.68490088603574 -4.98694572631563 -12.0742284794057 -20.7706498639459 -29.6041157092849 -38.4610294037812 -50.6678800722137 -12.8857949336372 -18.8322364348948 -27.4158222107886 -13.2333092588942 -12.8414290476043 -12.5002114904175 -14.6712524918561 -16.846220599702 -17.5333308985469 -22.1003420440396 -14.3001100614944 -15.9116688078061 -9.68225036868424 -3.01579852614704 -11.5510215717748 -4.45362976063867 -6.26961927657247 -1.83757989228059 
-27.4 2.85398671564599 -2.29413305152165 -7.55554996725718 -2.41123126306099 -3.74605708441845 -5.0868931206806 -12.0293965146427 -20.6870267032006 -29.4817013525574 -38.2998238510714 -50.4678833235217 -12.8633773256017 -18.771027630877 -27.3158222107886 -13.2781444749659 -12.9250554596583 -12.6226290984538 -14.8324612958746 -17.0462205997027 -17.6135985516256 -22.2194008931006 -14.3415865185909 -15.9858956921042 -9.71768605700003 -3.01244301848058 -11.6924454232364 -4.55626241611795 -6.33346073606988 -1.88650588804501 
-27.2 2.84238452861246 -2.33311468816419 -7.51656833061463 -2.43321955363028 -3.80702701163028 -5.18684468453497 -11.9853256255842 -20.6039741774996 -29.3596671902138 -38.1388080520853 -50.267885887893 -12.8413405988867 -18.7100092675196 -27.2158222107886 -13.3222179283949 -13.0081105497299 -12.7446658251678 -14.9934796592312 -17.2462205997018 -17.6940227069632 -22.3388066850807 -14.3830290372859 -16.0612305950258 -9.7540393232791 -3.0098146481171 -11.8338395057857 -4.65867486202479 -6.39689154533381 -1.93658175180296 
-27 2.83071756663412 -2.37231395906436 -7.47736905971446 -2.45477642875386 -3.86778315765403 -5.28680010145889 -11.9421247277328 -20.521574008748 -29.2380677505621 -37.9780093415335 -50.067887906441 -12.8197391406871 -18.6492085384197 -27.1158222107885 -13.365420844795 -13.0905127370301 -12.8662672833682 -15.1542803883318 -17.4462205997026 -17.7743650901443 -22.458348339162 -14.4241721495668 -16.1375713512558 -9.7911808086089 -3.00775686254674 -11.9749380349907 -4.76057412032953 -6.45959153273876 -1.98801987900999 
-26.8 2.81897818805646 -2.41175653905389 -7.43792647972494 -2.4758502477262 -3.9282995566159 -5.38675908041029 -11.8998966350043 -20.43990333603 -29.1169544978545 -37.8174535088363 -49.8678894937543 -12.7986243006661 -18.5886511184092 -27.0158222107885 -13.407650524836 -13.1721849970607 -12.9873821233884 -15.3148378083414 -17.6462205997018 -17.8544244221794 -22.5778502511865 -14.4647889016124 -16.2148451705518 -9.82901204791543 -3.00614552186374 -12.1155137659876 -4.86170727133695 -6.52128210375627 -2.04106929259907 
-26.6 2.80715929096186 -2.45146628952815 -7.39821672925067 -2.49639301939223 -3.9885520787562 -5.48672135302485 -11.8587368849061 -20.3590338354575 -28.9963752468078 -37.6571645073154 -49.6678907417591 -12.7780438016144 -18.5283608688833 -26.9158222107883 -13.4488115229397 -13.2530557456386 -13.1079626224406 -15.4751280578679 -17.8462205997025 -17.9340312134533 -22.6971667929348 -14.504685942412 -16.2930019622019 -9.86745908909124 -3.00488281256528 -12.255373079402 -4.96185683427676 -6.58172191622219 -2.09602634074731 
-26.4 2.79525436512267 -2.49146508389153 -7.35821793488729 -2.51636074911174 -4.04851860283909 -5.58668667147112 -11.8187330441395 -20.2790312003275 -28.8763738173144 -37.4971642834586 -49.4678917235389 -12.7580413903412 -18.4683596632467 -26.8158222107883 -13.4888163454862 -13.3330593625484 -13.2279650337138 -15.6351292635045 -18.0462205997025 -18.0130430771066 -22.8161774509514 -14.5436990117019 -16.3720087794518 -9.90646711197783 -3.00389204108849 -12.3943514671378 -5.0608364276499 -6.64070271523157 -2.1532500358854 
-26.2 2.78325752324054 -2.5317727025979 -7.31791031618093 -2.53571364689147 -4.10817911932519 -5.68665480666358 -11.7799642922178 -20.1999548296995 -28.7569898279801 -37.3374726754179 -49.2678924967919 -12.7386566277539 -18.408667281953 -26.7158222107883 -13.5275858706607 -13.4121365064293 -13.347349796301 -15.7948216447981 -18.2462205997024 -18.091340701875 -22.9347826944262 -14.581689017764 -16.451845271005 -9.94599598482464 -3.00311329522894 -12.5323096083927 -5.15848695019768 -6.69804561907337 -2.21318422863309 
-26 2.77116352141184 -2.57240676438971 -7.27727625438912 -2.55441626335223 -4.16751579757776 -5.78662554670796 -11.7425011494343 -20.1218576251242 -28.6382585616129 -37.1781073472589 -49.0678931068411 -12.7199247513376 -18.3493013437449 -26.6158222107883 -13.5650496234934 -13.4902343210539 -13.4660816727174 -15.9541875830063 -18.4462205997024 -18.1688245078574 -23.0529005622004 -14.6185387619546 -16.5324999959958 -9.98601664802356 -3.00249989663605 -12.6691300926273 -5.25467337264125 -6.75359797972475 -2.27639032249153 
-25.8 2.75896777443631 -2.61338267486332 -7.2363003439155 -2.57243759120988 -4.22651303590903 -5.88659869551285 -11.706405273653 -20.0447858388693 -28.5202108648844 -37.0190837400568 -48.8678935891654 -12.7018765722848 -18.2902772542185 -26.5158222107884 -13.6011459815989 -13.567306589633 -13.5841298517701 -16.1132116725326 -18.6462205997024 -18.2454119343626 -23.1704638991792 -14.6541502779862 -16.6139674571933 -10.0265081987475 -3.00201553688636 -12.8047147574642 -5.34928212700373 -6.80723082361399 -2.343596982666 
-25.6 2.74666636978327 -2.65471357954466 -7.19496943923417 -2.58975115785221 -4.28515750723268 -5.98657407151784 -11.6717292746836 -19.9687789352185 -28.4028730565522 -36.8604150270433 -48.6678939714705 -12.6845383816475 -18.2316081588998 -26.4158222107884 -13.6358223628736 -13.643313875589 -13.7014680424074 -16.2718807678513 -18.8462205997024 -18.3210353027296 -23.2874181722276 -14.6884427416718 -16.6962457312721 -10.067455568145 -3.00163200160253 -12.9389825971545 -5.44221906201343 -6.85883685394198 -2.41577854311886 
-25.4 2.7342560806901 -2.69641031987996 -7.15327269889886 -2.60633511218525 -4.34343820190103 -6.08655150652148 -11.6385165399175 -19.8938694601171 -28.2862668411156 -36.7021120712714 -48.4678942753633 -12.6679318623181 -18.1733048992351 -26.3158222107884 -13.6690354015323 -13.718223654583 -13.8180745617368 -16.4301840275159 -19.0462205997023 -18.3956401485139 -23.4037197583472 -14.7213508471208 -16.7793345826257 -10.1088476791633 -3.00132737228553 -13.0718681376075 -5.53340786213042 -6.90832891372405 -2.49428458642298 
-25.2 2.72173437795755 -2.73848139360561 -7.11120162517322 -2.62217230281018 -4.4013464662516 -6.18653084459771 -11.6068010771422 -19.8200829236162 -28.170409230889 -36.5441833873191 -48.2678945176854 -12.6520740097694 -18.1153759729608 -26.2158222107884 -13.7007511066297 -13.7920104334061 -13.9339324142855 -16.5881129537903 -19.2462205997023 -18.4691839283844 -23.5193346119433 -14.7528235532656 -16.8632339734465 -10.1506759962584 -3.00108461565502 -13.2033201818282 -5.62278883262618 -6.95563881049378 -2.5810668854658 
-25 2.70909943929018 -2.78093292336533 -7.06875009541349 -2.63725033978682 -4.45887603298797 -6.2865119410938 -11.5766073900612 -19.7474377067754 -28.0553124842886 -36.3866351109589 -48.0678947115655 -12.6369770692889 -18.0578275027205 -26.1158222107884 -13.7309449875908 -13.8646558441269 -14.049029354766 -16.7456614240305 -19.4462205997023 -18.5416350148976 -23.6342372282162 -14.7828231100191 -16.9479429026384 -10.1929333956906 -3.00089048532749 -13.3333008350781 -5.71031795611564 -7.00071640422389 -2.67910733687836 
-24.8 2.6963501540904 -2.82376864060329 -7.02591437817553 -2.65156162592761 -4.51602303636672 -6.38649466171052 -11.547950414693 -19.6759450141693 -27.9409840744444 -36.2294709838768 -47.8678948672454 -12.6226485037648 -18.0006632199585 -26.0158222107884 -13.7596021186389 -13.936148692413 -14.1633579202901 -16.9028257067925 -19.6462205997023 -18.6129718891885 -23.7484098197451 -14.8113242670721 -17.0334585187991 -10.2356132946133 -3.00073466701225 -13.4617847127474 -5.79596611654776 -7.04352884741767 -2.79330758868872 
-24.6 2.68348612227965 -2.86698988952434 -6.98269312925448 -2.66510334803407 -4.57278600739423 -6.48647888165907 -11.5208355358532 -19.6056088864085 -27.8274266977626 -36.0726923582739 -47.6678949927215 -12.6090910016069 -17.9438844688796 -25.9158222107884 -13.7867171229547 -14.0064849456498 -14.276915422448 -17.0596044578715 -19.8462205997022 -18.6831824697772 -23.8618416492549 -14.8383135987398 -17.1197754694691 -10.2787089963623 -3.00060911984017 -13.588758264364 -5.87971841924255 -7.08405990119179 -2.93260737341568 
-24.4 2.67050764435771 -2.91059566049355 -6.93908735828528 -2.67787740933824 -4.6291658396676 -6.58646448490164 -11.4952587212597 -19.5364263008457 -27.7146383412306 -35.9162982307728 -47.4678950942511 -12.5963025435453 -17.8874902398488 -25.8158222107884 -13.8122940390779 -14.0756676327422 -14.3897038805095 -17.2159986869022 -20.0462205997022 -18.7522634945702 -23.9745284450171 -14.8637888525636 -17.2068854506378 -10.3222132065618 -3.00050755907041 -13.71421912143 -5.9615735053401 -7.12230921631976 -3.11617771436085 
-24.2 2.65741570317277 -2.95458265128605 -6.89510036749278 -2.68989030631101 -4.68516572743288 -6.68645136345942 -11.4712067669131 -19.4683873557067 -27.6026124052991 -35.7602853040487 -47.2678951767346 -12.5842765251303 -17.8314772306413 -25.7158222107884 -13.8363460759078 -14.1437066603646 -14.5017298989245 -17.3720116961097 -20.2462205997022 -18.8202199482341 -24.0864718894735 -14.8877583154349 -17.2947769407476 -10.3661177058791 -3.00042506759524 -13.8381754628596 -6.04154285597636 -7.1582915761639 -3.39942951026162 
-24 2.64421193443195 -2.99894536616725 -6.85073765261158 -2.70115292988999 -4.74079106589306 -6.78643941680081 -11.4486576937256 -19.4014755676379 -27.4913379023491 -35.6046480862175 -47.0678952440222 -12.5730019548928 -17.7758399455225 -25.6158222107885 -13.858895216383 -14.210618515721 -14.6130044691621 -17.5276489812285 -20.4462205997022 -18.8870644535842 -24.1976791097048 -14.9102401059039 -17.3834350877914 -10.4104131380416 -3.00035778487658 -13.9606453066695 -6.11964998490584 -7.1920359902118 -4.18701203838018 
-23.8 2.63089858786407 -3.04367624638023 -6.80600677239859 -2.71168030395334 -4.79604932016939 -6.88642855129012 -11.4275812696981 -19.3356682633974 -27.3807997178956 -35.4493790215511 -46.8678952991428 -12.5624637153187 -17.7205708257355 -25.5158222107885 -13.8799716955311 -14.2764258750821 -14.7235427087361 -17.6829181010155 -20.6462205997022 -18.9528166488926 -24.3081621852262 -14.9312614209993 -17.4728417392853 -10.4550889093225 -3.0003026759445 -14.0816557562546 -6.19592955427722 -7.22358467937058 -3.62295625213104 
-23.6 2.61747847769948 -3.0887658365262 -6.76091718225262 -2.7214912520753 -4.85094985843732 -6.98641867970403 -11.4079396756272 -19.2709370791805 -27.2709789435328 -35.2944686570422 -46.6678953444879 -12.5526428956107 -17.6656604158815 -25.4158222107885 -13.8996133349472 -14.3411571046441 -14.8333635284441 -17.8378285108695 -20.8462205997022 -19.0175025026137 -24.4179376290932 -14.9508576845744 -17.5629755890814 -10.5001331689727 -3.00025734544869 -14.2012421482432 -6.27042635612063 -7.25299189106763 -3.28932669084763 
-23.4 2.60395492501812 -3.1342029782666 -6.71548004051222 -2.73060800968959 -4.90550375779201 -7.08640972079912 -11.3896882800506 -19.2072485418636 -27.1618532644754 -35.1399058362445 -46.4678953819498 -12.5435171790915 -17.6110975576219 -25.3158222107885 -13.9178647679856 -14.4048456794229 -14.9424892449633 -17.9923913691291 -21.0462205997021 -19.0811535936897 -24.5270258619096 -14.96907163391 -17.6538124263212 -10.5455328644721 -3.00021989920769 -14.3194471386742 -6.3431942048105 -7.28032259801748 -3.11719145590392 
-23.2 2.59033169259237 -3.17997502924134 -6.66970798953748 -2.73905578587142 -4.95972358494858 -7.18640159893042 -11.3727765150296 -19.1445647258678 -27.0533973975049 -34.9856779182993 -46.2678954130299 -12.535061281041 -17.5568696085966 -25.2158222107885 -13.9347765640866 -14.4675295264987 -15.0509451430138 -18.1466193181543 -21.2462205997021 -19.1438063449195 -24.6354506641142 -14.9859523341651 -17.7453254635048 -10.591273850681 -3.00018883444181 -14.4363197170603 -6.41429473222254 -7.30565107445441 -3.00439865854168 
-23 2.57661291461318 -3.22606809917885 -6.62361491959997 -2.74686229077701 -5.01362315979167 -7.28639424371102 -11.3571488206735 -19.0828439615742 -26.9455835632738 -34.8317710141307 -46.0678954389237 -12.527247420916 -17.5029626785342 -25.1158222107885 -13.9504042843365 -14.5292503166861 -15.1587590031388 -18.3005262482168 -21.4462205997021 -19.2055012297305 -24.7432386188627 -15.0015541490386 -17.8374857238972 -10.6373410411359 -3.0001629549592 -14.5519141767148 -6.48379612193876 -7.3290593942335 -2.92266302416892 
-22.8 2.56280302344567 -3.27246729598624 -6.57721572279258 -2.75405724315765 -5.06721730897971 -7.38638758970645 -11.3427456295651 -19.0220415736584 -26.8383819785506 -34.6781702326001 -45.8678954605857 -12.5200458145306 -17.4493618753414 -25.0158222107883 -13.9648074971077 -14.5900527262647 -15.2659606095247 -18.4541270514102 -21.6462205997028 -19.2662819679979 -24.8504185539375 -15.0159356904986 -17.9302624678636 -10.6837185882949 -3.00014130531081 -14.66628906417 -6.551771812587 -7.35063588807434 -2.86002083553027 
-22.6 2.54890667580366 -3.31915697379211 -6.53052604498671 -2.76067187399478 -5.12052161762271 -7.48638157615532 -11.3295043589863 -18.9621106252738 -26.7317613523601 -34.5248599286037 -45.6678954787835 -12.5134251701424 -17.3960515531473 -24.9158222107883 -13.9780487858834 -14.6499836928463 -15.3725812539122 -18.6074373736035 -21.8462205997021 -19.3261947312519 -24.9570209949973 -15.0291587759466 -18.0236236383446 -10.73039008097 -3.00012312018005 -14.7795061360669 -6.61829920667805 -7.37047360435915 -2.81027389727702 
-22.4 2.53492868035573 -3.36612097617956 -6.48356204259927 -2.76673843977897 -5.17355218579434 -7.5863761467144 -11.3173603838817 -18.9030026477817 -26.6256893724806 -34.3718239463367 -45.467895494129 -12.5073531749173 -17.3430155555347 -24.8158222107884 -13.9901927763344 -14.7090916856847 -15.4786532491381 -18.7604733712168 -22.0462205997028 -19.3852873729171 -25.06307763905 -15.0412874152244 -18.1175363072926 -10.7773387475306 -3.00010778435323 -14.8916293459038 -6.68345841412751 -7.38866880942154 -2.76979067897359 
-22.2 2.52087392881913 -3.41334286770033 -6.43634015107849 -2.77228975924131 -5.22632539677746 -7.68637124921829 -11.3062479629578 -18.8446683353371 -26.5201331685152 -34.2190458508505 -45.2678955071221 -12.5017969579588 -17.2902374470555 -24.7158222107884 -14.0013052102505 -14.7674260111216 -15.5842094660957 -18.9132514796952 -22.246220599702 -19.4436087023606 -25.1686208600142 -15.0523868531471 -18.211967107333 -10.8245476560502 -3.00009480135208 -15.0027238863304 -6.74733106303332 -7.40531956680619 -2.7362582064723 
-22 2.50674733231608 -3.46080614770832 -6.3888768710705 -2.77735878545884 -5.27885770300298 -7.7863668354518 -11.2961010940285 -18.7870581863998 -26.4150597395699 -34.0665091418973 -45.0678955181608 -12.4967235179748 -17.2377007270635 -24.6158222107884 -14.0114520902193 -14.8250361710984 -15.6892829060805 -19.065788199688 -22.4462205997028 -19.501207819956 -25.2736832576176 -15.0625226907346 -18.3068826360072 -10.8719999047164 -3.00008377001023 -15.1128553101514 -6.80999920684627 -7.42052443061154 -2.70811121419909 
-21.8 2.49255376365727 -3.50849444427859 -6.34118857450023 -2.78197821780028 -5.33116543191469 -7.88636286093378 -11.2868542897252 -18.7301230855262 -26.310436342126 -33.9141974478831 -44.8678955275764 -12.4921001111154 -17.1853890236338 -24.5158222107884 -14.0206989039374 -14.8819712813868 -15.7939063129392 -19.2180999031169 -22.646220599702 -19.5581335131665 -25.3782972473984 -15.0717600873748 -18.4022498214846 -10.9196787936235 -3.00007436234711 -15.2220887322735 -6.87154433239819 -7.43438125959281 -2.68424044094661 
-21.6 2.47829800761519 -3.55639168128148 -6.29329133749734 -2.78618016756409 -5.38326461868139 -7.98635928470337 -11.278443245793 -18.6738148045911 -26.206230824188 -33.7620946929422 -44.6678955356327 -12.4878945851212 -17.1332862606367 -24.4158222107884 -14.0291099559266 -14.9382795703789 -15.8981118389341 -19.3702026661148 -22.8462205997027 -19.6144337433711 -25.4824947146058 -15.0801630805765 -18.4980362447598 -10.9675679798959 -3.00006631161657 -15.3304881492448 -6.93204651236656 -7.44698620255866 -2.66383078788145 
-21.4 2.46398471858811 -3.60448222062557 -6.24520079815325 -2.78999587328588 -5.43517086374727 -8.08635606911335 -11.2708054100862 -18.6180864295402 -26.1024119097931 -33.6101852392032 -44.4678955425495 -12.4840756638094 -17.0813767999808 -24.3158222107884 -14.0367477985495 -14.9940079523458 -16.0019307602452 -19.5221121267699 -23.0462205997019 -19.6701552077897 -25.5863067183686 -15.087794005651 -18.5942104128158 -11.0156516086077 -3.00005940098436 -15.4381158587293 -6.99158368250698 -7.45843283335461 -2.64626559482937 
-21.2 2.44961838536801 -3.65275098063202 -6.1969320381468 -2.79345546379106 -5.4868992142589 -8.18635317963142 -11.2638804560676 -18.5628927155152 -25.9989494357616 -33.4584540051653 -44.2678955485051 -12.4806131838223 -17.0296455599873 -24.2158222107884 -14.0436727585244 -15.0492016723272 -16.105393240233 -19.6738433667642 -23.2462205997027 -19.7253429702488 -25.6897632408341 -15.0947130081037 -18.6907419812628 -11.0639144170483 -3.00005344941844 -15.5450319717001 -7.05023103547129 -7.46881142631285 -2.63106704535338 
-21 2.43520330471802 -3.70118352481073 -6.1484994939681 -2.79658778044118 -5.53846407508773 -8.28635058463896 -11.2576106379279 -18.5081903531968 -25.8958145292645 -33.3068865544894 -44.0678955536506 -12.4774782721797 -16.978078104166 -24.1158222107884 -14.0499425818088 -15.1039040397903 -16.2085281518748 -19.8254108225847 -23.4462205997019 -19.7800401920782 -25.7928930068422 -15.1009776857543 -18.7876019291311 -11.1123418207379 -3.00004830892939 -15.6512940543583 -7.10806057395079 -7.47820842061326 -2.61785748923347 
-20.8 2.42074356138073 -3.74976612902917 -6.09991688974965 -2.79942024260318 -5.58987914146817 -8.38634825523784 -11.2519410592555 -18.4539381703059 -25.7929797421552 -33.1554691631617 -43.8678955581045 -12.4746434806166 -16.9266607083844 -24.0158222107885 -14.0556121649358 -15.1581562271357 -16.3113629434387 -19.976828218367 -23.6462205997026 -19.8342879240252 -25.8957233430077 -15.1066428134829 -18.8847626866242 -11.1609199740126 -3.00004385798561 -15.7569568526857 -7.16514076805981 -7.48670601050423 -2.60633342557354 
-20.6 2.40624301417665 -3.79848582821983 -6.05119719055899 -2.80197875404838 -5.64115735210404 -8.48634616506437 -11.2468198598872 -18.4000972717469 -25.6904191444055 -33.0041888662214 -43.6678955619734 -12.4720828789979 -16.8753804075751 -23.9158222107885 -14.0607333681723 -15.2119971295629 -16.4139235450566 -20.1281085191756 -23.8462205997019 -19.8881249576225 -25.9982800757956 -15.1117601478895 -18.9821982200438 -11.2096358082415 -3.00003999302382 -15.8620720969189 -7.22153631310229 -7.49438185635566 -2.59624746756782 
-20.4 2.39170528905197 -3.84733043973848 -6.00235257904034 -2.80428765604898 -5.69231086562328 -8.58634429010227 -11.2421983093272 -18.3466311096683 -25.5881083708082 -32.8530334811054 -43.4678955653388 -12.4697721020353 -16.8242250190938 -23.8158222107885 -14.0653549220985 -15.2654632950077 -16.51623432202 -20.2792639076577 -24.0462205997026 -19.9415877563474 -26.1005874860392 -15.1163783350958 -19.0798840797273 -11.2584770564064 -3.00003662967008 -15.966688409163 -7.27730801382778 -7.50130894556288 -2.5873955242198 
-20.2 2.37713377598993 -3.89628857374156 -5.95339444503726 -2.80636970644839 -5.74335105002577 -8.68634260850783 -11.2380308482761 -18.2935055146141 -25.4860246417509 -32.7019916180451 -43.2678955682754 -12.4676883700414 -16.7731831530969 -23.7158222107885 -14.0695223860854 -15.3185888929977 -16.6183180540131 -20.4303057736538 -24.2462205997018 -19.9947104180728 -26.2026682817677 -15.1205428628181 -19.1777974144047 -11.3074322570807 -3.00003369634131 -16.0708512552909 -7.3325127259526 -7.50755552368424 -2.57960746175906 
-20 2.36253163070614 -3.94534962749024 -5.90433339128859 -2.80824609088199 -5.79428848820805 -8.78634110043878 -11.2342750658357 -18.2406886784251 -25.3841467518133 -32.5510526743587 -43.0678955708404 -12.4658104775388 -16.7222442068455 -23.6158222107885 -14.0732781710914 -15.3714057317524 -16.7201959465165 -20.5812447199059 -24.4462205997026 -20.0475246907127 -26.3045436081563 -15.1242960817094 -19.275916958353 -11.3564907472803 -3.00003113279223 -16.1746029661131 -7.38720338302612 -7.51318512700947 -2.57274017291585 
-19.8 2.34790177955711 -3.99450376885842 -5.8551792499204 -2.80993645559849 -5.84513299429273 -8.88633974789165 -11.2308916335564 -18.1881511047775 -25.2824550367975 -32.4002068179748 -42.8678955730883 -12.4641187602752 -16.6713983482137 -23.5158222107885 -14.0766616056179 -15.4239433076471 -16.8218876637793 -20.7320905785369 -24.6462205997018 -20.1000600191588 -26.4062330779705 -15.1276772687872 -19.3742229958879 -11.4056426434469 -3.00002888759072 -16.2779828006439 -7.44142907618867 -7.51825667880345 -2.56667233392651 
-19.6 2.33324692747374 -4.0437419096773 -5.80594110910152 -2.81145896061451 -5.89589364012763 -8.98633853454543 -11.2278441988025 -18.1358655292048 -25.1809313204059 -32.2494449607643 -42.6678955750589 -12.4625950419129 -16.6206364890326 -23.4158222107885 -14.0797090423431 -15.4762288851912 -16.9234113821423 -20.8828524377188 -24.8462205997025 -20.1523436250725 -26.5077548247031 -15.130722733882 -19.4726973078665 -11.4548788146068 -3.00002691793164 -16.3810270523924 -7.49523518711836 -7.52282464891464 -2.56130037566488 
-19.4 2.31856956763841 -4.09305567322199 -5.75662734555684 -2.81283034459498 -5.94657878765279 -9.08633744561528 -11.2250992547139 -18.0838068215715 -25.0795588492279 -32.0987587260416 -42.4678955767915 -12.4612225690023 -16.5699502525773 -23.3158222107885 -14.0824539881636 -15.5282875945563 -17.0247838550521 -21.0335386741733 -25.0462205997017 -20.2044006023229 -26.6091255654982 -15.1334659475878 -19.571323104573 -11.5041908477686 -3.00002518754877 -16.483769177168 -7.54866354834927 -7.52693924660049 -2.55653533848162 
-19.2 2.30387199268989 -4.14243735656442 -5.70724566221441 -2.8140660000093 -5.99719612640954 -9.18633646771445 -11.2226259896069 -18.031951873122 -24.978322217436 -31.9481404109073 -42.2678955783148 -12.4599859356872 -16.5193319359198 -23.2158222107885 -14.0849272547946 -15.5801425445298 -17.126020488368 -21.1841569908316 -25.2462205997025 -20.2562540280701 -26.7103606745878 -15.1359376899926 -19.6700849485557 -11.5535710084088 -3.00002366484653 -16.586239941672 -7.60175262951079 -7.53064664441996 -2.55230038433333 
-19 2.28915630726624 -4.19187988843129 -5.65780313034753 -2.81518005728453 -6.04775271555164 -9.28633558872343 -11.2203961184172 -17.9802794700654 -24.8772072825126 -31.797582944117 -42.0678955796576 -12.4588709994207 -16.4687744677865 -23.1158222107884 -14.0871571273271 -15.6318149489292 -17.2271354246343 -21.3347144589647 -25.4462205997025 -20.3079250894938 -26.8114742678784 -15.1381662195494 -19.7689686706565 -11.6030121986428 -3.00002232321366 -16.6884675922376 -7.65453774820991 -7.53398923125183 -2.5485288063228 
-18.8 2.27442444079406 -4.24137678623384 -5.60830623254498 -2.8161854706244 -6.09825502669406 -9.3863347976684 -11.2183837108128 -17.9287701646585 -24.7762010793031 -31.647079843105 -41.867895580843 -12.4578647950259 -16.418271365589 -23.0158222107884 -14.0891695361169 -15.6833242555215 -17.3281416290291 -21.4852175611622 -25.6462205997024 -20.3594332105222 -26.9124792867094 -15.1401774427753 -19.8679612818831 -11.6525079120668 -3.00002113883517 -16.7904780244088 -7.70705128257784 -7.53700586781758 -2.54516241384502 
-18.6 2.25967816132652 -4.29092210957434 -5.55876090920449 -2.81709411088109 -6.14870899029125 -9.48633408460609 -11.2165650052209 -17.8774061357262 -24.6752917270303 -31.4966251674916 -41.6678955818892 -12.4569554417069 -16.3678166889295 -22.9158222107884 -14.0909882427549 -15.7346882855 -17.4290509823481 -21.6356722378216 -25.8462205997024 -20.4107961942065 -27.0133875937342 -15.1419951031191 -19.9670508833161 -11.7020521901593 -3.00002009358712 -16.8922949716899 -7.7593229065192 -7.53973216841807 -2.54215021527775 
-18.4 2.24491908801792 -4.34051041833316 -5.50917260044566 -2.81791684927918 -6.19912003744816 -9.58633344052182 -11.2149182411824 -17.8261710629288 -24.5744683454741 -31.3462134771767 -41.4678955828154 -12.4561320592245 -16.3174049976884 -22.8158222107884 -14.0926350077196 -15.7859233592235 -17.5298743648305 -21.7860839290628 -26.0462205997024 -20.4620303416267 -27.1142100499131 -15.1436409417804 -20.0662265754566 -11.7516395735409 -3.00001916820994 -16.9939401662674 -7.81137979233706 -7.54220074547749 -2.53944731851175 
-18.2 2.23014870538645 -4.39013672474825 -5.45954629403057 -2.81866365315338 -6.24949314773745 -9.6863328572262 -11.213423467663 -17.7750499829943 -24.4737209591245 -31.1958397844119 -41.2678955836356 -12.4553846720547 -16.2670313041035 -22.7158222107884 -14.0941297820592 -15.8370444399782 -17.6306217520003 -21.9364576226477 -26.2462205997024 -20.5131506020887 -27.2149566167903 -15.1451348958274 -20.1654783688143 -11.8012650604835 -3.00001834873746 -17.0954335370183 -7.8632468566737 -7.54444150339865 -2.53701402606301 
-18 2.21536837580243 -4.43979645145636 -5.40988656732246 -2.81934366977726 -6.29983289106945 -9.78633232726631 -11.2120623752222 -17.7240291638454 -24.3730404132675 -31.0454995118468 -41.0678955843623 -12.4547041254709 -16.2166910308116 -22.6158222107884 -14.0954908752267 -15.8880652598538 -17.731302298584 -22.0867978959395 -26.4462205997024 -20.5641706951599 -27.3156364365695 -15.1464952621904 -20.2647970961527 -11.8509240611139 -3.00001762265968 -17.1967933734219 -7.91494696636834 -7.54648188638557 -2.53481506266889 
-17.8 2.20057935219847 -4.48948538878871 -5.36019762999012 -2.81996531168667 -6.35014347031119 -9.8863318438404 -11.2108181251957 -17.6730959764866 -24.2724182885763 -30.8951884498233 -40.8678955850065 -12.4540820001356 -16.1663799681439 -22.5158222107884 -14.0967351258973 -15.9389984478568 -17.8319244239193 -22.2371089586072 -26.6462205997023 -20.6151032389619 -27.4162579177039 -15.14773886866 -20.3641743272605 -11.9006123548893 -3.00001697910283 -17.2980364964652 -7.9665011520801 -7.5483471347646 -2.5328189222342 
-17.6 2.18578278995301 -4.53919965484428 -5.31048336393455 -2.82053633645582 -6.40042876113592 -9.98633140072069 -11.2096751899912 -17.6222387752265 -24.1718468212607 -30.7449027164521 -40.6678955855797 -12.4535105322468 -16.1160942341995 -22.4158222107884 -14.097878061675 -15.9898556496901 -17.9324958918081 -22.3873946925516 -26.8462205997023 -20.6659598675124 -27.51682881231 -15.148881231155 -20.4636022866622 -11.9503260482354 -3.00001640639333 -17.3991784158409 -8.01792880539944 -7.55006052202874 -2.5309973054259 
-17.4 2.17097975951947 -4.58893565305747 -5.26074736572136 -2.8210639314843 -6.45069235437759 -10.0863309921756 -11.2086191833531 -17.5714467703752 -24.0713188181962 -30.5946387151744 -40.4678955860888 -12.4529825286732 -16.0658302324127 -22.3158222107885 -14.0989340688223 -16.0406476550505 -18.0330238953817 -22.5376586943384 -27.0462205997023 -20.7167513637124 -27.6173563067231 -15.1499367291418 -20.5630737744372 -12.0000615377972 -3.00001589774196 -17.5002335052821 -8.06924789662825 -7.55164361504399 -2.52932464129454 
-17.2 2.15617125675089 -4.63869003750897 -5.21099298126985 -2.82155478331171 -6.5009375906565 -10.186330612906 -11.2076367216131 -17.5207099241837 -23.9708275875531 -30.4443931000799 -40.2678955865428 -12.4524912975762 -16.0155846168642 -22.2158222107885 -14.0999165310162 -16.0913845016959 -18.1335151264787 -22.6879043098869 -27.2462205997023 -20.7674877563478 -27.7178470838101 -15.1509187373257 -20.6625820897842 -12.0498154686927 -3.00001544418594 -17.6012151341969 -8.12047514109076 -7.55311647505537 -2.52777765685487 
-17 2.141358214516 -4.68845967389756 -5.16122334488127 -2.82201515560629 -6.55116759933967 -10.2863302579777 -11.2067152675724 -17.4700188337544 -23.8703668607353 -30.2941627368735 -40.0678955869478 -12.4520305703534 -15.9653542532528 -22.1158222107885 -14.1008379854619 -16.1420755925302 -18.2339758537015 -22.8381346734982 -27.4462205997023 -20.8181784421255 -27.8183074059764 -15.1518397867148 -20.7621209579098 -12.0995847004297 -3.00001503953438 -17.7021358286573 -8.17162619916339 -7.55449789673904 -2.52633501062069 
-16.8 2.1265415130747 -4.73824160467981 -5.11144141409902 -2.82245095882563 -6.60138533334125 -10.3863299227616 -11.2058429910623 -17.419364626462 -23.7699307226607 -30.1439446680165 -39.8678955873086 -12.4515944319179 -15.9151361840351 -22.0158222107885 -14.1017102623328 -16.1927298001834 -18.334411992137 -22.988352742716 -27.6462205997022 -20.868832288933 -27.9187431835661 -15.1527117027401 -20.8616844589894 -12.1493662707271 -3.00001467904947 -17.8030074094668 -8.22271584918986 -7.55580561598364 -2.52497695948198 
-16.6 2.11172198963322 -4.78803301696627 -5.06165000181256 -2.82286781437026 -6.65159360117234 -10.4863296028791 -11.205008640532 -17.3687388636453 -23.6695135475575 -29.9937360806269 -39.6678955876325 -12.4511772564908 -15.8649275963216 -21.9158222107885 -14.102544613187 -16.243355563324 -18.4348291675641 -23.1385613304295 -27.8462205997022 -20.9194577281477 -28.0191600350673 -15.1535457296683 -20.9612669599603 -12.1991573594115 -3.00001435544744 -17.9038411165122 -8.27375814394955 -7.55705649845648 -2.52368505847581 
-16.4 2.09690044930903 -4.83783120568109 -5.01185181309773 -2.82327112820443 -6.70179510372134 -10.5863292941429 -11.2042013956813 -17.3181334300798 -23.5691099252771 -29.8435342696317 -39.4678955879226 -12.4507736339205 -15.8147257850364 -21.8158222107885 -14.1033518583277 -16.2939609971795 -18.5352327901344 -23.2887631417147 -28.0462205997022 -20.970062871978 -28.1195633676124 -15.1543526847838 -21.0608630476547 -12.2489552583911 -3.00001406571219 -18.0046477628919 -8.32476660161362 -7.55826676740612 -2.52244189759272 
-16.2 2.08207767395652 -4.88763354390885 -4.96204947486997 -2.82366615011442 -6.75199246385909 -10.6863289925084 -11.2034107488533 -17.267540445024 -23.4687146019936 -29.6933366081204 -39.2678955881835 -12.450378310376 -15.7645281232642 -21.7158222107885 -14.1041425054166 -16.3445539824962 -18.6356281136788 -23.4389608034869 -28.2462205997022 -21.0206555963848 -28.2199584302469 -15.1551430709628 -21.1604674634612 -12.2987573359699 -3.0000138050632 -18.105437847436 -8.3757543479308 -7.55945217549516 -2.5212308486794 
-16 2.06725443224605 -4.93743744903056 -4.91224556974827 -2.82405804138315 -6.80218826024952 -10.7863286940206 -11.2026263695752 -17.2169521606242 -23.3683224124721 -29.5431405134772 -39.0678955884186 -12.4499861206194 -15.7143320283859 -21.6158222107885 -14.1049268849297 -16.3951422671311 -18.7360203034354 -23.5891568983651 -28.4462205997021 -21.0712436459066 -28.3203503848904 -15.1559272153629 -21.2600750388266 -12.3485610062136 -3.0000135701852 -18.2062216933486 -8.42673428872093 -7.56062821116396 -2.52003583995328 
-15.8 2.0524314889999 -4.98724035135615 -4.86244266742267 -2.82445193747634 -6.85238505866831 -10.886328394765 -11.2018379790905 -17.1663608678139 -23.2679282173362 -29.3929434160158 -38.8678955886315 -12.4495919252706 -15.6641349307115 -21.5158222107885 -14.1057152756273 -16.4457335601542 -18.8364144987842 -23.7393539960395 -28.6462205997021 -21.121834725968 -28.4207443672774 -15.1567153930987 -21.3596806307289 -12.3983636957903 -3.00001335743632 -18.3070095718284 -8.47771926487587 -7.56181028499293 -2.51884113926093 
-15.6 2.0376096151067 -5.03703966081362 -4.81264335796521 -2.82485301461356 -6.90258544526299 -10.9863280908171 -11.2010352171134 -17.1157587963794 -23.1675268364442 -29.2427427256663 -38.6678955888245 -12.4491905441856 -15.613934240169 -21.4158222107885 -14.1065180377975 -16.4963356317818 -18.9368158798693 -23.889554686582 -28.8462205997021 -21.1724366045757 -28.5211455553426 -15.1575179622489 -21.459279056817 -12.4481628124209 -3.00001316460944 -18.4078118370312 -8.52872222062043 -7.56301393128039 -2.5176311526822 
-15.4 2.02278959695286 -5.08683273526064 -4.76285028351818 -2.82526655309726 -6.95279205819371 -11.0863277781949 -11.2002075150781 -17.065138019897 -23.0671129855148 -29.0925358002899 -38.4678955890012 -12.4487766930796 -15.563727314616 -21.3158222107886 -14.1073457400093 -16.5469564084407 -19.0372297309752 -24.039761612135 -29.0462205997021 -21.2230572046272 -28.6215592298412 -15.1583454878535 -21.5588650292803 -12.4979557104371 -3.00001298817868 -18.5086390500131 -8.57975635915606 -7.56425499536862 -2.51639022705207 
-15.2 2.00797224689995 -5.13661684528218 -4.71306617349664 -2.82569800766581 -7.00300762278381 -11.1863274528065 -11.199343955327 -17.0144903501244 -22.9666812057206 -28.9423199104742 -38.2678955891639 -12.4483449131225 -15.5135114246374 -21.2158222107884 -14.1082092999232 -16.5976040783761 -19.1376615109321 -24.1899775021134 -29.2462205997021 -21.2737047118651 -28.7219908471006 -15.1592088850698 -21.6584330867885 -12.5477396579239 -3.00001282564388 -18.6095021218412 -8.63083532096229 -7.56554984715331 -2.5151024642358 
-15 1.99315841383032 -5.18638913875883 -4.66329388001999 -2.82615307830467 -7.05323498689932 -11.2863271103987 -11.198433129383 -16.9638072307037 -22.8662257928234 -28.7920922041002 -38.0678955893133 -12.4478895000759 -15.463283718114 -21.1158222107884 -14.1091201260173 -16.6482871979469 -19.2381169239795 -24.3402052086375 -29.4462205997028 -21.3243876812663 -28.8224461099784 -15.1601195609943 -21.7579775237224 -12.5975118013811 -3.00001267562443 -18.7104124553579 -8.68197336100233 -7.56691559371708 -2.51375153813894 
-14.8 1.97834899390182 -5.23614660473237 -4.61353641404646 -2.8266377824649 -7.10347715703308 -11.3863267465059 -11.1974629934178 -16.913079628765 -22.7657407249111 -28.6418496702144 -37.867895589454 -12.4474044320229 -15.4130411840876 -21.0158222107884 -14.1100902621224 -16.6990148000255 -19.3386019920317 -24.4904477426632 -29.646220599702 -21.375115143432 -28.9229310381176 -15.1610895571865 -21.8574923158964 -12.6472691275816 -3.00001253585141 -18.8113820876574 -8.73318552732825 -7.56837029406909 -2.51232051352836 
-14.6 1.96354494250772 -5.28588603322238 -4.56379698555644 -2.82715853537281 -7.15373733843101 -11.4863263563939 -11.1964207075085 -16.8622979143657 -22.6652195820217 -28.491589098835 -37.6678955895845 -12.446883289003 -15.3627806125776 -20.9158222107884 -14.1111325481631 -16.7497965145562 -19.4391231350524 -24.6407083141739 -29.8462205997028 -21.4258967266227 -29.0234520497984 -15.1621317118872 -21.9569710416678 -12.697008424863 -3.00001240464277 -18.912423852246 -8.7844878634269 -7.5699332016781 -2.51079167098289 
-14.4 1.9487472865585 -5.33560397396121 -4.51407904481761 -2.8277222325038 -7.20401897630083 -11.5863259350025 -11.1952924705902 -16.8114517367086 -22.5646554636258 -28.3413070397003 -37.4678955897109 -12.4463191704807 -15.3124985533164 -20.8158222107884 -14.1122607852069 -16.8006426923389 -19.5396872535739 -24.7909903734343 -30.046220599702 -21.4767427787935 -29.124016042708 -15.1632598233191 -22.0564067976592 -12.7467262401155 -3.00001227915645 -19.0135515422866 -8.83589761272867 -7.57162501024066 -2.50914633158465 
-14.2 1.93395713854989 -5.38529668912733 -4.4643863296515 -2.82833634405179 -7.25432580301493 -11.6863254768828 -11.1940633313741 -16.7605298823264 -22.4640408940775 -28.1909997549858 -37.2678955898304 -12.4457046008129 -15.2621912684826 -20.7158222107884 -14.1134899245432 -16.8515645468413 -19.6403018232424 -24.941297658269 -30.2462205997027 -21.5276645130972 -29.2246304921779 -15.1644888424568 -22.155792107913 -12.7964188352031 -3.00001215907801 -19.1147801033045 -8.88743345858042 -7.57346814092668 -2.50736469004327 
-14 1.91917571063459 -5.43496010606645 -4.41472291271237 -2.82900900942508 -7.30466188532735 -11.7863249761343 -11.1927169992481 -16.7095201332612 -22.3633677280732 -28.0406631720424 -37.0678955899479 -12.4450314346912 -15.2118546854217 -20.6158222107884 -14.114836256786 -16.9025742960232 -19.7409749893634 -25.091634241329 -30.4462205997019 -21.5786741455656 -29.3253035415853 -15.165835057986 -22.2551188251944 -12.8460821355455 -3.00001204248119 -19.2161258180852 -8.93911575642203 -7.57548702182878 -2.50542564347056 
-13.8 1.90440433078948 -5.48458976297227 -4.36509325580656 -2.82974914581535 -7.35503167862344 -11.8863244263362 -11.1912356269861 -16.6584091040934 -22.2626270419996 -27.890292829063 -36.8678955900626 -12.4442907485028 -15.1614843423275 -20.5158222107884 -14.1163176291634 -16.9536853253065 -19.8417156755525 -25.242004584424 -30.6462205997027 -21.6297850593867 -29.4260441123122 -15.1673163149013 -22.3543780236593 -12.8957116771045 -3.00001192713446 -19.3176065252024 -8.9909668066334 -7.57770841513472 -2.5033066322341 
-13.6 1.88964446065074 -5.53418074896278 -4.31550226981604 -2.83056656796986 -7.40544008676846 -11.9863238204717 -11.1895995710639 -16.6071820621807 -22.1618090140964 -27.7398838151693 -36.6678955901784 -12.4434727204838 -15.111075328318 -20.4158222107885 -14.1179536852006 -17.0049123673341 -19.9425337035707 -25.3924135984327 -30.8462205997019 -21.6810119863937 -29.5268620253098 -15.1689522559178 -22.4535598807347 -12.9453025481894 -3.00001181222885 -19.4192418603545 -9.04301115579495 -7.58016177830537 -2.50098348810937 
-13.4 1.87489771450782 -5.58372764026368 -4.26595537851514 -2.83147211574792 -7.45589252584742 -12.0863231508516 -11.1877871363829 -16.5558227361988 -22.0609027968136 -27.5894307065856 -36.4678955902938 -12.4425665030856 -15.060622219619 -20.3158222107885 -14.1197661199977 -17.0562716934322 -20.0434399209697 -25.5428667071325 -31.0462205997026 -21.7323711963756 -29.6277681265926 -15.1707645745988 -22.5526535473365 -12.9948493234903 -3.00001169622884 -19.5210535094154 -9.09527591355493 -7.58287964476484 -2.49843029069982 
-13.2 1.86016588087659 -5.6332244277255 -4.21645859105332 -2.83247779900163 -7.50639499656295 -12.186322409029 -11.1857742863489 -16.5043130987029 -21.9598963718559 -27.4389274941661 -36.2678955904125 -12.4415600780093 -15.0101190070808 -20.2158222107885 -14.1217789701497 -17.1077813310459 -20.1444463460452 -25.6933699196699 -31.2462205997019 -21.7838807161146 -29.7287744337934 -15.172777306876 -22.6516470045033 -13.0443459931953 -3.00001157847199 -19.6230654998699 -9.14779111654766 -7.58589806029536 -2.49561924361105 
-13 1.84545094564601 -5.68266443905436 -4.16701857972447 -2.83359695302765 -7.55695416191782 -12.2863215857127 -11.1835343317863 -16.4526331328115 -21.8587763946356 -27.2883675056169 -36.0678955905345 -12.440440100667 -14.9595590184097 -20.1158222107885 -14.124018924835 -17.1594612970601 -20.2455663233883 -25.8439299083418 -31.4462205997026 -21.8355605593756 -29.8298942883832 -15.1750171388081 -22.7505269045305 -13.0937858818937 -3.0000114558415 -19.7253045084857 -9.20059011383461 -7.58925704625384 -2.49252056714572 
-12.8 1.83075511915922 -5.73204024782335 -4.11764277095547 -2.83484442044549 -7.60757743810465 -12.3863206706685 -11.1810375669907 -16.400760559247 -21.757528012302 -27.1377433145144 -35.8678955906629 -12.439191718205 -14.9089348271787 -20.0158222107885 -14.1265156897582 -17.2113338707523 -20.3468147058495 -25.994554099572 -31.6462205997018 -21.8874330053963 -29.9311425431729 -15.1775137760598 -22.8492783945247 -13.1431615631188 -3.00001132829766 -19.8278002306933 -9.25371002727316 -7.59300115092301 -2.48910242832587 
-12.6 1.81608086464075 -5.78134357796153 -4.06833944081729 -2.83623674212337 -7.65827308992071 -12.4863196526227 -11.1782508876772 -16.3486705497952 -21.6561346727122 -26.9870466447863 -35.6678955907967 -12.4377983784814 -14.8582381573169 -19.9158222107885 -14.1293023692063 -17.2634238803385 -20.4482080455739 -26.1452507694346 -31.8462205997026 -21.9395228805073 -30.0325357484221 -15.1803003210327 -22.9478849204603 -13.1924647589163 -3.00001119395697 -19.9305857576204 -9.30719222406206 -7.59718001757412 -2.48533089809027 
-12.4 1.80143093112747 -5.83056519311062 -4.01911782566821 -2.83779237835773 -7.70905034130416 -12.5863185191553 -11.1751373484165 -16.2963353953854 -21.5545779031532 -26.8362682600783 -35.4678955909396 -12.4362416087796 -14.807459772466 -19.8158222107885 -14.1324159086091 -17.3157590348905 -20.5497648152749 -26.2960291542847 -32.0462205997018 -21.9918578929462 -30.1340923760101 -15.1834137183224 -23.0463280087875 -13.2416862320944 -3.00001105198602 -20.0336980214427 -9.3610828727353 -7.60184905109789 -2.48116996260531 
-12.2 1.78680838928267 -5.87969477629498 -3.96998824248384 -2.83953194942635 -7.75991949555714 -12.6863172565926 -11.1716556813054 -16.24372414509 -21.4528370696735 -26.6853978434142 -35.2678955910911 -12.4345007751483 -14.7565893556503 -19.7158222107885 -14.1358975758724 -17.3683702853382 -20.6515056489069 -26.4468995711011 -32.2462205997025 -22.0444689911402 -30.2358330573885 -15.1868952333321 -23.1445870230549 -13.2908156631774 -3.00001089988465 -20.1371782738897 -9.41543354199794 -7.60707013717654 -2.47658158693612 
-12 1.77221667222148 -5.92872079275432 -3.92096222602451 -2.84147850980914 -7.81089207239927 -12.7863158498941 -11.1677597473071 -16.1908021946323 -21.3508891027564 -26.5344238600378 -35.0678955912554 -12.432552808067 -14.7056153721097 -19.6158222107885 -14.1397935100343 -17.4212922359594 -20.7534536159875 -26.597873554641 -32.4462205997017 -22.0973907783129 -30.3377808610206 -15.1907910040455 -23.2426388926886 -13.3398415163518 -3.00001073659967 -20.2410726379046 -9.47030188955348 -7.61291246827236 -2.47152585545554 
-11.8 1.7576596203553 -5.97763033927292 -3.87205267950591 -2.84365784941816 -7.8619809585269 -12.8863142825403 -11.1633979335564 -16.1375308343631 -21.2487081959686 -26.3833334067314 -34.8678955914303 -12.4303719011042 -14.6545249186283 -19.5158222107886 -14.1441553239606 -17.4745635964043 -20.855634522951 -26.7489640081231 -32.6462205997025 -22.1506619630757 -30.4399615923019 -15.1951526422897 -23.3404578102193 -13.3887508873639 -3.00001056109316 -20.3454327087949 -9.52575241392524 -7.61945344612591 -2.46596119088177 
-11.6 1.74314153128034 -6.02640897656158 -3.82327404221724 -2.84609882872487 -7.91320057512228 -12.9863125364244 -11.1585124829023 -16.0838667464202 -21.1462654707371 -26.2321120442112 -34.6678955916215 -12.4279291756814 -14.6033035559168 -19.4158222107884 -14.1490407748059 -17.5282276845383 -20.9580772483737 -26.9001853708344 -32.8462205997025 -22.2043258600844 -30.5424041265992 -15.2000379020097 -23.4380148938625 -13.4375293337184 -3.00001037015901 -20.4503162223988 -9.58185729024081 -7.62677968515243 -2.4598446710755 
-11.4 1.728667216752 -6.07504053783215 -3.77464248094667 -2.84883376150053 -7.9645670691685 -13.0863105917411 -11.1530387281903 -16.0297614304378 -21.0435285934841 -26.0807436056876 -34.4678955918274 -12.4251922982225 -14.5519351171873 -19.3158222107884 -14.1545145297237 -17.5823330007266 -21.0608141258325 -27.0515538095638 -33.0462205997024 -22.2584309704888 -30.6451407982743 -15.2055114511436 -23.5352778108256 -13.486160689411 -3.00001016458101 -20.5557878268498 -9.63869733342055 -7.63498816706199 -2.45313246481668 
-11.2 1.71424206386837 -6.12350692322981 -3.72617609554901 -2.85189882586349 -8.01609851892912 -13.1863084268994 -11.1469042700048 -15.9751605868546 -20.9404613645032 -25.9292099913091 -34.2678955920512 -12.4221250690178 -14.500401502585 -19.2158222107884 -14.160648988133 -17.6369338445336 -21.1638813550372 -27.2030874241662 -33.2462205997024 -22.3130315905441 -30.7482078037272 -15.2116456858012 -23.632210358093 -13.5346268512807 -3.00000994105306 -20.6619198966653 -9.69636301783915 -7.64418746608255 -2.44578037921349 
-11 1.69987210563704 -6.17178786273916 -3.67789515603966 -2.85533453838265 -8.06781517095763 -13.2863060184373 -11.1400280282845 -15.920003405625 -20.8370232437642 -25.7774909310608 -34.0678955922935 -12.4186869480365 -14.4486824420944 -19.1158222107884 -14.1675252300956 -17.6920910260055 -21.2673194760185 -27.3548064846568 -33.4462205997024 -22.3681885297402 -30.8516456824327 -15.2185216854879 -23.7287719950782 -13.5829075487565 -3.00000969901957 -20.7687934878904 -9.75495566955405 -7.65449917828847 -2.43774455635355 
-10.8 1.68556409758276 -6.2198606587938 -3.62982235998502 -2.85918626880742 -8.11973969743704 -13.3863033409713 -11.1323192127658 -15.8642217940515 -20.7331688361362 -25.6255637273781 -33.8678955925561 -12.4148325401458 -14.396755238149 -19.0158222107884 -14.175234045877 -17.7478726378415 -21.3711738839092 -27.5067336886021 -33.6462205997024 -22.4239698789979 -30.955499827745 -15.226230238691 -23.8249173248718 -13.6309800824955 -3.00000943670387 -20.8764993636271 -9.81458874923693 -7.66605946191633 -2.4289823045712 
-10.6 1.67132560364371 -6.26769989767737 -3.58198312110145 -2.86350481724541 -8.1718974847586 -13.4863003671765 -11.123676168585 -15.8077395109872 -20.6288473141883 -25.4734029665466 -33.6678955928411 -12.410511017913 -14.3445944770326 -18.9158222107884 -14.1838770903427 -17.8043549211908 -21.475495406142 -27.6588944497185 -33.8462205997024 -22.4804518774312 -31.0598210650619 -15.2348729982407 -23.9205955180079 -13.678819036748 -3.00000915207286 -20.9851391493823 -9.87538929610782 -7.67902076990404 -2.41945308046097 
-10.4 1.65716509128652 -6.31527712995134 -3.53440588882748 -2.86834705333381 -8.22431695312097 -13.5862970678128 -11.1139850979886 -15.7504712081169 -20.5240017790439 -25.3209801991283 -33.4678955931489 -12.4056654824609 -14.2921717093066 -18.8158222107885 -14.1935681612468 -17.8616232243689 -21.580340941594 -27.8113172174446 -34.0462205997023 -22.5377198729828 -31.1646662928875 -15.2445637615184 -24.0157496752371 -13.7263959617032 -3.00000884475409 -21.0948266132959 -9.93749952774821 -7.69355376927007 -2.40911961796128 
-10.2 1.6430920358398 -6.36256051990952 -3.4871224988693 -2.87377661742289 -8.27702990716823 -13.6862934118183 -11.1031186581523 -15.6923213783224 -20.4185685592913 -25.1682635894175 -33.2678955934798 -12.4002322623773 -14.2394550992648 -18.7158222107885 -14.2044346014141 -17.9197730544943 -21.6857741616777 -27.9640338274864 -34.2462205997023 -22.5958693722397 -31.2700991821025 -15.255429870817 -24.1103161246157 -13.7736790211237 -3.00000851421641 -21.2056890666004 -10.0010785910937 -7.70984944265779 -2.39794918932663 
-10 1.62911703523605 -6.40951446006238 -3.44016855871644 -2.87986469178148 -8.33007192167968 -13.7862893664826 -11.090934419119 -15.6331831991362 -20.3124764399522 -25.0152175299256 -33.0678955938351 -12.394140142683 -14.1864090394177 -18.6158222107885 -14.2166188408026 -17.9789112340357 -21.7918662813719 -28.1170798873335 -34.4462205997023 -22.6550071966374 -31.3761909466531 -15.2676137550619 -24.2042236501331 -13.8206326064882 -3.00000815942799 -21.3178689055092 -10.0663044898504 -7.72812140126127 -2.38591498715655 
-9.80000000000004 1.61525193548005 -6.45609914958161 -3.39358386919721 -2.88669084398568 -8.38348276340311 -13.8862848977252 -11.077273177576 -15.5729372680739 -20.2056458193707 -24.8618022198248 -32.8678955942151 -12.3873095217215 -14.1329937289369 -18.5158222107885 -14.2302800827257 -18.039157165478 -21.8986969023334 -28.2704951978142 -34.6462205997023 -22.7152527481843 -31.4830211877192 -15.2812746170896 -24.2973926496561 -13.867216916492 -3.00000777991262 -21.4315252987799 -10.1333761936012 -7.74860841549315 -2.37299760070732 
-9.60000000000004 1.60150996642733 -6.50227013810454 -3.34741288067428 -2.89434393972008 -8.43730684766044 -13.9862799705055 -11.061957132072 -15.511450234047 -20.0979877968209 -24.7079732087521 -32.6678955946194 -12.3796514987674 -14.0791647174599 -18.4158222107885 -14.2455961286339 -18.1006441999092 -22.0063549252876 -28.4243242092913 -34.8462205997023 -22.7767393784451 -31.590678806503 -15.2965902588274 -24.3897342229359 -13.9133875012489 -3.00000737614652 -21.5468360132977 -10.2025159195967 -7.77157715296541 -2.35918655038517 
-9.40000000000004 1.5879058871069 -6.54797783747128 -3.30170518130754 -2.90292311987614 -8.49159372718324 -14.086274549395 -11.0447879299665 -15.4485733325748 -19.9894031959819 -24.5536809085464 -32.467895595047 -12.3710668975009 -14.0248724168266 -18.3158222107885 -14.2627653311669 -18.163521101809 -22.1149395265541 -28.5786165099245 -35.0462205997023 -22.8396158529629 -31.6992629803875 -15.3137590339785 -24.4811491947149 -13.9590947736611 -3.00000694919205 -21.6639993673386 -10.2739715742702 -7.79732510827248 -2.34448183923017 
-9.20000000000004 1.5744561393094 -6.59316700569108 -3.25651601308774 -2.91253883338783 -8.54639860891473 -14.1862685993463 -11.0255446032956 -15.3841408376841 -19.8797815328714 -24.398870077216 -32.2678955954969 -12.3614452339405 -13.9700615850464 -18.2158222107885 -14.2820086582877 -18.2279535971496 -22.2245611901145 -28.7334273417047 -35.2462205997022 -22.9040478986021 -31.8088841942465 -15.3330019113979 -24.571527081903 -14.0042834926295 -3.00000649994058 -21.783236294709 -10.3480193334215 -7.82618369920364 -2.32889547088587 
-9.00000000000004 1.56117900721802 -6.63777621060613 -3.21190680817269 -2.92331391090163 -8.60178289134358 -14.2862620866902 -11.0039814234248 -15.3179684528983 -19.7689999431706 -24.2434792826001 -32.0678955959659 -12.3506636437706 -13.9146707899615 -18.1158222107886 -14.3035718386275 -18.2941259824044 -22.3353427802843 -28.8888181367896 -35.4462205997022 -22.9702198150387 -31.9196653155982 -15.3545646229195 -24.6607450233839 -14.0488922291953 -3.00000603159138 -21.9047924935748 -10.4249663273715 -7.85852148823899 -2.31245288476147 
-8.80000000000004 1.54809477764138 -6.6817372915325 -3.16794572724632 -2.93538464276185 -8.65781470413017 -14.3862549804032 -10.979825747615 -15.2498516961621 -19.656922105508 -24.0874403640112 -31.8678955964506 -12.3385858056234 -13.8586318708879 -18.0158222107886 -14.327727514922 -18.3622427396253 -22.4474206184316 -29.0448570558633 -35.6462205997022 -23.0383360878142 -32.0317426693 -15.3787198147686 -24.7486667012759 -14.092852826161 -3.00000554763065 -22.0289405791365 -10.5051533320076 -7.89474741194829 -2.29519424243398 
-8.60000000000004 1.53522589510249 -6.72497483818444 -3.12470818059438 -2.94890182272637 -8.71456943074663 -14.4862472536716 -10.9527759347196 -15.1795643366147 -19.5433971993087 -23.93067791116 -31.6678955969474 -12.3250608989273 -13.8018694175398 -17.9158222107886 -14.3547773283143 -18.4325300996694 -22.5609455251277 -29.2016195092113 -35.8462205997022 -23.1086229513243 -32.1452670794621 -15.4057691316268 -24.8351412985426 -14.1360898767757 -3.00000505159343 -22.1559821692634 -10.5889573754819 -7.935313908771 -2.27717551261291 
-8.40000000000004 1.52259710224826 -6.7674057189188 -3.08227729986002 -2.96403169336082 -8.77213018211543 -14.5862388857747 -10.9224994581602 -15.106856979321 -19.4282589612806 -23.7731087923975 -31.4678955974506 -12.309922660396 -13.7443002982742 -17.8158222107886 -14.3850538053768 -18.5052374574664 -22.676083763659 -29.3591886284769 -36.0462205997022 -23.1813298063045 -32.2604048151766 -15.4360451058726 -24.9200025576978 -14.1785202551965 -3.0000045492799 -22.2862497756121 -10.6767941010969 -7.98071975365129 -2.25846929398788 
-8.20000000000005 1.51023555046049 -6.80893870909866 -3.04074430968017 -2.98095669152268 -8.83058817045715 -14.6862298642963 -10.8886314193836 -15.0314559503645 -19.3113249421443 -23.6146417830814 -31.2678955979546 -12.2929886407557 -13.6858332884541 -17.7158222107886 -14.4189218446574 -18.5806384869268 -22.7930177832992 -29.5176556382971 -36.2462205997022 -23.2567303322271 -32.3773383312791 -15.4699126416153 -25.0030680350236 -14.2200527423425 -3.000004046246 -22.4201082898767 -10.7691196251809 -8.03151228755584 -2.23916530931055 
-8.00000000000005 1.49817086325675 -6.84947427807571 -3.00020874070311 -2.99987587690624 -8.89004292481777 -14.786220187634 -10.8507736957889 -14.9530626577928 -19.1923960805955 -23.4551773525555 -31.0678955984516 -12.2740597787099 -13.6263688574312 -17.6158222107886 -14.4567795687491 -18.6590317799956 -22.9119466453451 -29.67712006932 -36.4462205997022 -23.335123128768 -32.496266696797 -15.5077698691792 -25.0841386769468 -14.2605878152886 -3.00000355021511 -22.5579558407778 -10.8664316071057 -8.08828870050324 -2.21937051458853 
-7.80000000000005 1.48643512505623 -6.88890462693514 -2.96077839184369 -3.0210048593028 -8.95060225607375 -14.8862098677494 -10.808495091711 -14.8713537048554 -19.0712567787987 -23.2946077018993 -30.867895598936 -12.2529204764286 -13.5657992062904 -17.5158222107885 -14.4990581733114 -18.7407407334173 -23.0330859476263 -29.8376897204606 -36.6462205997021 -23.4168315984655 -32.6174055153539 -15.5500479900172 -25.1629988914258 -14.3000176809081 -3.0000030669752 -22.7002236417315 -10.9692690591996 -8.15169580373763 -2.19920874488146 
-7.60000000000005 1.47506276544664 -6.92711407734206 -2.92256894143676 -3.04457502376305 -9.01238187094093 -14.9861989330235 -10.7613328938001 -14.7859820565376 -18.947675680074 -23.1328171527676 -30.6678955993975 -12.2293393772424 -13.5040086566974 -17.4158222107885 -14.5462203716845 -18.8261123821973 -23.1566670468132 -29.9994802700544 -36.8462205997029 -23.5022027858214 -32.7409861531168 -15.5972097269663 -25.2394173312778 -14.3382266703532 -3.00000260601337 -22.8473744439546 -11.0782104110158 -8.22242770514729 -2.17881983159919 
-7.40000000000005 1.46409029463757 -6.96397996037892 -2.88570305839991 -3.07083175570065 -9.07550448591538 -15.0861874310348 -10.7087964263825 -14.6965797060832 -18.8214074465827 -22.9696830362395 -30.4678955998325 -12.2030711433162 -13.4408745397343 -17.3158222107885 -14.5987568395363 -18.915514733086 -23.2829352807387 -30.1626143870168 -37.0462205997021 -23.5916047034801 -32.8672539538123 -15.6497457615881 -25.3131486645557 -14.3750921205943 -3.00000217321758 -22.9998989765877 -11.193869060612 -8.30122047170632 -2.15835808260039 
-7.20000000000005 1.45355584785466 -6.99937414731409 -2.85030887146473 -3.1000313817504 -9.14009829890031 -15.1861754309549 -10.6503731745214 -14.6027622672869 -18.6921958208512 -22.8050772235728 -30.2678956002306 -12.1738595171866 -13.3762687266695 -17.2158222107886 -14.6571800917964 -19.0093321722812 -23.4121469068691 -30.3272202000824 -37.2462205997029 -23.685421744958 -32.9964651822254 -15.7081686161308 -25.3839366411076 -14.410485910211 -3.00000177589914 -23.1583098310505 -11.3168857281396 -8.38884295229911 -2.13799004347372 
-7.00000000000005 1.44349848502497 -7.03316540255553 -2.81651761622329 -3.13243646550975 -9.2062946379011 -15.2861630251971 -10.5855381958465 -14.5041360333705 -18.5597783316935 -22.6388684791736 -30.06789560059 -12.1414420276695 -13.3100599819109 -17.1158222107886 -14.7220150708298 -19.1079584065561 -23.5445643963855 -30.4934289448402 -37.4462205997021 -23.7840476222504 -33.1288823147593 -15.7730032381818 -25.4515187949666 -14.4442768088286 -3.00000141927523 -23.3231320473437 -11.4479166891914 -8.48608265810909 -2.11789141565017 
-6.80000000000005 1.43395720232002 -7.06522270472051 -2.78446031405832 -3.16830916583584 -9.27422464039216 -15.3861503298532 -10.5137674048191 -14.4003079401782 -18.4238929363361 -22.4709257816513 -29.8678956009027 -12.1055566319995 -13.242117284076 -17.0158222107886 -14.7937858621707 -19.211786500062 -23.6804497920563 -30.661371642676 -37.6462205997029 -23.8878754043216 -33.2647673989954 -15.844773718088 -25.5156330881753 -14.4763337998723 -3.00000110815398 -23.4948898319059 -11.5876171715886 -8.59372583834169 -2.09824304594729 
-6.60000000000004 1.42496962294354 -7.09541964539535 -2.75426337338347 -3.20790243806851 -9.34401485329968 -15.4861374834355 -10.4345551677873 -14.2908987624715 -18.2842868179546 -22.3011227225949 -29.6678956011715 -12.0659505133492 -13.1723142247508 -16.9158222107887 -14.8729980994706 -19.3211956780367 -23.8200559107059 -30.8311747020004 -37.8462205997022 -23.9972843169686 -33.4043732523172 -15.9239856900601 -25.5760267044652 -14.5065304754874 -3.00000084309422 -23.6740889574603 -11.7366193564682 -8.71253108254607 -2.07922592417276 
-6.40000000000004 1.41657037074037 -7.12363989356981 -2.72604312520902 -3.25144910176778 -9.4157817651734 -15.5861246434837 -10.3474361607078 -14.1755595072176 -18.1407273145262 -22.1293429709921 -29.4678956013942 -12.0223910096982 -13.1005344729254 -16.8158222107887 -14.9601171067736 -19.4365349335141 -23.9636154143577 -31.0029544538267 -38.046220599703 -24.1126233525621 -33.5479325360852 -16.0111044774791 -25.6324669811537 -14.5347505040014 -3.00000062343375 -23.8611949049275 -11.8955050557609 -8.84319653366473 -2.06101523189161 
-6.20000000000004 1.40878917734517 -7.14978355533811 -2.69989946344072 -3.29914911552547 -9.48962544069939 -15.686111980778 -10.2520108079619 -14.0539904927034 -17.9930146382437 -21.9554866329413 -29.2678956015751 -11.9746783332348 -13.0266781346937 -16.7158222107888 -15.0555424596996 -19.5581039482085 -24.1113280908204 -31.1768107920577 -38.2462205997022 -24.2341921918844 -33.6956450371758 -16.1065296550332 -25.6847541294984 -14.5608939905778 -3.00000044824187 -24.0566074197758 -12.0647739088409 -8.98632172497601 -2.04377361122937 
-6.00000000000004 1.40164884349724 -7.17377402358017 -2.67590899519866 -3.35115586948466 -9.56562266290064 -15.7860996712213 -10.147972681071 -13.9259618975704 -17.8409955748687 -21.7794771013242 -29.0678956017159 -11.922659269719 -12.9506686029359 -16.6158222107889 -15.1595805867322 -19.6861325434831 -24.2633471543371 -31.3528203238164 -38.446220599703 -24.3622206521582 -33.8476639656917 -16.2105676470649 -25.7327349311233 -14.5848843239606 -3.00000031338267 -24.2606331022508 -12.2448091230739 -9.1423664709673 -2.02764402446333 
-5.80000000000004 1.39516325343175 -7.19556464931434 -2.65411836946448 -3.40756283268847 -9.64382025183863 -15.8860878858935 -10.0351351841193 -13.7913337748846 -17.6845768264487 -21.60126772717 -28.8678956018276 -11.8662405211875 -12.8724592286701 -16.515822210789 -15.2724180837948 -19.8207606662799 -24.419765902868 -31.5310296980815 -38.6462205997023 -24.496848673282 -34.0040826125496 -16.3234050424545 -25.7763160810295 -14.6066748481326 -3.00000021182047 -24.4734587123124 -12.4358441074013 -9.3116108295602 -2.01274280250871 
-5.60000000000004 1.38933570354493 -7.21514435713561 -2.63453866164322 -3.46839231143044 -9.72422943840187 -15.986076780278 -9.91345401548945 -13.6500728984334 -17.5237362421762 -21.4208474350763 -28.6678956019126 -11.8053999368301 -12.7920389364915 -16.4158222107891 -15.3940992525106 -19.9620215428169 -24.5806064872263 -31.7114499902611 -38.8462205997032 -24.6381094769787 -34.1649231240676 -16.4450861383299 -25.8154754239174 -14.6262544831993 -3.00000013906592 -24.6951287025723 -12.6379343898399 -9.4941214041779 -1.99915366262002 
-5.40000000000004 1.3841578255724 -7.23254126317765 -2.61714175560118 -3.53358820312731 -9.80682223614077 -16.0860664840589 -9.78304163972702 -13.502263616629 -17.3585300543297 -21.2382443411878 -28.467895601982 -11.7401937489143 -12.7094358425337 -16.3158222107892 -15.5245116283418 -20.1098308246901 -24.7458126751416 -31.8940530842184 -39.0462205997025 -24.7859187087969 -34.3301292619278 -16.5754984641061 -25.8502691860151 -14.643651339255 -3.00000008907954 -24.9255307321293 -12.8509395133549 -9.68972962165043 -1.98692353240914 
-5.20000000000004 1.37960934899093 -7.24782347340782 -2.601859545371 -3.60301439161391 -9.89153063485755 -16.1860570930059 -9.64417048070771 -13.3481102473795 -17.1890944748501 -21.053526551478 -28.267895602042 -11.6707581693748 -12.624718052764 -16.2158222107894 -15.663382787422 -20.2639841940005 -24.9152482546822 -32.0787708739891 -39.2462205997034 -24.9400720443441 -34.4995648077052 -16.7143695894231 -25.880833572773 -14.6589335157827 -3.0000000553771 -25.1643924663931 -13.0745190373885 -9.89802693545428 -1.97606092654031 
-5.00000000000004 1.37565882883246 -7.26109663827936 -2.58858638049947 -3.67645963308851 -9.97824904120369 -16.2860486642235 -9.497263140257 -13.1879297420572 -17.0156408046563 -20.8667997164126 -28.0678956021052 -11.5973044991181 -12.5379912176358 -16.1158222107896 -15.8102901279352 -20.4241646993853 -25.0887019249385 -32.265497709117 -39.4462205997028 -25.1002525270413 -34.673018455274 -16.8612769072489 -25.9073798798909 -14.6722066580291 -3.00000003275191 -25.4112913554363 -13.3081447615602 -10.118379494754 -1.96653727765556 
-4.80000000000004 1.37226530009502 -7.2724983941549 -2.57718462462393 -3.75364867254914 -10.0668398365399 -16.3860412154352 -9.34287016383058 -13.0221350097553 -16.8384443164788 -20.6782014723596 -27.8678956021766 -11.5201080108694 -12.4493929735116 -16.0158222107898 -15.964683104434 -20.5899594317597 -25.2658984131884 -32.4540959532425 -39.6462205997038 -25.2660472462606 -34.8502149303688 -17.0156698705926 -25.9301833785591 -14.6836084008217 -3.00000001966899 -25.6656768699915 -13.5511285202398 -10.3499614975585 -1.95829114349938 
-4.60000000000004 1.36938064616697 -7.28219040575044 -2.56749261302838 -3.83425816209429 -10.1571413376805 -16.4860347281715 -9.18163821031068 -12.8512110446398 -16.6578283397678 -20.4878934840531 -27.6678956022745 -11.4394920340609 -12.3590849851074 -15.9158222107902 -16.1259150580514 -20.7608833969726 -25.4465143899968 -32.6444039416464 -39.8462205997033 -25.4369712030197 -35.0308308987235 -17.1769018157561 -25.9495673933935 -14.6933004040606 -3.00000001131234 -25.926902327891 -13.8026619665438 -10.5918029322665 -1.95123469699686 
-4.40000000000004 1.36695235516163 -7.29034910525762 -2.5593339135212 -3.91793518890542 -10.2489770639989 -16.586029153997 -9.01427300847801 -12.6756871433 -16.4741457389208 -20.2960521836989 -27.4678956024131 -11.3558094330756 -12.267243684615 -15.8158222107905 -16.2932802600238 -20.9364072984522 -25.6301969909836 -32.8362452421404 -40.0462205997044 -25.6124950995765 -35.2145134947874 -17.3442670128057 -25.9658847876244 -14.7014590987843 -3.00000000652885 -26.1942619507657 -14.0618628899113 -10.8428451561272 -1.94526156604802 
-4.20000000000004 1.3649262879353 -7.29715639221152 -2.55252662656731 -4.0043158834742 -10.3421650455215 -16.6860244224735 -8.84150215650227 -12.4961090043703 -16.2877603130373 -20.1028594708614 -27.2678956026218 -11.2694240069837 -12.1740509715692 -15.7158222107908 -16.4660511122087 -21.1159854375909 -25.8165824170763 -33.0294379551869 -40.2462205997049 -25.7920732354127 -35.4008989175775 -17.5170378616881 -25.9794993584383 -14.7082663826443 -3.000000003435 -26.4670280681239 -14.327821720316 -11.1019966995777 -1.94025491741448 
-4.00000000000004 1.36324914303987 -7.30279135161373 -2.54689166716509 -4.09304199168109 -10.4365261131306 -16.7860204494849 -8.66404199442873 -12.3130138828946 -16.0990302321593 -19.9084944305812 -27.0678956029394 -11.1806939257887 -12.079685930972 -15.6158222107915 -16.6435112746004 -21.2990805593849 -26.0053124982724 -33.2238029957853 -40.4462205997055 -25.9751683554687 -35.5896289970357 -17.6944980223418 -25.9907692758224 -14.7139013406261 -3.00000000201459 -26.7444842557888 -14.5996429485779 -11.3681829684377 -1.93609484575625 
-3.80000000000004 1.36187040383265 -7.30742371193037 -2.54225930684845 -4.18377396637813 -10.5318904481443 -16.8860171448152 -8.48257143618543 -12.1269109643346 -15.9082949532827 -19.713126791388 -26.8678956034295 -11.0899586464228 -11.9843182912894 -15.5158222107922 -16.8249818333346 -21.4851834784357 -26.1960477776399 -33.4191706354694 -40.6462205997062 -26.1612712727693 -35.780364274653 -17.8759685793258 -26.0000339951956 -14.7185336996827 -3.00000000075453 -27.0259515081019 -14.8764778405752 -11.640385500118 -1.93266440193912 
-3.60000000000004 1.3607436856837 -7.31120931867452 -2.5384737001043 -4.2762000263627 -10.628102114873 -16.9860144182881 -8.29771386392142 -11.9382677853265 -15.7158661675304 -19.5169123988916 -26.6678956041889 -10.997529859912 -11.8881038980345 -15.4158222107932 -17.0098394063589 -21.6738266582042 -26.3884765641525 -33.6153850287262 -40.8462205997071 -26.3499144518754 -35.9727930605033 -18.0608261516878 -26.0076052087809 -14.7223193065239 -3.00000000085155 -27.3108063539362 -15.1575470796646 -11.9176691324636 -1.92985397777949 
-3.40000000000004 1.35982749868163 -7.314287571827 -2.53539544695183 -4.37004128597978 -10.7250216276426 -17.0860121842101 -8.11002687771606 -11.7475025459686 -15.5220226750201 -19.3199906532288 -26.4678956053737 -10.9036863662182 -11.7911821511882 -15.3158222107944 -17.1975263937502 -21.8645918987479 -26.5823200578487 -33.8123067755749 -41.0462205997083 -26.5406796908401 -36.1666365526204 -18.2485131375 -26.0137617146915 -14.725397559282 -3.00000000045721 -27.5984911056689 -15.4421535782455 -12.1991973778917 -1.92756404452915 
-3.20000000000004 1.35908552089677 -7.31678050771249 -2.53290251106634 -4.46505359418634 -10.8225268717346 -17.1860103641876 -7.91999862311098 -11.5549813554781 -15.327008548644 -19.1224835909672 -26.2678956072266 -10.8086722379907 -11.6936750870752 -15.2158222107959 -17.3875546502097 -22.0571130910929 -26.7773341860792 -34.0098138396909 -41.2462205997098 -26.7332008810805 -36.3616506787463 -18.4385413918549 -26.0187475862108 -14.7278904949158 -3.00000000020549 -27.8885175400002 -15.7296870766905 -12.4842379404516 -1.92570648604972 
-3.00000000000004 1.35848649500258 -7.31879314633651 -2.53088987244232 -4.56102684133293 -10.9205127575052 -17.2860088885823 -7.72804918051267 -11.3610192742557 -15.1310338287977 -18.9244962324969 -26.0678956101323 -10.7126975152406 -11.5956877257011 -15.1158222107978 -17.5795040957155 -22.2510751752227 -26.973308908833 -34.2078012010687 -41.4462205997117 -26.9271629622561 -36.5576253985459 -18.6304908344065 -26.0227728634102 -14.7299031334912 -3.00000000015692 -28.1804655069442 -16.0196224050113 -12.772160630148 -1.92420482232667 
-2.80000000000004 1.35800386874871 -7.32041469934269 -2.52926831943614 -4.65778254368007 -11.0188900128586 -17.3860076969418 -7.53453539710341 -11.1658839378403 -14.934276939376 -18.7261177900691 -25.8678956146983 -10.6159406212554 -11.4973092787097 -15.0158222108002 -17.7730178836931 -22.4462105162065 -27.170065802823 -34.4061796480649 -41.646220599714 -27.122298298764 -36.75438228806 -18.8240046179082 -26.0260159695126 -14.7315246865875 -3.00000000024697 -28.4739780988034 -16.3115134438635 -13.0624301159944 -1.92299365689586 
-2.60000000000004 1.35761527559589 -7.32172031500301 -2.52796270377581 -4.7551703531527 -11.1175834379915 -17.4860067377351 -7.33975786693184 -10.9698007920084 -14.7368881778838 -18.5274234129165 -25.6678956218854 -10.518551852579 -11.398614894373 -14.9158222108032 -17.9677954210548 -22.6422936692285 -27.3674545715054 -34.6048740324075 -41.846220599717 -27.3183814447432 -36.9517710496995 -19.0187821482271 -26.0286272009776 -14.7328303023921 -3.0000000003913 -28.7687546699122 -16.6049843993128 -13.354595455783 -1.92201761803337 
-2.40000000000004 1.35730192416304 -7.32277312958543 -2.52690988919339 -4.85306395391857 -11.2165298533398 -17.5860059676657 -7.14396913658954 -10.7729592470837 -14.5389938183767 -18.328476238827 -25.4678956332134 -10.4206574817476 -11.2996677089592 -14.815822210807 -18.1635841627289 -22.839135225485 -27.5653489423443 -34.8038212178289 -42.0462205997208 -27.5152229891227 -37.1496654086614 -19.2145708780242 -26.0307328295935 -14.7338831164255 -2.99999999984231 -29.0645426296365 -16.899719544454 -13.6482777863421 -1.92122999263729 
-2.20000000000004 1.35704793585137 -7.32362649283913 -2.52605652593969 -4.95135661051757 -11.3156758731925 -17.6860053507721 -6.94738260747429 -10.5755193547147 -14.340700562754 -18.1293296199506 -25.2678956510834 -10.3223642082598 -11.2005210722177 -14.7158222108117 -18.3601707097188 -23.0365751357287 -27.7636422158416 -35.0029678545799 -42.2462205997255 -27.7126628812372 -37.3479586640297 -19.411157406885 -26.0324395558417 -14.7347364794201 -2.99999999958313 -29.3611285415986 -17.1954520931631 -13.9431569717972 -1.92059117395749 
-2.00000000000004 1.35683963609699 -7.32432634928123 -2.5253566694976 -5.04995640431849 -11.4149755234355 -17.7860048574573 -6.75018206145146 -10.3776189522498 -14.142100303847 -17.9300295046015 -25.0678956792921 -10.22376392115 -11.1012209286658 -14.6158222108177 -18.5573712839563 -23.2344755664083 -27.9622425029634 -35.2022679981438 -42.4462205997314 -27.9105632839482 -37.5465589231827 -19.6083579531539 -26.0338392689659 -14.7354363361022 -2.9999999998232 -29.6583285945471 -17.4919522896687 -14.238957311861 -1.92006695087456 
-1.80000000000004 1.35666477834457 -7.32491384553082 -2.52476917324801 -5.14878101790211 -11.5143876332687 -17.8860044635401 -6.55253209099663 -10.1793814855454 -13.943275340893 -17.7306170453979 -24.867895723839 -10.1249389136567 -11.0018084249229 -14.5158222108252 -18.7550212989655 -23.4327130776671 -28.1610675104717 -35.4016805019017 -42.6462205997389 -28.1088007508777 -37.7453838863618 -19.8060079238337 -26.0350142616827 -14.7360238325694 -3.00000000004074 -29.9559781713018 -17.7890143701746 -14.535431896117 -1.9196265996757 
-1.60000000000004 1.35651164383489 -7.32542835488981 -2.52425466388901 -5.24775168502398 -11.6138728097496 -17.9860041493799 -6.35459019878351 -9.98092508397327 -13.7443044299619 -17.5311316251078 -24.6678957941899 -10.0259679323841 -10.9023229342913 -14.4158222108347 -18.9529632615389 -23.6311695495995 -28.3600384917631 -35.6011659925521 -42.8462205997484 -28.3072571519996 -37.9443547968427 -20.0039498155966 -26.036043279941 -14.7365383414687 -2.99999999958107 -30.2539197488955 -18.0864414384086 -14.8323444549923 -1.91924064124001 
-1.40000000000004 1.35636792089099 -7.3259112427764 -2.52377177600243 -5.34678565897008 -11.7133896715823 -18.0860038990992 -6.15652186138871 -9.78237385869189 -13.5452703167939 -17.3316146240532 -24.4678959052487 -9.9269337081692 -10.8028058221898 -14.3158222108466 -19.1510317100044 -23.8297208859516 -28.5590727160018 -35.8006831046774 -43.0462205997602 -28.5058083775656 -38.1433889102953 -20.202018153276 -26.0370090559869 -14.737021229628 -2.99999999985379 -30.5519878362819 -18.3840266379092 -15.129446766606 -1.91887802538371 
-1.20000000000004 1.35621921619168 -7.32641086862616 -2.52327215015267 -5.44578620808279 -11.8128898465448 -18.1860036999114 -5.95852053994991 -9.58387291140333 -13.3462697436556 -17.1321144250652 -24.2678960804109 -9.82793295988364 -10.7033054480545 -14.2158222108615 -19.3490332066203 -24.0282220084172 -28.7580734643172 -36.0001834788425 -43.2462205997751 -28.7043093246523 -38.3423894832317 -20.400019474513 -26.0380083074696 -14.737520855261 -2.99999999963701 -30.8499889583166 -18.6815281340933 -15.4264486369407 -1.91850236729087 
-1.00000000000004 1.35604700149452 -7.3269894846 -2.52269353417882 -5.54462881777544 -11.9123110722113 -18.2860035415518 -5.76083527963449 -9.38560903511406 -13.1474272513925 -16.9326933168282 -24.0678963562001 -9.72909019185005 -10.6038840640471 -14.1158222108802 -19.5467187427436 -24.2264861605144 -28.9569162323882 -36.1996048628873 -43.4462205997938 -28.9025732012513 -38.5412319758046 -20.5977047351382 -26.0391655397084 -14.7380994715259 -2.99999999992807 -31.147674060563 -18.9786346203666 -15.7229765072398 -1.91806673944972 
-0.800000000000041 1.3558257425484 -7.32773288201433 -2.5219501367645 -5.6431418971962 -12.0115675490464 -18.3860034158012 -5.5638093022625 -9.18783966032774 -12.9489144791918 -16.7334371472132 -23.8678967891708 -9.63057698670213 -10.5046274614848 -14.0158222109037 -19.7437451531097 -24.4242559682948 -29.1554294375829 -36.3988614654964 -43.6462205998172 -29.1003425757765 -38.7397447477441 -20.7947307122491 -26.0406523342525 -14.7388428686557 -2.99999999964356 -31.4446999119003 -19.2749170742888 -16.0185155637481 -1.91750636003508 
-0.600000000000041 1.35551898028825 -7.32876355794864 -2.52091946083018 -5.74108044561906 -12.1105367734035 -18.4860033160927 -5.36793268258955 -8.99093236472048 -12.7509765076503 -16.5344684997373 -23.6678974657606 -9.53263833859978 -10.4056581374481 -13.9158222109327 -19.9396224494024 -24.6211639405218 -29.3533680857442 -36.597830789592 -43.8462205998471 -29.2972498720951 -38.9376827199971 -20.9906073326333 -26.0427136868033 -14.7398735452722 -3.00000000032571 -31.7405764325467 -19.5697629190013 -16.3123307325262 -1.9167285690745 
-0.400000000000041 1.35507431172118 -7.33025757872747 -2.51942544005136 -5.83809232515512 -12.2090426737184 -18.5860032371864 -5.17390981543903 -8.79541547679114 -12.5539655989421 -16.3359635702503 -23.4678985154948 -9.43562638019367 -10.3071521582632 -13.8158222109689 -20.1336463663225 -24.8166818782207 -29.550380044222 -36.7963367688487 -44.0462205998826 -29.4927667593601 -39.1346936280409 -21.1846301991195 -26.0457017276603 -14.7413675653504 -2.99999999962511 -32.0345992200903 -19.8622916857661 -16.6033654785118 -1.91559988624592 
-0.200000000000041 1.35441780547444 -7.33246334285539 -2.51721967592343 -5.93368073461684 -12.3068368473081 -18.6860031749039 -4.98273448316661 -8.60203438039079 -12.3583787384138 -16.1381709455941 -23.2679001267106 -9.34003790849415 -10.2093579224358 -13.7158222110136 -20.3248233098562 -25.0100645858823 -29.7459685160115 -36.9941310047661 -44.2462205999279 -29.6861478562561 -39.3302804890648 -21.3758055318876 -26.0501132563672 -14.7435733299293 -3.00000000007613 -32.3257744905313 -20.1512611920792 -16.8901292206973 -1.91393137765881 
-4.1133763062362e-14 1.35344956018162 -7.33571650418409 -2.51396651459474 -6.02717436296316 -12.4035836369831 -18.7860031259076 -4.79574956326713 -8.41179629916262 -12.164887495857 -15.9414265417086 -23.0679025614964 -9.24654423120592 -10.1126110838188 -13.6158222110679 -20.511810664595 -25.2003051019499 -29.9394621934077 -37.190877843491 -44.4462205999815 -29.8763859378406 -39.523771731978 -21.5627904521434 -26.0566195793265 -14.74682649156 -3.00000000037808 -32.6127593617365 -20.4349929019556 -17.1706077692447 -1.91146642221174