pO2 mew_e electrons holes VO{2} VO{1} VO{0} VM{-4} VM{-3} VM{-2} VM{-1} VM{0} Oi{-2} Oi{-1} Oi{0} Mi{4} Mi{3} Mi{2} Mi{1} Mi{0} Csi{0} Csi{-1} Csi{1} CssubZr{-5} CssubZr{-4} CssubZr{-3} CssubO{1} CssubO{2} CssubO{3} Stoich
-35 3.26550818174536 -0.911481641427158 -8.93820137735167 -1.40520769009637 -1.35738210135935 -1.315566727527 -14.0983686462545 -24.1386502449069 -34.3159763043582 -44.5167502129668 -58.0674610955115 -13.8980745138474 -21.1883762292172 -31.1158222192232 -11.2087501237778 -9.47300969837571 -7.78793192707667 -8.61511271440301 -9.44622060813661 -19.0641898696731 -22.2873408010536 -17.1748292467328 -18.1228077232343 -13.2372494982247 -7.91465786979973 -10.7543617497901 -5.00083015276614 -8.16067988281218 -0.102540750267504 
-34.8 3.25473261102837 -0.947685969205329 -8.90199704957349 -1.42879247226609 -1.41717121130724 -1.41156016525307 -14.0431859589656 -24.0472632298399 -34.188384961513 -44.3529545423433 -57.8674610971099 -13.8704831671857 -21.1245805547774 -31.0158222170052 -11.2639328104478 -9.56439671282392 -7.91552326930305 -8.77890838440755 -9.64622060591933 -19.0407912605906 -22.3001465197492 -17.1152263098721 -18.0804307568591 -13.1586682040712 -7.79987224786811 -10.7907522528734 -5.00101632807132 -8.12466173033958 -0.163805022578094 
-34.6 3.24396248106348 -0.983872016859206 -8.86581100191962 -1.45304179942432 -1.47760658611935 -1.50818158771905 -13.9879301516786 -23.955821374899 -34.0607570589182 -44.1891405920947 -57.6674610992074 -13.8428552608642 -21.060766600802 -30.9158222153759 -11.3191886182023 -9.65583856823221 -8.04315117236522 -8.9427223351236 -9.84622060428925 -19.0167802984822 -22.3123216052947 -17.0550293001099 -18.0373500367469 -13.0794014363052 -7.68441943244821 -10.8271766672065 -5.00125469475052 -8.08871404936452 -0.223709851769603 
-34.4 3.23320737906067 -1.02000757277768 -8.82967544600114 -1.47791337738865 -1.53861372000215 -1.60532427752033 -13.932472378106 -23.8642280454079 -33.9330281735087 -44.0252761507667 -57.4674611019609 -13.8151263715021 -20.9969021555214 -30.815822214177 -11.3746463933301 -9.74743189927852 -8.17088005933001 -9.10658677800687 -10.046220603091 -18.9922155099966 -22.3238923727276 -16.9943289557058 -17.9934630318062 -12.999378875446 -7.56826131567054 -10.8636190138027 -5.00156148542825 -8.05288528412415 -0.282190475861145 
-34.2 3.22247447000711 -1.05606856366105 -8.79361445511778 -1.50336715585675 -1.60012848935361 -1.70290003775516 -13.8767163452644 -23.7724110216829 -33.8051501589003 -43.861337145275 -57.2674611055858 -13.7872483523852 -20.9329631455212 -30.7158222132933 -11.4304024289122 -9.83924892574399 -8.29875807667884 -9.27052578623906 -10.2462206022066 -18.9671586260307 -22.3348964796451 -16.9332110808566 -17.9487111067657 -12.9185659595221 -7.45138740886328 -10.9000769000719 -5.00195838081407 -8.01722118862623 -0.339211909857816 
-34 3.21176895335429 -1.09203752011941 -8.75764549865941 -1.52936531041746 -1.66209560037269 -1.80083610523261 -13.8205921758729 -23.6803178958331 -33.6770880765921 -43.6973061065084 -57.0674611103608 -13.7591862646499 -20.8689321013275 -30.6158222126413 -11.4865266024274 -9.93134205571761 -8.42682016311083 -9.43455682912942 -10.4462206015553 -18.9416761838202 -22.3453829938929 -16.8717596821876 -17.903073452274 -12.8369593485721 -7.33381184145488 -10.9365615695324 -5.00247409381625 -7.98176794517043 -0.39476461907089 
-33.8 3.20109444861589 -1.12790228112085 -8.72178073765797 -1.55587218866665 -1.72446723962332 -1.89907250548467 -13.7640512261797 -23.5879121851385 -33.548817604896 -43.5331708738109 -56.8674611166619 -13.730915786171 -20.8047968618472 -30.5158222121595 -11.5430675579401 -10.0237477722317 -8.55509064062635 -9.59869206764638 -10.6462206010737 -18.9158418800187 -22.3554134510929 -16.8100606173848 -17.8565629602624 -12.7545840955591 -7.21557182744043 -10.973098905463 -5.00314666874579 -7.94657575909815 -0.448860414668555 
-33.6 3.19045331658742 -1.16365491474072 -8.6860281040381 -1.58285423281163 -1.78720191738817 -1.99755981686939 -13.7070617689804 -23.4951700943192 -33.4203228804569 -43.3689235157519 -56.6674611249831 -13.7024210530548 -20.7405494951111 -30.4158222118036 -11.6000570231046 -10.1164898710161 -8.68358537303062 -9.76293943367052 -10.8462206007177 -18.8897402254884 -22.3650644301824 -16.7482063292346 -17.8092244825086 -12.6714929841854 -7.09672808244683 -11.0097319290539 -5.00402705871604 -7.91170351544891 -0.501528616046394 
-33.4 3.17984692407344 -1.19929082871738 -8.65039219006144 -1.61027988758649 -1.85026348613969 -2.09625729959757 -13.6496054358818 -23.402077847244 -33.2915947194051 -43.2045594407234 -56.4674611359779 -13.6736928807449 -20.6761854088245 -30.3158222115403 -11.6575133669347 -10.2095821288228 -8.81231354481399 -9.92730351943055 -11.0462206004544 -18.8634701500256 -22.3744302686963 -16.6863003397951 -17.7611339881872 -12.5877665758873 -6.9773657601721 -11.0465234226055 -5.00518263829174 -7.87722318104756 -0.552812515819702 
-33.2 3.16927585997553 -1.23480804442844 -8.61487497435038 -1.63811949859105 -1.91362031285532 -2.19513134202426 -13.591674313255 -23.3086295089061 -33.1626291653561 -43.0400766709634 -56.2674611505068 -13.6447273119722 -20.6117026243407 -30.2158222113455 -11.7154445038956 -10.3030304814948 -8.94127911319701 -10.0917863035246 -11.2462206002595 -18.8371510102422 -22.3836283446239 -16.6244639843006 -17.7124009416828 -12.5035163136719 -6.85759828224565 -11.0835611097329 -5.00670310970736 -7.8432264367525 -0.602766175586628 
-33 3.15874011020401 -1.2702066092131 -8.57947640956572 -1.66634520476605 -1.97724458381497 -2.29415417776857 -13.5332685915835 -23.21482522245 -33.0334263141153 -42.8754752549379 -56.0674611696967 -13.6155244413973 -20.5471011889812 -30.1158222112012 -11.7738502446127 -10.3968347869965 -9.07048198348344 -10.2563877385957 -11.4462206001153 -18.8109292983676 -22.392805197534 -16.5628437076414 -17.6631720730657 -12.4188888802701 -6.73757228405916 -11.1209636689619 -5.00870710415238 -7.80983186641249 -0.651451571880466 
-32.8 3.14823919796436 -1.30548812503061 -8.54419489374821 -1.69493082629453 -2.04111172116096 -2.39330283093207 -13.4743946801693 -23.1206697952183 -32.9039893710661 -42.7107567960712 -55.8674611950125 -13.5860874729255 -20.4823827046919 -30.0158222110944 -11.8327241812358 -10.4909902394372 -9.19991895174158 -10.4211062226714 -11.6462206000084 -18.7849881547305 -22.4021455697144 -16.5016210481868 -17.6136385339387 -12.3340738253256 -6.61747571329719 -11.158889662778 -5.01135158215024 -7.77719482859322 -0.698936102323777 
-32.6 3.1377722952052 -1.34065537401145 -8.50902764476737 -1.7238517489267 -2.10519989277397 -2.49255825152592 -13.4150637094191 -23.0261715754872 -32.7743239023542 -42.5459240783785 -55.6674612283389 -13.556421970808 -20.4175499535936 -29.9158222110153 -11.8920551852333 -10.5854884924155 -9.32958445370074 -10.5859389736114 -11.8462205999293 -18.7595583822125 -22.4118830461773 -16.441024026688 -17.5640450397305 -12.2493130821365 -6.49754772112727 -11.1975480619517 -5.01484273234391 -7.74551872980566 -0.745290451796583 
-32.4 3.12733831004016 -1.3757120247327 -8.47397099404612 -1.75308480428467 -2.16948959885319 -2.59190460832639 -13.3552903560316 -22.9313415713785 -32.6444372475242 -42.3809807728272 -55.4674612720664 -13.5265352721919 -20.3526066042562 -29.8158222109567 -11.9518285822896 -10.6803185401931 -9.45947115219959 -10.7508823228315 -12.0462205998706 -18.7349330654323 -22.4223143801183 -16.3813420591864 -17.5147030203426 -12.1649144120274 -6.37809240029687 -11.2372124513097 -5.01945047097986 -7.71506981772074 -0.790586808862798 
-32.2 3.11693595442193 -1.4106624048433 -8.43902061393552 -1.7826081470398 -2.23396332171892 -2.69132871130273 -13.2950919335737 -22.83619276881 -32.5143380648451 -42.2159312100375 -55.2674613291661 -13.4964360323697 -20.2875569843234 -29.7158222109133 -12.0120270618038 -10.7754673998178 -9.58957039193492 -10.9159319426774 -12.2462205998271 -18.7114836919013 -22.4338153866979 -16.3229423055449 -17.4660056045078 -12.081266616082 -6.25949422424094 -11.2782368006876 -5.02552444024791 -7.68619340687781 -0.834897413619018 
-32 3.10656379573425 -1.44551132772256 -8.40417169105627 -1.81240113021657 -2.29860522777495 -2.790819540238 -13.234487699153 -22.74073961151 -32.3840359846659 -42.050780206979 -55.0674614032284 -13.466133878096 -20.2224059071704 -29.6158222108811 -12.0726313702545 -10.8709206311478 -9.71987254614417 -11.0810830197659 -12.4462205997949 -18.6896787764653 -22.4468593941412 -16.2662884672297 -17.4184453775625 -11.9988574662575 -6.14223615153714 -11.3210737913402 -5.0335125080205 -7.65933255177153 -0.878293410637891 
-31.8 3.09622029594266 -1.48026396093926 -8.36941905783956 -1.84244418365476 -2.36340091442983 -2.89036786010959 -13.1734983272109 -22.6449976063512 -32.2535413462904 -41.8855329353868 -54.8674614984195 -13.4356391445055 -20.1571585403632 -29.5158222108572 -12.1336208373638 -10.9666627314738 -9.85036727968686 -11.2463303865253 -12.646220599771 -18.6701026860078 -22.4620359369004 -16.2119597435554 -17.3726325484035 -11.9182920038818 -6.0269180559447 -11.3662933875611 -5.04397947102542 -7.63504688155936 -0.920843973778825 
-31.6 3.0859038422193 -1.51492572335711 -8.33475729542171 -1.87271870589517 -2.4283371990881 -2.98996590718571 -13.112145497758 -22.5489830144804 -32.1228649920017 -41.7201948186803 -54.6674616192951 -13.4049626693235 -20.0918203027634 -29.4158222108395 -12.1949737876747 -11.0626774442025 -9.98104375483343 -11.4116686240897 -12.8462205997533 -18.6534711598179 -22.4800661731283 -16.1606664549477 -17.3293099551963 -11.8403076482567 -5.91427193790178 -11.4145981460476 -5.05762246709331 -7.61402811520979 -0.962615663302417 
-31.4 3.07561277358946 -1.54950219560605 -8.30018082317278 -1.90320698687394 -2.49340195231581 -3.08960713266236 -13.0504515378519 -22.4527125823254 -31.9920180875978 -41.5547714420275 -54.4674617703933 -13.3741156138082 -20.0263967749992 -29.3158222108263 -12.2566678986657 -11.1589480274425 -10.1118908103224 -11.5770921518276 -13.0462205997401 -18.640638468986 -22.5018099545453 -16.1132572918668 -17.2893597767204 -11.7657809975318 -5.80516881492797 -11.4668302084561 -5.07527805725365 -7.59710723312081 -1.00367196962014 
-31.2 3.06534540887924 -1.58399902618233 -8.26568399259649 -1.93389218613083 -2.55858398214898 -3.18928599307182 -12.988439045307 -22.3562032592043 -31.8610119339004 -41.3892684577537 -54.2674619555433 -13.3431092749511 -19.9608936055657 -29.2158222108166 -12.3186805763508 -11.2554575357039 -10.24289714916 -11.7425953212416 -13.2462205997303 -18.6325883545108 -22.5282566706464 -16.0707103468153 -17.2537940002863 -11.6957183905215 -5.70060937734133 -11.5239621238242 -5.09791314204468 -7.58524548733593 -1.04407299282323 
-31 3.05510008116289 -1.61842181571057 -8.23126120306826 -1.96475839270834 -2.62387297825472 -3.28899777870579 -12.9261304247677 -22.2594718491367 -31.7298577343046 -41.2236914686297 -54.067462176891 -13.3119548540003 -19.8953163950868 -29.1158222108094 -12.3809894182306 -11.352189167112 -10.3740515700963 -11.9081725317061 -13.4462205997231 -18.6303996321616 -22.5604907378254 -16.0340988349379 -17.2237194469332 -11.6312210476402 -5.6016892449318 -11.5870623975875 -5.1265906262806 -7.57950018204324 -1.08387520623216 
-30.8 3.04487518173619 -1.65277596919959 -8.19690704957923 -1.99579078000082 -2.68925951903623 -3.38873847297632 -12.863547295605 -22.162534566485 -31.5985662981638 -41.0580458789999 -53.8674624337722 -13.280663160973 -19.8296705485704 -29.015822210804 -12.4435728042692 -11.4491267066395 -10.5053432631129 -12.0738183782116 -13.6462205997177 -18.6351801558157 -22.5996254149686 -16.004525205103 -17.2002709949191 -11.573418442137 -5.50953248593958 -11.6572294620289 -5.16240353723222 -7.58095893950621 -1.12313126159416 
-30.6 3.03466921147628 -1.68706652348098 -8.16261649529785 -2.02697583550524 -2.75473512882203 -3.48850463704351 -12.8007098007079 -22.0654065173065 -31.4671476947039 -40.8923367212587 -53.6674627217496 -13.2492442695318 -19.7639611028478 -28.9158222108 -12.5064105871396 -11.5462550437913 -10.6367621545461 -12.2395278239262 -13.8462205997137 -18.6479676373006 -22.6467034507349 -15.9830221323065 -17.1845115357923 -11.5233684287288 -5.42519191825001 -11.7354925533033 -5.20637607422593 -7.59064092221816 -1.16188981852972 
-30.4 3.02448082985893 -1.72129798251844 -8.12838503626039 -2.05830159555663 -2.82029234791089 -3.58829331516982 -12.7376359473697 -21.9681012049309 -31.3356109232909 -40.7265684908081 -53.4674630322616 -13.2177071876036 -19.6981925618821 -28.8158222107969 -12.5694847509868 -11.643560666676 -10.7682992364682 -12.4052963648858 -14.0462205997107 -18.6696092884437 -22.7025765609154 -15.9704323244121 -17.1773107926376 -11.4819362265367 -5.34952825702041 -11.8226914235384 -5.25934348542315 -7.60937687437792 -1.20019542030528 
-30.2 3.01430888599089 -1.75547421314345 -8.09420880563538 -2.08975777626111 -2.88592475924037 -3.68810195712432 -12.6743411908793 -21.8706302178154 -31.2039637055504 -40.5607450424427 -53.2674633532711 -13.1860596488514 -19.632368792505 -28.7158222107947 -12.6327798284853 -11.7410319747995 -10.8999467752167 -12.5711201342593 -14.2462205997092 -18.7006442668012 -22.7677877698979 -15.9672910721446 -17.1792272451318 -11.4496764484059 -5.28309224826465 -11.9193588132275 -5.32183464448731 -7.63769180281745 -1.23808847399796 
-30 3.00415241739574 -1.78959844913473 -8.0600845696441 -2.12133570171192 -2.95162692068247 -3.78792835455769 -12.6108384525351 -21.7730032434799 -31.0722124952236 -40.3948695961246 -53.0674636709618 -13.1543081208323 -19.5664930284946 -28.6158222107931 -12.6962828845177 -11.8386592668232 -11.0316983032317 -12.7369958982656 -14.4462205997068 -18.7412212174453 -22.8424889565334 -15.9737437867975 -17.1904256934247 -11.4267506607075 -5.22604222457497 -12.0256379253154 -5.39398952058395 -7.67572244292242 -1.27560539802178 
-29.8 2.99401061324079 -1.82367341477058 -8.02600960400825 -2.1530280045635 -3.01739418916989 -3.88777058868097 -12.5471386161408 -21.6752284414498 -30.9403627275576 -40.2289448628228 -52.8674639720241 -13.1224580521028 -19.5005679941292 -28.5158222107919 -12.7599830219738 -11.9364343699152 -11.1635483719595 -12.9029209326293 -14.6462205997063 -18.7910760437923 -22.9264187485162 -15.9895236475086 -17.2106556490144 -11.4129056506614 -5.178122248893 -12.141260020151 -5.47553664978369 -7.7231946064867 -1.312778957241 
-29.6 2.98388275401567 -1.85770152749963 -7.9919814912792 -2.18482817737258 -3.08322247470803 -3.98762698694815 -12.4832513408252 -21.5773130534051 -30.808419226784 -40.06297324932 -52.6674642457923 -13.09051427756 -19.4345961068574 -28.415822210791 -12.8238705710559 -12.0343500317263 -11.2954921464998 -13.0688928198986 -14.8462205997046 -18.849577917983 -23.0189487354359 -16.0139974089702 -17.2392983606195 -11.4075202495374 -5.13870873503994 -12.2655901798807 -5.56583869678435 -7.77946854075793 -1.34963873478899 
-29.4 2.97376814905965 -1.89168510784002 -7.95799791093881 -2.21673011660983 -3.14910799428567 -4.08749608686619 -12.4191859019091 -21.4792640341487 -30.6763866271871 -39.8969570693828 -52.4674644855146 -13.0584814382401 -19.3685796871971 -28.3158222107903 -12.8879362496944 -12.1323992907052 -11.427524985819 -13.2349092395582 -15.0462205997047 -18.9158275598584 -23.1191819576517 -16.0462634705052 -17.2754661439199 -11.4097044524974 -5.10690935765956 -12.3977253413345 -5.6639902778977 -7.84363654153126 -1.38621163872684 
-29.2 2.96366609103552 -1.92562653234046 -7.92405648643837 -2.24872778625956 -3.21504708843583 -4.18737660551679 -12.3549518029538 -21.3810885106929 -30.5442696792309 -39.7308986969261 -52.2674646885576 -13.0263642872405 -19.3025211116971 -28.2158222107898 -12.9521705516914 -12.2305750172026 -11.5596421368169 -13.4009678150565 -15.2462205997034 -18.9887787964867 -23.2260746187805 -16.0852732826331 -17.3181247060939 -11.4184215901709 -5.08168507083266 -12.5366156721135 -5.76893918417628 -7.91464402330902 -1.42252234327996 
-29 2.95357583539044 -1.95952830258861 -7.89015471619021 -2.28081505403637 -3.2810361264608 -4.28726741378991 -12.2905590511064 -21.2827939885974 -30.4120733868872 -39.5648006343343 -52.0674648557175 -12.9941678277365 -19.2364228819449 -28.1158222107894 -13.0165634706991 -12.3288697064585 -11.6918385963209 -13.5670660448087 -15.4462205997038 -19.0673528120978 -23.3385504046397 -16.129945527996 -17.3662077401061 -11.432602853935 -5.06196456434854 -12.6811787257499 -5.87960046756452 -7.99140353644949 -1.4585936121814 
-28.8 2.9434966016961 -1.99339304070847 -7.85628997807036 -2.31298567860977 -3.34707148915406 -4.38716751460302 -12.2260181380042 -21.1843883373753 -30.2798029975453 -39.3986655068725 -51.8674649901359 -12.9618973039759 -19.1702876200644 -28.0158222107892 -13.0811045182187 -12.4272754920979 -11.8241091200802 -13.7332013066878 -15.6462205997027 -19.1505257129976 -23.4555880436594 -16.1792536907761 -17.4187044660238 -11.4512348417329 -5.04673181402661 -12.8303869893433 -5.99494399303806 -8.0728823238028 -1.49444650600683 
-28.6 2.93342758803101 -2.0272234410379 -7.82245957774093 -2.34523338787514 -3.41314959874885 -4.48707602452725 -12.1613398453654 -21.0858796444071 -30.1474639042476 -39.2324960132454 -51.6674650961794 -12.9295581046346 -19.1041180203937 -27.915822210789 -13.1457829169015 -12.5257842911101 -11.9564483194218 -13.8993709063589 -15.8462205997032 -19.2373830491193 -23.5762757801105 -16.2322806265683 -17.4747139098364 -11.473413885216 -5.03508045718033 -12.98332243506 -6.11404903842534 -8.15815696886103 -1.53010050815924 
-28.4 2.92336798939959 -2.06102220824328 -7.78866081053555 -2.37755198725208 -3.47926696533118 -4.58699215831496 -12.096534996587 -20.9872760284233 -30.0150615210584 -39.0662948628509 -51.4674651785795 -12.8971556390452 -19.0379167875989 -27.8158222107888 -13.210587848079 -12.6243879894931 -12.0888507850101 -14.0655721391526 -16.0462205997023 -19.327144246086 -23.6998357442826 -16.2882430563296 -17.5334690252302 -11.4983702334044 -5.0262380381633 -13.1392009986091 -6.23612883476908 -8.24643799799901 -1.5655736104636 
-28.2 2.91331701435138 -2.09479200148144 -7.75489101729739 -2.40993545832752 -3.54542022964478 -4.68691521586671 -12.0316142328079 -20.8885854714061 -29.882601170803 -38.9000647193573 -51.2674652418478 -12.8646952255214 -18.971686580837 -27.7158222107887 -13.275508675127 -12.7230786097792 -12.2213111985344 -14.2318023459151 -16.2462205997029 -19.4191654088901 -23.8256267003249 -16.3464944258956 -17.5943392174935 -11.5254706324296 -5.01956864395035 -13.297375425727 -6.36053346864879 -8.33707283864094 -1.600882387432 
-28 2.90327389723643 -2.12853539322317 -7.72114762555565 -2.44237803020551 -3.6116061932645 -4.78684457122818 -11.9665878479086 -20.789815694765 -29.7500880024203 -38.7338081592328 -51.0674652899815 -12.8321820090048 -18.9054299725786 -27.6158222107887 -13.3405351081592 -12.8218484345531 -12.3538244150501 -14.3980589541724 -16.4462205997021 -19.5129290584247 -23.9531337416011 -16.4065146836884 -17.6568198738706 -11.5542078970649 -5.01456251684392 -13.4573250388813 -6.48673969006137 -8.4295356683114 -1.63604207432268 
-27.8 2.89323790544586 -2.16225484492629 -7.68742817385253 -2.4748742188412 -3.6778218336033 -4.88677966327009 -11.9014656910807 -20.690974086234 -29.6175269421862 -38.5675276472956 -50.8674653263412 -12.799620912411 -18.8391494242817 -27.5158222107886 -13.4056573013474 -12.9206900794445 -12.4863855116445 -14.56433950247 -16.6462205997027 -19.6080268588151 -24.0819509936947 -16.4678930323757 -17.7205149691363 -11.5841835406275 -5.01081870870344 -13.6186384796106 -6.61433367908759 -8.52341020563489 -1.67106665511337 
-27.6 2.8832083429952 -2.19595269499586 -7.65373032378296 -2.50741884318324 -3.74406430801493 -4.98671998775129 -11.8362571186778 -20.5920676637615 -29.4849226696441 -38.4012255246839 -50.66746535366 -12.7670166125501 -18.7728472743512 -27.4158222107886 -13.4708659010683 -13.0195965292349 -12.6189898115046 -14.7306416523996 -16.8462205997019 -19.7041415937668 -24.2117635787159 -16.5303099172578 -17.7851189817547 -11.6150897031763 -5.00802702118264 -13.7809956889739 -6.74299303838132 -8.61837171485866 -1.70596895518526 
-27.4 2.8731845507973 -2.22963115786752 -7.6200518609113 -2.54000702022471 -3.81033094792806 -5.08666509053608 -11.7709709906048 -20.4931030728169 -29.3522796158278 -38.234904007996 -50.4674653741003 -12.7343735382934 -18.7065257372229 -27.3158222107885 -13.5361520495824 -13.1185611406206 -12.751632885762 -14.8969631895287 -17.0462205997026 -19.8010289426485 -24.3423293904693 -16.5935188032678 -17.8503986654351 -11.6466909239851 -5.00594977911973 -13.9441496777688 -6.87246856430456 -8.71416877791062 -1.74076074014401 
-27.2 2.86316590547358 -2.26329232800133 -7.58639069077749 -2.57263415118351 -3.87661924902066 -5.18661456176249 -11.7056156863872 -20.3940865984655 -29.2196019713426 -38.0685651933769 -50.2674653893475 -12.701695878561 -18.6401869073567 -27.2158222107885 -13.6015073690463 -13.2175776302184 -12.8843105454935 -15.063302019394 -17.2462205997018 -19.8985025108477 -24.4734641288023 -16.6573312013333 -17.9161780995505 -11.6788091879667 -5.00440687296757 -14.1079115470607 -7.00256926346259 -8.81060830693446 -1.77545281144489 
-27 2.85315181650549 -2.29693818945246 -7.55274482932636 -2.60529589733452 -3.94292685662279 -5.28656803081575 -11.6401991435371 -20.2950241941642 -29.0868937055902 -37.9022110661734 -50.0674654006929 -12.6689876014632 -18.5738327688078 -27.1158222107885 -13.6669239232425 -13.3166400458657 -13.017018822592 -15.2296561579436 -17.4462205997025 -19.9964202619647 -24.6050277413705 -16.7216030909992 -17.9823251692686 -11.7113103962336 -5.00326221978336 -14.2721369057799 -7.13314876073064 -8.90754194275177 -1.81005510246773 
-26.8 2.8431417234242 -2.33057062531349 -7.51911239346533 -2.63798815676445 -4.00925155191376 -5.38652516196774 -11.5747288954093 -20.1959215101754 -28.9541585857404 -37.7358435104626 -49.867465409121 -12.6362524731853 -18.5074652046688 -27.0158222107885 -13.7323941797976 -13.4157427382819 -13.1497539508692 -15.3960237220818 -17.6462205997018 -20.0946747049351 -24.7369146202018 -16.7862250981084 -18.0487417999722 -11.7440945910762 -5.0024139787649 -14.4367160440412 -7.2640954631309 -9.00485620929062 -1.84457676583323 
-26.6 2.83313509203435 -2.36419143040199 -7.48549158837683 -2.67070703521124 -4.07559123544905 -5.48648565059154 -11.5092121220155 -20.0967839316931 -28.8214002021695 -37.5694643218032 -49.6674654153731 -12.6034940833621 -18.4410860097571 -26.9158222107883 -13.7979109594444 -13.5148803230171 -13.2825123406929 -15.5624029169941 -17.8462205997025 -20.1931839823341 -24.8690447026894 -16.851113570419 -18.1153551090659 -11.7770870950814 -5.00178567768162 -14.6015650049757 -7.39532361897656 -9.10246356004815 -1.87902625941961 
-26.4 2.82313141150007 -2.39780232105118 -7.45188069772764 -2.70344882317115 -4.14194391405815 -5.58644921984983 -11.4436556892458 -19.9976166082742 -28.6886219881015 -37.403075217086 -49.4674654200067 -12.5707158646605 -18.3746969004063 -26.8158222107884 -13.8634673968476 -13.6140476510695 -13.4152905593945 -15.7287920263448 -18.0462205997025 -20.2918863130843 -25.0013579240887 -16.91620501052 -18.1821118976956 -11.8102329930619 -5.00132068501291 -14.7666200143346 -7.52676773768701 -9.20029678810903 -1.91341142051099 
-26.2 2.81313019058871 -2.43140494773026 -7.41827807104857 -2.73620996776731 -4.20830768533339 -5.68641561780414 -11.3780661993932 -19.8984244917426 -28.5558272448907 -37.2366778471962 -49.2674654234378 -12.5379211180187 -18.3082995270854 -26.7158222107884 -13.9290568901313 -13.7132397710323 -13.5480853060363 -15.8951893996657 -18.2462205997025 -20.3907344351618 -25.1338086728454 -16.9814505059185 -18.2489731565996 -11.8434916252869 -5.00097669055882 -14.9318319076878 -7.65837700436036 -9.29830342810369 -1.94773953977538 
-26 2.80313095454767 -2.46500090553789 -7.38468211324093 -2.76898704921799 -4.2746807245917 -5.78638461487009 -11.3124500331637 -19.7992123677054 -28.4230191630459 -37.0702738075437 -49.0674654259777 -12.505113033634 -18.2418954848931 -26.6158222107884 -13.9946730589007 -13.8124518976093 -13.680893390421 -16.0615934418581 -18.4462205997024 -20.4896921009978 -25.2663622964889 -17.0468122139467 -18.3159106140136 -11.8768331248932 -5.00072223235755 -15.0971626127816 -7.79011175164734 -9.39644221758265 -1.9820174260082 
-25.8 2.79313324219038 -2.49859174399293 -7.35109127478589 -2.80177675901395 -4.3410612728427 -5.88635600157613 -11.2468133888626 -19.6999848849492 -28.2902008418347 -36.9038646478775 -48.8674654278564 -12.4722947105441 -18.1754863233481 -26.5158222107884 -14.0603097050805 -13.9116793822442 -13.8137117135109 -16.228002603403 -18.6462205997024 -20.5887314740611 -25.3989925080074 -17.1122607485551 -18.3829041812309 -11.9102358536555 -5.00053412266476 -15.2625825340964 -7.92194083450628 -9.49468046198693 -2.01625146519787 
-25.6 2.78313660261665 -2.53217897805349 -7.31750404072534 -2.8345758759027 -4.40744762379201 -5.98632958658599 -11.1811623264951 -19.6007465885212 -28.1573753113462 -36.7374518833284 -48.6674654292468 -12.4394691786652 -18.1090735574087 -26.4158222107884 -14.1259607688383 -14.0109176800625 -13.9465372453898 -16.3944153693425 -18.8462205997024 -20.687830625574 -25.5316788935808 -17.1777726660074 -18.4499395044369 -11.9436839428009 -5.00039497774964 -15.4280680365581 -8.05383910290826 -9.59299149632798 -2.05044767817748 
-25.4 2.77314059280252 -2.56576409621471 -7.28391892256411 -2.86738124793672 -4.47383811398724 -6.08630519494245 -11.1155028001681 -19.5015019440329 -28.0245455486966 -36.5710370025176 -48.4674654302748 -12.4066394149877 -18.0426586755699 -26.3158222107884 -14.1916202961934 -14.1101623255788 -14.0793670090674 -16.5608302511812 -19.0462205997024 -20.7869724330659 -25.6644058192339 -17.2433293553381 -18.5170069037629 -11.9771662239657 -5.0002921407532 -15.5936003342456 -8.18578628243379 -9.69135355769266 -2.08461176884906 
-25.2 2.76314477449705 -2.59934857093508 -7.25033444784374 -2.90018977006488 -4.54023111083579 -6.18628266651137 -11.0498406998099 -19.4022553689544 -27.8917144988978 -36.4046214779984 -48.2674654310352 -12.3738083644284 -17.9762431502903 -26.2158222107885 -14.2572823973119 -14.2094089014177 -14.2121980596266 -16.7272457764609 -19.2462205997024 -20.8861429782714 -25.7971608391597 -17.3089154258232 -18.5840998233306 -12.0106746688131 -5.00021611088018 -15.7591638762993 -8.31776534976779 -9.78974815030592 -2.11874917419868 
-25 2.75314871173759 -2.63293386698478 -7.21674915179404 -2.93299836604723 -4.60662500286783 -6.28626185459312 -10.9841818845716 -19.3030112576664 -27.75888509156 -36.2382067746109 -48.067465431598 -12.3409789565279 -17.9098284463401 -26.1158222107885 -14.3229412131131 -14.3086530132686 -14.3450274675272 -16.8936604804111 -19.4462205997024 -20.9853308462101 -25.9299340031482 -17.3745179977122 -18.6512141720807 -12.0442037215134 -5.00015986753082 -15.9247456362704 -8.44976181368849 -9.88815931817729 -2.15286510738471 
-24.8 2.74315196837779 -2.66652144975125 -7.18316156902757 -2.96580397060457 -4.67301819019164 -6.38624262468339 -10.9185322160537 -19.2037740063821 -27.6260602575093 -36.0717943577937 -47.8674654320144 -12.3081541220608 -17.8434160291066 -26.0158222107885 -14.3885908820472 -14.4078902649692 -14.4778523019943 -17.0600728976447 -19.6462205997024 -21.0845265243985 -26.0627172641031 -17.4401260931342 -18.7183477645177 -12.077749731184 -5.00011829443496 -16.0903345017822 -8.58176309643462 -9.98657301815658 -2.18696459869916 
-24.6 2.73315410542637 -2.70011279418036 -7.14957022459847 -2.99860351042813 -4.73940907444431 -6.48622485336516 -10.8528975940778 -19.1045480399771 -27.4932429466751 -35.9053857025305 -47.667465432322 -12.275336810919 -17.7770073735357 -25.9158222107885 -14.4542255043308 -14.5071162316819 -14.610669613136 -17.2264815532156 -19.8462205997024 -21.1837218020613 -26.195503886195 -17.5057300263678 -18.7854997646337 -12.1113103868709 -5.00008760569274 -16.2559206636981 -8.71375791392059 -10.0849764912138 -2.2210525353326 
-24.4 2.72315467838052 -2.73370939373594 -7.11597362504288 -3.0313938852668 -4.80579604883856 -6.586208427315 -10.7872839925285 -19.0053378388721 -27.3604361460146 -35.7389823023144 -47.4674654325503 -12.2425300100303 -17.7106039730913 -25.8158222107886 -14.5198391061084 -14.6063264330151 -14.7434764140249 -17.39288495366 -20.0462205997024 -21.2829092694744 -26.3282879531637 -17.5713208942254 -18.8526702300531 -12.1448842527346 -5.00006487200089 -16.4214951055051 -8.84573575617274 -10.18335773391 -2.25513370038045 
-24.2 2.71315323510134 -2.76731276753807 -7.08237025124075 -3.06417195275575 -4.87217749012964 -6.68619324240821 -10.7216974879064 -18.9061479604479 -27.2276428937883 -35.5725856762859 -47.2674654327197 -12.2097367576345 -17.6442073468935 -25.7158222107886 -14.5854256108999 -14.7055163116087 -14.8762696664206 -17.5592815798578 -20.2462205997024 -21.3820823179651 -26.4610643754565 -17.6368905689139 -18.9198601477238 -12.1784707966032 -5.00004804206733 -16.5870495952871 -8.97768687215191 -10.2817054760874 -2.28921280592277 
-24 2.70314931309622 -2.80092446949367 -7.04875854928515 -3.0969345093514 -4.93855174868089 -6.78617920291506 -10.6561442958549 -18.8069830664408 -27.0948662978256 -35.4061973783676 -47.0674654328458 -12.1769601615458 -17.5778190488491 -25.6158222107886 -14.6509788030775 -14.8046812057419 -15.0090462625094 -17.7256698779022 -20.4462205997024 -21.481234739386 -26.593828498833 -17.7024312883792 -18.9870710790488 -12.2120700259726 -5.00003556948112 -16.7525762752589 -9.1096018501689 -10.3800087521484 -2.3232945297691 
-23.8 2.69314243711415 -2.83454609637597 -7.01513692240285 -3.12967827344635 -5.00491713965815 -6.88616622077462 -10.590630803478 -18.7078479471816 -26.962109551684 -35.2398190053438 -46.8674654329397 -12.1442034153104 -17.5114406757314 -25.5158222107887 -14.7164922955483 -14.903816325095 -15.1418030087448 -17.8920482510199 -20.6462205997024 -21.5803606259844 -26.7265760123136 -17.7679355480953 -19.0543051001525 -12.245682420194 -5.00002633682021 -16.9180675528349 -9.24147150086177 -10.4782567759594 -2.35738354894057 
-23.6 2.68313211670466 -2.86817929602622 -6.9815037227526 -3.16239986830974 -5.07127193417178 -6.9861542149385 -10.5251636021483 -18.6087475462017 -26.8293759510539 -35.0734522050634 -46.6674654330091 -12.1114698146109 -17.4450738753817 -25.4158222107887 -14.7819594969473 -15.0029167261443 -15.2745366094443 -18.0584150513697 -20.8462205997024 -21.6794542702699 -26.8593028562494 -17.8333959927306 -19.1215647427586 -12.2793088631499 -5.00001958012585 -17.0835159916336 -9.37328674001105 -10.576438815458 -2.39148457305482 
-23.4 2.67311784302728 -2.90182577807327 -6.94785724070555 -3.19509580005555 -5.13761434796464 -7.08614311077841 -10.4597495303893 -18.5096869923956 -26.6966689152007 -34.9070986871631 -46.4674654330618 -12.0787627787051 -17.3787203574288 -25.3158222107887 -14.8473735687591 -15.1019772800031 -15.4072436453502 -18.2247685693227 -21.0462205997024 -21.7785097644897 -26.9920048325163 -17.8988050049033 -19.1888526472663 -12.3129502856105 -5.00001452053946 -17.2489138996467 -9.50503816597624 -10.6745437593766 -2.42560238255747 
-23.2 2.66309908722906 -2.93548731938511 -6.91419569939371 -3.22776244619877 -5.2039425354197 -7.18613283954531 -10.3943956956765 -18.4106716163709 -26.5639919978642 -34.7407602285148 -46.2674654331016 -12.0460858613288 -17.3123818987407 -25.2158222107888 -14.9127274035118 -15.2009926560676 -15.5399205627265 -18.3911070280108 -21.2462205997024 -21.8775214011536 -27.124678010492 -17.9641551002553 -19.2561719905292 -12.3466080875616 -5.00001078117867 -17.4142537237652 -9.63671644878369 -10.7725605008718 -2.45974185638585 
-23 2.65307529713027 -2.96916577520406 -6.88051724357477 -3.26039603289754 -5.27025457793742 -7.28612333788197 -10.3291095189827 -18.3117069838582 -26.4313489095326 -34.5744386843642 -46.0674654331321 -12.0134427729667 -17.2460603545597 -25.1158222107888 -14.978013580236 -15.2999572886108 -15.6725636510887 -18.5574285721919 -21.4462205997024 -21.9764832725086 -27.2573183376659 -18.0294385157914 -19.3235261410094 -12.3802837822228 -5.00000802002096 -17.5795276376383 -9.76831190683707 -10.8704775031066 -2.49390801165801 
-22.8 2.64304589459789 -3.00286308797183 -6.846819930807 -3.29299261685836 -5.33654847466601 -7.38611454737834 -10.263898770077 -18.2127989221847 -26.2987435350913 -34.4081359971552 -45.8674654331553 -11.9808373985021 -17.1797576673273 -25.0158222107886 -15.0432243291657 -15.3988653503082 -15.8051690255539 -18.7237312594249 -21.6462205997032 -22.0753892705389 -27.3899216484641 -18.094647201054 -19.3909187029017 -12.4139790313474 -5.00000595637779 -17.744727532397 -9.89981448882841 -10.9682827723302 -2.5281060393078 
-22.6 2.63301027288981 -3.03658129625238 -6.81310172252644 -3.32554806708455 -5.40282213317275 -7.48610641416563 -10.1987716032194 -18.1139535470466 -26.1661799516726 -34.2418542054559 -45.6674654331754 -11.9482738150633 -17.1134758756079 -24.9158222107887 -15.1083514960427 -15.4977107254658 -15.937732608992 -18.8900130511436 -21.8462205997024 -22.1742330869661 -27.5224836731718 -18.1597728092006 -19.4583535607518 -12.4476956809169 -5.00000439766673 -17.9098450073308 -10.0312137554817 -11.0659638307025 -2.56234134096014 
-22.4 2.62296779399912 -3.07032254365476 -6.77936047512407 -3.35805804666245 -5.46907336015302 -7.58609888854828 -10.1337365928439 -18.0151772892687 -26.0336624464924 -34.0755954528733 -45.4674654331904 -11.9157563098681 -17.0472171230103 -24.8158222107887 -15.173386506434 -15.5964869832595 -16.0702501141881 -19.056271803742 -22.0462205997032 -22.2730082132486 -27.6550000468566 -18.2248066880807 -19.5258349240611 -12.4814357968239 -5.00000326617131 -18.0748713605936 -10.1624988613421 -11.1635076891609 -2.59661956753666 
-22.2 2.61291778525629 -3.10408909024941 -6.74559392852941 -3.39051798959204 -5.53529984967727 -7.68609192466718 -10.0688027792367 -17.9164769290669 -25.9011955396959 -33.9093619994822 -45.2674654332047 -11.8832894030574 -16.980983669605 -24.7158222107888 -15.2383203200546 -15.6951873434748 -16.202717020998 -19.2225052571466 -22.2462205997024 -22.3717077403194 -27.7874661205221 -18.2897396685569 -19.5933671841194 -12.5152015102875 -5.00000243304032 -18.2397973771886 -10.2936583313424 -11.2609006125662 -2.63094666450679 
-22 2.60285953682614 -3.13788332097772 -6.7117996978011 -3.42292308365974 -5.60149917447328 -7.7860854801915 -10.0039797021611 -17.8178596212629 -25.7687840011637 -33.7431562302216 -45.0674654332158 -11.8508778645141 -16.9147779003334 -24.6158222107889 -15.3031433971422 -15.7938046512906 -16.3351285595422 -19.3887110264191 -22.4462205997032 -22.4703244587173 -27.9198770696484 -18.3545621562265 -19.66095505617 -12.5489951516098 -5.00000184363425 -18.4046134203825 -10.424680143808 -11.3581281943039 -2.66532891431266 
-21.8 2.59279229804815 -3.17170775794838 -6.67797526083045 -3.45526824556513 -5.66766877334933 -7.88607951603821 -9.93927745005629 -17.7193329321875 -25.6364328751175 -33.5769806672049 -44.8674654332284 -11.8185267384555 -16.8486023373041 -24.5158222107889 -15.3678456492588 -15.8923313403779 -16.4674796856001 -19.5548865894477 -22.6462205997025 -22.5688506583241 -28.0522277062258 -18.4192639188626 -19.7286034406425 -12.5828190991117 -5.00000135416549 -18.5693092188652 -10.5555515053201 -11.4551751188449 -2.69977298873908 
-21.6 2.58271527571196 -3.20556506623111 -6.64411795254772 -3.48754810907433 -5.73380594514126 -7.98607399611287 -9.87470668319752 -17.620904857046 -25.5041474916933 -33.4108379754979 -44.6674654332387 -11.786241355021 -16.7824596455869 -24.415822210789 -15.4324164161287 -15.9907594155305 -16.5997650690355 -19.7210292811657 -22.8462205997033 -22.6672784287586 -28.184512784943 -18.4838343810143 -19.7963177525009 -12.6166761026873 -5.0000010494584 -18.7338741610916 -10.6862591392637 -11.5520254445062 -2.73428599265321 
-21.4 2.57262762910977 -3.23945807048008 -6.61022494829874 -3.51975699153954 -5.79990783185544 -8.08606888707602 -9.81027870020602 -17.5225838698055 -25.3719335002039 -33.2447309797595 -44.4674654332513 -11.754027363519 -16.7163526498359 -24.315822210789 -15.4968443991321 -16.0890804027829 -16.7319790605368 -19.887136276916 -23.0462205997026 -22.7655991587198 -28.3167265191532 -18.5482621067266 -19.8641035037196 -12.650568849657 -5.00000079217915 -18.898296777767 -10.8167887516902 -11.6486620526833 -2.76887553443206 
-21.2 2.56252846818825 -3.27338976114321 -6.57629325763562 -3.55188888126259 -5.86597141224162 -8.18606415812532 -9.74600546287101 -17.4243789418074 -25.2397968815426 -33.0786626704351 -44.2674654332638 -11.7218907448453 -16.6502843404991 -24.2158222107891 -15.5611176364804 -16.1872853307943 -16.8641156792113 -20.0532045862537 -23.2462205997034 -22.8638038363813 -28.4488628874778 -18.612535093725 -19.9319666347092 -12.6845002899835 -5.00000054184247 -19.0625650358146 -10.9471253190747 -11.745066929405 -2.80354977979074 
-21 2.55241685136571 -3.307363301796 -6.54231971698283 -3.58393742262813 -5.93199349425995 -8.28605978079644 -9.68189962549599 -17.3262995637796 -25.107743962862 -32.9126362111017 -44.0674654332776 -11.689837826151 -16.584257881152 -24.1158222107892 -15.6252234738685 -16.2853647088352 -16.996168597905 -20.2192310456002 -23.4462205997026 -22.9618831495223 -28.5809157412716 -18.6766408662132 -19.9999136511279 -12.7184737657494 -5.00000047695558 -19.2266664309739 -11.0772531735811 -11.8412212432583 -2.8383175157896 
-20.8 2.54229177898378 -3.34138205114307 -6.50830096763575 -3.61589587192159 -5.99797069290049 -8.38605572878406 -9.61797462289905 -17.2283558118356 -24.9757814615709 -32.7466549604635 -43.8674654332924 -11.6578753248452 -16.5182766304991 -24.0158222107893 -15.689148476481 -16.3833084607948 -17.1281310992117 -20.3852122962539 -23.6462205997035 -23.0598267846079 -28.7128781257043 -18.7405657519517 -20.0679510329635 -12.752492398238 -5.00000036009711 -19.3905872647 -11.2071552579601 -11.9371045782906 -2.87318825282439 
-20.6 2.53215219403501 -3.37544956057358 -6.47423345820524 -3.64775710204753 -6.06389943245692 -8.48605197777101 -9.55424466063968 -17.1305583401457 -24.8439164804505 -32.5807224699127 -43.667465433311 -11.6260103437063 -16.4523441399297 -23.9158222107893 -15.7528784387582 -16.4811059325026 -17.25999608035 -20.5511447868227 -23.8462205997027 -23.1576241277091 -28.844742978236 -18.8042955856224 -20.1360859232358 -12.7865597790797 -5.00000023150835 -19.5543133473575 -11.3368138311872 -12.0326956420868 -2.90817228549735 
-20.4 2.52199697803007 -3.40956958804657 -6.44011343073226 -3.67951357460623 -6.12977593248862 -8.58604850527568 -9.49072477055078 -17.0329184225838 -24.7121565354157 -32.4148424974048 -43.4674654333301 -11.5942503986524 -16.3864641674028 -23.8158222107894 -15.8163983288671 -16.5787458500844 -17.3917560254048 -20.7170247593505 -24.0462205997036 -23.2552639641084 -28.9765028421083 -18.8678153945487 -20.2043258970191 -12.82067972539 -5.00000015034566 -19.7178296837884 -11.4662101401451 -12.1279719235721 -2.94328079857021 
-20.2 2.51182494792738 -3.44374610840727 -6.40593691037155 -3.71115731911996 -6.19559619736306 -8.68604529051083 -9.42743085201665 -16.9354479836889 -24.5805095761601 -32.2490190177885 -43.2674654333532 -11.5626034393739 -16.3206406877636 -23.7158222107895 -15.8796922474236 -16.6762162890016 -17.5234029846827 -20.8828482389891 -24.2462205997029 -23.3527343781684 -29.108149776529 -18.931109288248 -20.2726789129056 -12.8548562209158 -5.00000012551077 -19.8811203627228 -11.5953242987188 -12.2229095617847 -2.97852598131234 
-20 2.5016348536883 -3.47798332160104 -6.37169969717778 -3.74267991647478 -6.26135600791164 -8.78604231425319 -9.3643797048162 -16.8381596232947 -24.4489840025721 -32.0832562310068 -43.0674654333776 -11.5310778657615 -16.2548779009575 -23.6158222107896 -15.9427433946493 -16.7735046494211 -17.654928558296 -21.0486110257962 -24.4462205997037 -23.450022753332 -29.2396753648864 -18.9941604502179 -20.3411533540624 -12.8890934488789 -5.00000014028006 -20.0441685484349 -11.7241352712371 -12.3174833211096 -3.01392115171554 
-19.8 2.49142537559965 -3.51228566166949 -6.33739735710933 -3.77407248080851 -6.32705091231382 -8.88603955872381 -9.30158906512058 -16.7410666435307 -24.3175886827396 -31.9175585711058 -42.8674654334082 -11.4996825458985 -16.189180241026 -23.5158222107897 -16.0055340343749 -16.8705976292151 -17.7863238781584 -21.2143086857271 -24.646220599703 -23.5471156719908 -29.3710706236136 -19.0569510288082 -20.4097579730939 -12.9233957278419 -5.00000007917464 -20.2069563714957 -11.8526207542295 -12.4116664640332 -3.04948090637313 
-19.6 2.48119512494304 -3.54665779450146 -6.30302522427736 -3.80532566389696 -6.39267622823424 -8.9860370074762 -9.23907759648186 -16.64418304206 -24.1863329484369 -31.7519307039712 -42.6674654334416 -11.4684268115626 -16.1235523738581 -23.4158222107898 -16.0680455030478 -16.96748123072 -17.9175796124953 -21.3799365528959 -24.8462205997038 -23.6439992158792 -29.502326300334 -19.1194624398646 -20.4785021811755 -12.9577678030915 -5.00000002159228 -20.3694652313045 -11.9807574812062 -12.5054310581784 -3.08522126561222 
-19.4 2.47094264198677 -3.58110462458017 -6.26857839419866 -3.83642964155852 -6.4582270359745 -9.08603464529517 -9.17686491683563 -16.547523532335 -24.0552266086333 -31.5863775340888 -42.4674654334806 -11.4373204717201 -16.0579992039369 -23.31582221079 -16.1302581827323 -17.0641407404832 -18.0486859523372 -21.5454897228166 -25.0462205997032 -23.740658765812 -29.6334326803455 -19.1816751597187 -20.5473958815407 -12.992214673378 -5.00000006180004 -20.5316755889774 -12.1085210088005 -12.5987477556935 -3.12115987457145 
-19.2 2.46066639237688 -3.61563130710847 -6.23405171167036 -3.86737408931123 -6.52369816625551 -9.18603245810448 -9.11497164699252 -16.4511035799636 -23.9242799737336 -31.4209042166608 -42.2674654335243 -11.4063738367768 -15.9925258864654 -23.2158222107901 -16.19215145262 -17.1605606928992 -18.1796325872815 -21.7109630402891 -25.246220599704 -23.8370787012899 -29.7643792983516 -19.2435684126683 -20.6164492297036 -13.0267413390126 -5.00000004490636 -20.6935666547362 -12.2358853920309 -12.691585456396 -3.15731624268329 
-19 2.45036477246322 -3.65024323011431 -6.19943978866452 -3.89814821807292 -6.58908421802304 -9.28603043287785 -9.05341933906696 -16.3549393490322 -23.7935038197964 -31.2555161397177 -42.0674654335753 -11.3755976827885 -15.9271378094712 -23.11582221079 -16.2537037605967 -17.2567249238818 -18.3104087412699 -21.8763511172834 -25.4462205997041 -23.9332429011563 -29.8951554212239 -19.3051206895289 -20.6856730446502 -13.0613532309534 -5.00000001384129 -20.8551169063698 -12.3628237206591 -12.783911862018 -3.19371197283751 
-18.8 2.44003610889195 -3.68494601581969 -6.16473700295913 -3.92874077134367 -6.65437955699918 -9.38602855755937 -8.99223048194662 -16.2590477062065 -23.6629093912652 -31.0902189254813 -41.8674654336335 -11.3450032541994 -15.8618405951767 -23.0158222107902 -16.3148926177753 -17.3526165667658 -18.4410031698592 -22.0416483315781 -25.6462205997042 -24.0291345433352 -30.0257498491081 -19.3663095460024 -20.755078615414 -13.0960560160118 -5.00000001319428 -21.0163038875251 -12.4893079161082 -12.8756932717621 -3.23037107561898 
-18.6 2.42967866067193 -3.71974551369797 -6.12993750508086 -3.9591400390188 -6.71957832255259 -9.48602682099106 -8.93142847352614 -16.1634461999077 -23.5325083870882 -30.9250184234259 -41.6674654336999 -11.3146022499561 -15.7966400930551 -22.9158222107903 -16.3756946262623 -17.448218073131 -18.5714041741028 -22.2068488337 -25.8462205997044 -24.1247360547646 -30.1561508584159 -19.4271115595535 -20.8246776163011 -13.1308555190206 -5.00000001832484 -21.1771041645074 -12.6153086952131 -12.9668945529883 -3.26732033657864 
-18.4 2.41929062479176 -3.75464778160143 -6.09503523717739 -3.9893338950642 -6.78467444650145 -9.58602521284338 -8.8710375452158 -16.0681530036939 -23.4023129229709 -30.7599206914052 -41.4674654337757 -11.2844067857632 -15.7315423609587 -22.8158222107905 -16.4360855546486 -17.5435112694208 -18.701599638296 -22.3719465657966 -26.0462205997045 -24.2200292615945 -30.2863463331492 -19.4875024984799 -20.8944821627239 -13.16575779754 -5.00000002894071 -21.3374934952863 -12.7407957580878 -13.0574793479599 -3.30458973607072 
-18.2 2.4088701417495 -3.78965906718224 -6.06002395159658 -4.01930983461188 -6.84966167162993 -9.68602372355268 -8.81108268762571 -15.973186860523 -23.2723354942192 -30.5949319770727 -41.2674654338623 -11.254429356925 -15.6665536465397 -22.7158222107907 -16.4960404123255 -17.6384774126785 -18.8315770671345 -22.536935280216 -26.2462205997046 -24.314995389186 -30.4163237463216 -19.5474573404907 -20.964504718306 -13.2007690675413 -5.00000001336123 -21.4974468480058 -12.8657378252272 -13.1474101295182 -3.34221296679771 
-18 2.39841530585545 -3.82478577327666 -6.02489724550216 -4.04905504313259 -6.91453358624506 -9.78602234426222 -8.751589512102 -15.8785669789049 -23.1425889065067 -30.4300586832657 -41.067465433961 -11.224682769114 -15.6016803526343 -22.6158222107908 -16.555533587948 -17.7330972943954 -18.9613236549458 -22.7018085741217 -26.4462205997048 -24.409615262375 -30.546070325605 -19.6069505075852 -21.0347581220655 -13.2358957652064 -5.00000000493193 -21.6569386358102 -12.9901029069364 -13.2366485051333 -3.38022804170631 
-17.8 2.3879241757968 -3.86003442240929 -5.98964859636953 -4.07855646737371 -6.97928365961882 -9.88602106676861 -8.69258410874411 -15.7843129264144 -23.0130862048835 -30.26530733251 -40.8674654340726 -11.1951800673794 -15.5369290017671 -22.515822210791 -16.6145389914176 -17.8273513469977 -19.0908263566808 -22.8665599249892 -26.646220599705 -24.5038693555373 -30.6755730678999 -19.6659559516149 -21.1052554610024 -13.2711444550106 -5.00000004560348 -21.8159428023456 -13.11385842434 -13.3251553734039 -3.41867804922124 
-17.6 2.37739478592994 -3.89541161885263 -5.95427139992619 -4.10780089119095 -7.0439052798794 -9.98601988347253 -8.63409289464482 -15.6904445158718 -22.8838405978976 -30.1006845290806 -40.6674654341999 -11.1659344602663 -15.4723061982107 -22.4158222107912 -16.6730302056444 -17.9212197576678 -19.2200719637942 -23.031182728546 -26.8462205997051 -24.5977377425229 -30.8048186513289 -19.7244471421572 -21.1760098303319 -13.3065216278967 -5.0000000220463 -21.974432809592 -13.2369712351423 -13.4128909877632 -3.4576120993199 
-17.4 2.3668251708732 -3.93092396599913 -5.9187590527797 -4.13677510075605 -7.10839183659099 -10.0860187873306 -8.57614228337481 -15.5969815574553 -22.7548652923346 -29.9361968763711 -40.4674654343439 -11.1369591545595 -15.4078185453574 -22.3158222107915 -16.7309808170586 -18.0146827162285 -19.3490472695014 -23.1956703813997 -27.0462205997053 -24.691200697445 -30.9337939533974 -19.7823977499327 -21.2470345211302 -13.3420339715486 -5.00000001855165 -22.1323823212251 -13.3594083996296 -13.4998158051037 -3.49708640733503 
-17.2 2.35621338291094 -3.96657800788598 -5.88310501089285 -4.16546600146563 -7.17273677918742 -10.1860177718139 -8.51875845108481 -15.5039436832784 -22.6261733762709 -29.7718509184206 -40.2674654345065 -11.1082672383334 -15.3434725872445 -22.2158222107917 -16.7883646495114 -18.1077205905682 -19.4777391857279 -23.3600163395131 -27.2462205997055 -24.7842385945478 -31.0624858923871 -19.8397816051487 -21.3183426278296 -13.3776880363612 -5.0000000414774 -22.2897651609245 -13.4811371974414 -13.585890561029 -3.53716574702514 
-17 2.34555751906009 -4.00238013825549 -5.84730288052333 -4.19386079978049 -7.23693370787179 -10.2860168308678 -8.46196697274658 -15.4113500745707 -22.4977776371936 -29.6076530489738 -40.0674654346902 -11.0798714990727 -15.2792747176142 -22.1158222107919 -16.8451561280336 -18.2003141994598 -19.6061349249891 -23.5242142091438 -27.4462205997057 -24.8768322086014 -31.1908816368102 -19.8965730888328 -21.3899468939143 -13.4134901720763 -5.00000004682305 -22.4465557036619 -13.60212560981 -13.6710768430278 -3.57792522464423 
-16.8 2.33485575491795 -4.03833648683162 -5.8113465319472 -4.22194723063514 -7.30097648730257 -10.3860159588747 -8.4057923672586 -15.3192191205065 -22.3696903345534 -29.4436093977574 -39.8674654348977 -11.0517841962252 -15.2152310661906 -22.0158222107922 -16.9013307337293 -18.2924451537316 -19.7342222278371 -23.6882578605679 -27.6462205997059 -24.9689631154271 -31.318968892212 -19.9527476470824 -21.4618595438279 -13.4494464734138 -4.99999999958437 -22.6027293899185 -13.7223429474897 -13.7553378321317 -3.61945252329698 
-16.6 2.32410638820147 -4.07445277303424 -5.77523024574459 -4.2497138499739 -7.36485939284396 -10.4860151506187 -8.35025751230145 -15.2275679793468 -22.241922907191 -29.2797256841924 -39.6674654351301 -11.0240167686307 -15.1513473523935 -21.9158222107924 -16.956865588919 -18.384096295124 -19.8619896554321 -23.8521415743655 -27.8462205997062 -25.0606142926858 -31.4467363556733 -20.0082825381384 -21.5340921523318 -13.4855627957151 -5.00000003568305 -22.7582634727179 -13.8417607440873 -13.8386393425263 -3.66185074956446 
-16.4 2.31330787256593 -4.11073419235346 -5.73894882642537 -4.27715026197265 -7.42857722416192 -10.5860144012559 -8.29538318983961 -15.1364122375657 -22.1144857460907 -29.116007103773 -39.4674654353914 -10.9965796072694 -15.087628771713 -21.8158222107927 -17.0117399116424 -18.4752520371666 -19.9894268167939 -24.0158601550465 -28.0462205997064 -25.1517700197467 -31.5741735020535 -20.0631568458801 -21.6066549762499 -13.5218442003139 -5.00000002096265 -22.913137031097 -13.9603528831464 -13.9209500622665 -3.70524227770551 
-16.2 2.30245888279751 -4.14718519731217 -5.70249782146665 -4.3042475570814 -7.49212552422939 -10.6860137062821 -8.24118720996714 -15.0457652527345 -21.9873877563008 -28.9524581090243 -39.2674654356841 -10.9694816171872 -15.024079776672 -21.715822210793 -17.0659358918078 -18.5658990222907 -20.1165248068767 -24.1794091500881 -28.2462205997067 -25.2424169791329 -31.7012714663983 -20.1173528003076 -21.679556960722 -13.5582951798273 -4.99999999551733 -23.0673322905499 -14.0780971376414 -14.0022433118024 -3.74977356168072 
-16 2.29155837267172 -4.18380930307033 -5.66587371570849 -4.33099870078894 -7.55550077369509 -10.7860130615059 -8.18768363332661 -14.9556375703358 -21.860635968144 -28.7890822151093 -39.0674654360109 -10.9427298287038 -14.9607038824305 -21.6158222107933 -17.1194394687754 -18.6560267050165 -20.2432765953607 -24.3427850443302 -28.4462205997069 -25.3325446570466 -31.8280232500702 -20.1708563724631 -21.752805167753 -13.5949192811002 -4.99999999103206 -23.2208352179294 -14.1949759592619 -14.0824980276652 -3.7956217254287 
-15.8 2.28060564521002 -4.22060885137298 -5.62907416740584 -4.35739900570089 -7.61870062690968 -10.8860124630232 -8.13488182690133 -14.8660362156079 -21.7342350651134 -28.6258817637761 -38.867465436375 -10.9163289253094 -14.8975034307334 -21.5158222107936 -17.1722412755651 -18.7456280601089 -20.3696774987557 -24.5059854960278 -28.6462205997072 -25.4221460442894 -31.9544241856157 -20.2236582114033 -21.8264042968729 -13.6317188619175 -5.00000002354668 -23.3736364583862 -14.3109776514168 -14.161700171517 -3.84300341752686 
-15.6 2.26960043067811 -4.25758474848756 -5.59209827029126 -4.38344665564129 -7.68172417396467 -10.9860119071927 -8.08278541576557 -14.7769639073576 -21.6081868597485 -28.4628576612966 -38.6674654367809 -10.8902807195389 -14.8344793278483 -21.415822210794 -17.2243376871071 -18.8347003687654 -20.4957257045268 -24.6690095989135 -28.8462205997075 -25.5112183371821 -32.0804723756229 -20.2757546071814 -21.900356075744 -13.668694743674 -5.00000000818862 -23.5257322983338 -14.4260975942491 -14.2398442172351 -3.89218705932015 
-15.4 2.25854298542254 -4.29473613312753 -5.5549468856513 -4.40914336978179 -7.74457227274514 -11.0860113906132 -8.03139095477681 -14.6884180617289 -21.4824896294798 -28.3000090463879 -38.4674654372323 -10.8645834888192 -14.7716307124887 -21.3158222107943 -17.2757321485476 -18.9232462148459 -20.6214229352472 -24.8318582142739 -29.0462205997079 -25.599764139141 -32.2061695622218 -20.3271490245004 -21.9746588013538 -13.7058460846438 -4.99999996451849 -23.6771261990725 -14.5403401103486 -14.3169353486943 -3.94350994108348 
-15.2 2.24743419408333 -4.3320600330329 -5.51762298574592 -4.43449508945993 -7.80724789232865 -11.1860109101021 -7.98068655489842 -14.6003897619451 -21.3571374297906 -28.1373329467934 -38.2674654377324 -10.8392312886301 -14.7089546123942 -21.2158222107945 -17.3264365489264 -19.0112745151301 -20.7467751354368 -24.9945343143688 -29.2462205997082 -25.6877924619928 -32.331521784979 -20.3778534474468 -22.0493066242323 -13.7431700076169 -4.9999999875862 -23.8278301415077 -14.653720152878 -14.3929914913183 -3.99740295050459 
-15 2.23627567308722 -4.36955101724831 -5.48013200153051 -4.45951267360413 -7.86975646068826 -11.2860104626771 -7.93065049231358 -14.5128627151448 -21.232119398775 -27.9748239315624 -38.0674654382859 -10.8142132570613 -14.64644559661 -21.1158222107949 -17.3764726120659 -19.098801562485 -20.8717931670071 -25.1570433301546 -29.4462205997093 -25.7753195270253 -32.4565398342269 -20.4278895282639 -22.124288610895 -13.7806610100642 -5.00000000581809 -23.9778657748994 -14.7662648020544 -14.4680451562796 -4.05442736454386 
-14.8 2.22506990475813 -4.40720074553167 -5.44248227324715 -4.48421279989837 -7.93210631526586 -11.386010045538 -7.88124940606134 -14.4258119006092 -21.107418855956 -27.81247366046 -37.8674654389003 -10.7895127136284 -14.5840953248938 -21.0158222107953 -17.4258736989321 -19.1858523776345 -20.99649371044 -25.3193936018708 -29.6462205997089 -25.8623703670901 -32.581240402575 -20.4772906400453 -22.1995880929905 -13.8183107638763 -5.00000003134683 -24.1272664695414 -14.8780157684129 -14.5421463943545 -4.11533092088518 
-14.6 2.21382036805153 -4.44499752910586 -5.40468548967297 -4.50861884326225 -7.99430914220392 -11.4860096560503 -7.83243654103631 -14.33920225201 -20.9830124237826 -27.6502704447124 -37.6674654395785 -10.7651062807772 -14.5218921084684 -20.9158222107957 -17.4746865646365 -19.2724620269131 -21.1209001432927 -25.4815968182978 -29.8462205997101 -25.9489800281792 -32.7056468472384 -20.5261035175602 -22.2751816726283 -13.85610755994 -5.00000004383634 -24.2760789575682 -14.9890314728655 -14.6153653152333 -4.18113755144947 
-14.4 2.20253168058116 -4.48292585346999 -5.36675716530883 -4.53276183021419 -8.05638045352 -11.5860092917305 -7.78414983924568 -14.2529872258553 -20.8588690732637 -27.4881987698294 -37.4674654403313 -10.7409629295059 -14.4598204328329 -20.8158222107961 -17.5229732671796 -19.3586770538203 -21.2450434945641 -25.6436684939333 -30.0462205997097 -26.0351949712652 -32.8297901146885 -20.5743901362821 -22.3510382382874 -13.8940358012349 -4.99999996076713 -24.4243652119698 -15.099389402903 -14.6877949209062 -4.25329771567494 
-14.2 2.19120977690909 -4.52096577937111 -5.32871723940771 -4.55668163691268 -8.11834018611961 -11.6860089502312 -7.73630954367995 -14.1671070043884 -20.7349489258957 -27.3262386965603 -37.2674654411611 -10.7170427813086 -14.3978603587345 -20.7158222107966 -17.5708135635763 -19.4445572761181 -21.3689636427631 -25.8056285680333 -30.2462205997109 -26.1210752751917 -32.9537103445162 -20.6222305143075 -22.4271181725489 -13.9320758095953 -5.0000000432264 -24.5722052484955 -15.2091895135276 -14.7595551056301 -4.33395599893677 
-14 2.17986201646272 -4.55909258021897 -5.29059043855986 -4.58042771432077 -8.18021306437556 -11.786008629335 -7.68881674799355 -14.0814874078542 -20.6112025285136 -27.1643654983304 -37.0674654420833 -10.6932963830048 -14.3359871595829 -20.6158222107971 -17.6183063601845 -19.5301768735743 -21.492710041067 -25.9675017671852 -30.4462205997106 -26.2066948369366 -33.0774567071089 -20.6697232752045 -22.5033717394548 -13.9702025756533 -5.00000000843657 -24.7196976884959 -15.3185551526802 -14.8307939439344 -4.42646911248317 
-13.8 2.16849740606267 -4.59727599442514 -5.25240702435368 -4.60406058351323 -8.24202934777419 -11.8860083269398 -7.64155040584 -13.9960376514944 -20.4875693579477 -27.0025489135583 -36.867465443105 -10.6696632114177 -14.2741705737895 -20.5158222107976 -17.6655727033611 -19.615626630957 -21.6163432126559 -26.1293183529802 -30.6462205997118 -26.2921445758167 -33.2010898601951 -20.7169895998784 -22.579738550387 -14.0083859723793 -4.99999999095639 -24.8669637107741 -15.4276377607522 -14.9016931378006 -4.53651500693359 
-13.6 2.15712673368398 -4.63547977598516 -5.21420324279367 -4.6276527345089 -8.30382528032987 -11.9860080410555 -7.59436553321859 -13.910648997313 -20.3639769222063 -26.8407526962568 -36.6674654442436 -10.6460707745382 -14.2123743553501 -20.4158222107981 -17.7127575771208 -19.7010152862767 -21.7399356495356 -26.2911145714199 -30.8462205997116 -26.377533234539 -33.3246823004774 -20.7641744770407 -22.6561461180473 -14.0465897584797 -4.99999999549673 -25.0141483020515 -15.5366185704696 -14.9724701659576 -4.67486265960374 
-13.4 2.14576273853891 -4.67366112302539 -5.17602189575344 -4.65128976917226 -8.36564366203346 -12.0860077697993 -7.5470909226498 -13.825193039704 -20.240339617557 -26.6789340445673 -36.4674654455139 -10.6224334686193 -14.1505557023909 -20.3158222107987 -17.7600321889611 -19.7864712451573 -21.8635729554564 -26.452933224381 -31.0462205997128 -26.4629891815662 -33.4483195945449 -20.8114490770277 -22.7325088015455 -14.0847710949376 -4.99999998491444 -25.1614226307818 -15.6457115521597 -15.0433818006079 -4.86611007797112 
-13.2 2.13442027790006 -4.71177011730189 -5.13791290147694 -4.67507152221409 -8.42753440935179 -12.1860075113942 -7.49952690118266 -13.7395200239603 -20.1165576075369 -26.5170430402707 -36.2674654469407 -10.5986514571728 -14.088664696668 -20.2158222107993 -17.8075962118549 -19.8721442623276 -21.9873549669032 -26.6148242301043 -31.2462205997126 -26.5486622134821 -33.5721016207373 -20.8590131146671 -22.8087268062702 -14.1228801053858 -5.00000000108612 -25.3089864100155 -15.7551663371168 -15.1147275912882 -5.19170580537096 
-13 2.12311646027956 -4.74974927673816 -5.09993374204066 -4.69911295611913 -8.4895550026931 -12.2860072641718 -7.45144354053644 -13.6534575038779 -19.9925159280181 -26.3550222013157 -36.0674654485494 -10.574609776046 -14.0266438561049 -20.1158222107999 -17.8556795741112 -19.9582067840201 -22.1113966480321 -26.7768450706694 -31.446220599714 -26.6347247565681 -33.6961433232596 -20.9070964983168 -22.8846851481456 -14.1608592878249 -5.00000002408899 -25.4570695464422 -15.8652703141072 -15.1868524088427 -6.35203308072104 
-12.8 2.1118707715068 -4.78753313182237 -5.06214988695645 -4.72354500835742 -8.55177091001561 -12.3860070265785 -7.40257896270329 -13.5668090709605 -19.8680836400166 -26.1928060582299 -35.8674654503794 -10.5501774862151 -13.9644277111898 -20.0158222108006 -17.9045441537742 -20.0448552187674 -22.2358289378635 -26.9390612155851 -31.6462205997139 -26.7213731685117 -33.8205755902874 -20.9559610551762 -22.9602528373396 -14.1986431219347 -5.00000000311454 -25.6059338657076 -15.9763507782884 -15.2601490179393 -5.15116891363631 
-12.6 2.10070517356507 -4.82504789353093 -5.02463512524789 -4.74851525554672 -8.61425591891347 -12.4860067971849 -7.35263801163177 -13.4793533581804 -19.7431131655279 -26.0303208220327 -35.6674654524736 -10.525207009633 -13.9019424728991 -19.9158222108013 -17.9544851069415 -20.1323109336431 -22.3607994144479 -27.101546453878 -31.8462205997154 -26.808828839852 -33.9455460233362 -21.0059019648079 -23.0352823193161 -14.2361578422027 -4.99999996167399 -25.755874545945 -16.0887766968173 -15.3350601747599 -4.87105076670746 
-12.4 2.08964414638467 -4.86221131290985 -4.98747170586897 -4.7741881943044 -8.67709227705007 -12.5860065747004 -7.30129169156801 -13.3908436187377 -19.6174400067063 -25.8674842438322 -35.4674654548942 -10.4995338483916 -13.8391058922788 -19.8158222108021 -18.0058314294258 -20.2208206755064 -22.48647257569 -27.2643830344991 -32.0462205997154 -26.8973385945051 -34.0712191973683 -21.0572483000822 -23.1096091732837 -14.2733212767913 -4.99999997688368 -25.9072206587339 -16.2029593902273 -15.4120794487907 -4.7061581830421 
-12.2 2.07871464500204 -4.89893282501362 -4.9507501937652 -4.8007449533894 -8.74037054823884 -12.686006357993 -7.24817774280525 -13.3010081578712 -19.490883033736 -25.7042057587581 -35.2674654577164 -10.4729768726 -13.7758274043834 -19.715822210803 -18.0589453810123 -20.3106561391967 -22.6130295514841 -27.4276615223969 -32.246220599717 -26.9871740889762 -34.1977762039431 -21.1103622824494 -23.1830522310949 -14.3100428224988 -5.00000001048735 -26.0603344243929 -16.3193516437825 -15.4917501902425 -4.58942732866729 
-12 2.06794598163106 -4.93511394512832 -4.9145690736505 -4.82838250127849 -8.80418921624263 -12.7860061461115 -7.19290222659383 -13.2095515215451 -19.3632452772952 -25.5403868822026 -35.0674654610461 -10.4453391128304 -13.7120085244991 -19.615822210804 -18.1142209005537 -20.4021127788528 -22.7406673112549 -27.5914804022824 -32.4462205997172 -27.0786307109134 -34.325413945995 -21.1656377842719 -23.2554144569344 -14.3462239282236 -4.99999999609744 -26.2156097143329 -16.4384458136078 -15.5746632399527 -4.49915058479859 
-11.8 2.05736957956105 -4.97064909563802 -4.8790339231408 -4.85731199245922 -8.86865385793306 -12.8860059383116 -7.13504283260109 -13.1161569770426 -19.2343155822831 -25.3759220366807 -34.8674654650146 -10.4164094138509 -13.6475436750099 -19.5158222108051 -18.1720802985167 -20.4955073273255 -22.8695970102373 -27.7559452517745 -32.646220599719 -27.1720252760859 -34.4543436616772 -21.2234971989347 -23.3264847786228 -14.3817590994023 -5.00000001676643 -26.3734689211948 -16.56076986996 -15.6614521457955 -4.42554726097392 
-11.6 2.04701848502737 -5.00542724606765 -4.84425577271117 -4.88775548737473 -8.93387550327821 -12.9860057340864 -7.07415543910911 -13.020491433121 -19.1038718879318 -25.2107001918999 -34.6674654698041 -10.3859657147112 -13.5823218254405 -19.4158222108061 -18.2329676967994 -20.5911728760378 -23.0000407093792 -27.9211671013461 -32.8462205997202 -27.2676908215506 -34.5847873575716 -21.2843845939699 -23.396041081024 -14.4165372513738 -5.00000001830839 -26.5343561120033 -16.6868789103393 -15.7527830357448 -4.36339141844989 
-11.4 2.03692665719427 -5.03933429863557 -4.81034872014325 -4.91994118134634 -8.99996824981773 -13.0860055331938 -7.00978365523105 -12.9222125966751 -18.9716859989179 -25.044607250318 -34.4674654756544 -10.3537798198484 -13.5162288780098 -19.3158222108075 -18.2973394865291 -20.6894517183354 -23.1322266042447 -28.0872600487795 -33.0462205997215 -27.365969596454 -34.7169731850429 -21.3487563163054 -23.4638551246159 -14.4504442423978 -4.99999995676444 -26.6987276334452 -16.8173433792125 -15.8493404520505 -4.30958345055134 
-11.2 2.02712791156955 -5.07225663822479 -4.77742638055403 -4.95409630465752 -9.06704571271813 -13.1860053356834 -6.94147302082008 -12.8209796226749 -18.8375306853285 -24.8775295971394 -34.2674654828865 -10.3196244990284 -13.4491512176007 -19.2158222108091 -18.3656501281737 -20.7906846995693 -23.2663819250679 -28.2543377091918 -33.2462205997231 -27.4672026483656 -34.8511285765437 -21.4170670286276 -23.5296998817041 -14.4833666598968 -5.00000003467419 -26.8670381482552 -16.952731554434 -15.9518062876824 -4.26215194200891 
-11 2.01765427715145 -5.10408665212677 -4.74559636665205 -4.99043608308839 -9.13521550505098 -13.2860051419183 -6.86879308548101 -12.7164696734338 -18.7011907221855 -24.7093596200944 -34.0674654919395 -10.2832845268342 -13.3809812315045 -19.1158222108109 -18.4383300725676 -20.8951946578651 -23.4027218972657 -28.4225076952916 -33.4462205997249 -27.5717126006759 -34.987468542756 -21.489746967036 -23.5933599125755 -14.5151966768663 -5.00000003774169 -27.039717892897 -17.0935812851731 -16.0608260045199 -4.21977722037825 
-10.8 2.00853392039426 -5.1347297052108 -4.71495331356803 -5.02914978758068 -9.2045722626273 -13.3860049525786 -6.7913653092828 -12.6083988441516 -18.5624768398192 -24.5400026846441 -33.8674655034052 -10.2445706330044 -13.3116242845906 -19.015822210813 -18.5157578602336 -21.0032654986151 -23.5414357910997 -28.5918646422097 -33.646220599727 -27.6797834260532 -35.1261824212172 -21.5671747393292 -23.6546460148364 -14.5458397260432 -5.00000003383455 -27.217145475848 -17.2403658150408 -16.1769674813032 -4.18153867350888 
-10.6 1.99978821817786 -5.1641139743144 -4.68556904446442 -5.0703810654469 -9.27518780959712 -13.486004768652 -6.70890240037911 -12.4965516661443 -18.4212453927083 -24.3693869684296 -33.6674655180871 -10.2033391712141 -13.2410085536967 -18.9158222108155 -18.5982207838216 -21.1151126913068 -23.682667252895 -28.7624803731086 -33.8462205997294 -27.7916306072834 -35.2674138715511 -21.6496376514558 -23.7134145562641 -14.5752239983672 -5.000000037055 -27.3996082040459 -17.3934442741344 -16.3006616712936 -4.14676558599758 
-10.4 1.991428099107 -5.19220274093803 -4.65748027784079 -5.11420335494323 -9.34709886571708 -13.5860045913956 -6.6212574858577 -12.3808179849992 -18.2774229449396 -24.1974757540373 -33.4674655370712 -10.1595167044643 -13.1690973203232 -18.8158222108184 -18.68586571733 -21.2308463914388 -23.8264897196506 -28.9343916064878 -34.0462205997323 -27.9073642889134 -35.4112363198048 -21.7372825664623 -23.7695920899935 -14.603312765473 -5.00000003753714 -27.5872529417927 -17.5530002452583 -16.4321288757935 -4.11494152951331 
-10.2 1.98344968957826 -5.21900901981766 -4.63067399896116 -5.1605906280547 -9.42029241770818 -13.6860044222663 -6.52848262611583 -12.2612368463777 -18.1310355274385 -24.0242820576566 -33.2674655618108 -10.1131292622269 -13.0959035992063 -18.7158222108218 -18.7786406018148 -21.3504275548032 -23.9728771618947 -29.1075853276115 -34.2462205997357 -28.026945419695 -35.557623729466 -21.8300574183642 -23.8232046399095 -14.6301190365093 -5.00000002969384 -27.7800276245624 -17.7189686491476 -16.5712910008035 -4.08563750693745 
-10 1.97582964797039 -5.24461123535693 -4.60507178342189 -5.20938603752566 -9.49469004271841 -13.7860042628158 -6.43089152068067 -12.1380435254033 -17.9822399909248 -23.8498843056036 -33.0674655942185 -10.0643336933095 -13.0215058147495 -18.6158222108258 -18.8762317396617 -21.4736209081894 -24.1216727308201 -29.2819831120762 -34.4462205997396 -28.1501386908237 -35.706419216134 -21.9276484739537 -23.8744090211383 -14.6557212021989 -4.99999997984412 -27.9776185206969 -17.8909573297436 -16.7176774658599 -4.05846227111962 
-9.80000000000004 1.96852107672021 -5.26916695644875 -4.58051606233007 -5.26027444707626 -9.57013417336083 -13.8860041145501 -6.32911444757317 -12.011710731204 -17.8313514756337 -23.6744400692206 -32.8674656367438 -10.0134451354978 -12.946061535846 -18.5158222108305 -18.9780088552991 -21.5999537449186 -24.2725612886411 -29.4574273909891 -34.6462205997443 -28.2764714820624 -35.8573077284645 -22.0294255441006 -23.9235204603567 -14.6802769203254 -4.99999997687886 -28.1793954425738 -18.0681785305279 -16.8703429455527 -4.03302586318461 
-9.60000000000004 1.96145138004795 -5.2929200942024 -4.55676292457642 -5.31276803578433 -9.64638089982255 -13.9860039787655 -6.22412705425219 -11.8829702001294 -17.6788578068054 -23.4981932626387 -32.6674656924082 -9.96095141101051 -12.8698146736051 -18.4158222108359 -19.0829963042899 -21.728694331663 -24.4250550131392 -29.6336742532408 -34.8462205997497 -28.4052120330949 -36.0098014172506 -22.1344129573794 -23.9710267558164 -14.7040300780315 -4.99999999683126 -28.3843827200622 -18.2494126702634 -17.0278239475342 -4.00891641578144 
-9.40000000000004 1.95452400483191 -5.31619505286129 -4.53348796591754 -5.36621799608172 -9.72310581877882 -14.0860038563806 -6.11722696123197 -11.7527951484503 -17.5254077964674 -23.3214682936418 -32.4674657647524 -9.90750132833452 -12.7930896322702 -18.3158222108421 -19.1898964696605 -21.8588694556926 -24.5785050958277 -29.8103992945881 -35.0462205997559 -28.5353870666531 -36.1632514094677 -22.2413130322787 -24.017576655007 -14.7273050185632 -4.99999997870412 -28.5912826725708 -18.4330376641124 -17.1881739827247 -3.9856940718215 
-9.20000000000004 1.94762549339794 -5.33937303347101 -4.51030998530781 -5.41986192628116 -9.799927729588 -14.1860037477995 -6.00993897658369 -11.6223291831922 -17.3717638505997 -23.1446463671644 -32.2674658576652 -9.85385728956106 -12.716267612887 -18.2158222108492 -19.2971845472287 -21.9893355138705 -24.7321491346153 -29.9872213139855 -35.2462205997629 -28.6658530820785 -36.3168954055028 -22.3486010670944 -24.0639326663868 -14.7504830493332 -5.00000002886443 -28.7985705987979 -18.6171476097305 -17.3491059477327 -3.96290448198188 
-9.00000000000004 1.94063756579999 -5.3628514391992 -4.48683157957962 -5.47290501987116 -9.87644922890618 -14.2860036528459 -5.90385271694562 -11.492764517826 -17.2187207795052 -22.9681248903417 -32.0674659751144 -9.80081410102536 -12.6397460186232 -18.1158222108572 -19.4032709243238 -22.1189002966938 -24.8851923231668 -30.1637429082652 -35.4462205997708 -28.7954177145863 -36.4699384437388 -22.454687293874 -24.1108894449768 -14.7739614221951 -4.99999999599806 -29.0046567306164 -18.79975533582 -17.5082352680944 -3.94010915453578 
-8.80000000000004 1.93345179047901 -5.38699458408626 -4.46268843469256 -5.52461864804396 -9.95230600196603 -14.3860035707928 -5.80042544221694 -11.3651940982103 -17.0670072150024 -22.7922681809519 -31.8674661208375 -9.7491003908082 -12.5638891635189 -18.0158222108659 -19.5066983447843 -22.2464708620413 -25.0369060334014 -30.3395997633868 -35.6462205997795 -28.9229881300094 -36.621652004049 -22.55811456441 -24.1591757305496 -14.7981045628808 -4.99999999179675 -29.2080839190903 -18.9790393794076 -17.6633761667946 -3.91692423268441 
-8.60000000000004 1.92598217679188 -5.41209138400601 -4.43759163477281 -5.57442497789802 -10.0272091317398 -14.4860035004864 -5.70081281917302 -11.2404846752466 -16.917200992119 -22.6173651581487 -31.6674662981146 -9.69929399065713 -12.4889859634481 -17.9158222108753 -19.6063111451147 -22.3711804622915 -25.1867124335713 -30.5145029634765 -35.8462205997889 -29.0476975908959 -36.7714582648552 -22.6577272253768 -24.2093693683025 -14.823201400714 -5.00000002971016 -29.4076965097415 -19.1535551701384 -17.812795157606 -3.89305211626597 
-8.40000000000004 1.91817207424901 -5.43833217624518 -4.41135084253365 -5.6219433334561 -10.1009682795371 -14.5860034405228 -5.60577619970783 -11.1192072635422 -16.7696827881755 -22.443606161966 -31.4674665096927 -9.65177557514554 -12.4152267556974 -17.8158222108854 -19.7013479761681 -22.492458085584 -25.334230849103 -30.6882621712473 -36.0462205997989 -29.1689749477049 -36.9189764139034 -22.7527637899466 -24.2618508978753 -14.8494421380477 -4.99999997480468 -29.6027330143373 -19.3223508824957 -17.9553500777238 -3.86829553150797 
-8.20000000000005 1.90999432245735 -5.46580821571724 -4.38387480306159 -5.66699120341506 -10.1734921889681 -14.6860033894258 -5.51568060577217 -11.0016356301345 -16.6246351152957 -22.2710824496142 -31.2674667578688 -9.60672765410028 -12.34270279518 -17.715822210896 -19.7914438182904 -22.6100299671784 -25.4792787701694 -30.8607861317859 -36.2462205998095 -29.2865466414345 -37.064024147105 -22.8428594442041 -24.3168030371307 -14.876918237831 -5.00000003511597 -29.7928286174877 -19.4849704461733 -18.0904936019297 -3.84255187029589 
-8.00000000000005 1.90144621836953 -5.4945285842625 -4.35515443451632 -5.70955042268409 -10.2447717767824 -14.7860033457854 -5.43056236676966 -10.8877970225867 -16.4820761392027 -22.0998031049759 -31.0674670446853 -9.56416839120192 -12.2714231637364 -17.6158222109071 -19.8765623441204 -22.7238688615537 -25.62183803309 -31.0320657632517 -36.4462205998206 -29.4003852360794 -37.2065831102952 -22.9279776703038 -24.3742437613073 -14.9056385934623 -5.00000002220203 -29.9779467999354 -19.6413682600765 -18.2181710472872 -3.81579318226074 
-7.80000000000005 1.89254245650955 -5.52444391044837 -4.32523910833045 -5.74971973286649 -10.3148564131507 -14.8860033083396 -5.35022399897238 -10.7775433286036 -16.3419071190336 -21.929718758621 -30.8674673721445 -9.523999043585 -12.2013384899336 -17.5158222109184 -19.9569010393884 -22.8341228830076 -25.7620073807297 -31.2021504370773 -36.6462205998321 -29.5106389261208 -37.3467521265224 -23.0083160341593 -24.4340744097257 -14.9355539156949 -5.00000001824867 -30.1582851263337 -19.7917912602886 -18.3386787213134 -3.78804247304592 
-7.60000000000005 1.88330818945542 -5.55546968532373 -4.29421333345509 -5.78766815078403 -10.3838306059436 -14.9860032760078 -5.27432746873356 -10.6706210234894 -16.2039590390441 -21.7607449037561 -30.6674677424042 -9.48605059334764 -12.1323642648209 -17.4158222109304 -20.0327979398997 -22.9410455583942 -25.8999558309917 -31.3711246622146 -36.8462205998448 -29.6175612442789 -37.4847002195559 -23.084212577442 -24.4961259725085 -14.9665797036023 -5.00000003128073 -30.3341816372728 -19.9366619963523 -18.4525236825022 -3.759351994064 
-7.40000000000005 1.87377357447986 -5.5875045849017 -4.26217843387712 -5.82359832351294 -10.4517956782505 -15.0860032478927 -5.20246748256903 -10.5667261377469 -16.0680292537236 -21.5927802188576 -30.4674681579278 -9.45012039251588 -12.0643991644112 -17.3158222109427 -20.1046583415993 -23.0449408596718 -26.0358860318473 -31.5390897626481 -37.0462205998563 -29.7214560893716 -37.6206299642266 -23.1560725229567 -24.5601957310023 -14.9986145625181 -4.99999999061863 -30.5060415546601 -20.0764870141616 -18.5603138007331 -3.72978731876821 
-7.20000000000005 1.86397004150786 -5.62044300927145 -4.22924000950737 -5.85772145014195 -10.5188572292492 -15.1860032232612 -5.13422164369524 -10.4655418745034 -15.9339065661103 -21.4257191068746 -30.267468621575 -9.41599724126805 -11.9973375887936 -17.2158222109553 -20.1729046441337 -23.1461255865759 -26.1700091831211 -31.7061513382918 -37.2462205998697 -29.8226403772994 -37.7547526765241 -23.2243183865148 -24.6260726044134 -15.0315530115595 -5.00000001529021 -30.674287393574 -20.2117944287058 -18.6626827909079 -3.69941725297984 
-7.00000000000005 1.85392798820976 -5.65418282674552 -4.1955001920333 -5.89024179345359 -10.5851173900349 -15.286003201521 -5.06918142869898 -10.366761842033 -15.801386716166 -21.2594594394561 -30.0674691366825 -9.38347687622922 -11.9310774062807 -17.1158222109684 -20.2379453742497 -23.2449061341659 -26.3025295481853 -31.87241152083 -37.4462205998819 -29.9214204100337 -37.8872725267326 -23.2893586017751 -24.6935522396126 -15.0652928292846 -5.00000001554125 -30.8393275870811 -20.3430948047388 -18.7602433494665 -3.66830802798063 
-6.80000000000005 1.84367557824589 -5.68862941158051 -4.16105360719832 -5.92134860445764 -10.650670785874 -15.386003182195 -5.00696833845225 -10.2701021669513 -15.6702804562492 -21.0939065947044 -29.8674697070958 -9.35237004591262 -11.8655239911291 -17.0158222109818 -20.3001590349239 -23.3415663796751 -26.4336363785294 -32.0379649360091 -37.6462205998961 -30.0180800601113 -38.0183787616451 -23.3515716670176 -24.7624453842649 -15.0997393891019 -4.99999999052364 -31.0015406329842 -20.4708612658069 -18.8535632257 -3.63652077673874 
-6.60000000000004 1.83323821547674 -5.72369741055325 -4.12598560822557 -5.95121258921637 -10.7156027696054 -15.4860031648992 -4.94724096446454 -10.1753067939909 -15.540417084316 -20.9289752237985 -29.6674703372171 -9.32250604387196 -11.8005919901157 -16.9158222109956 -20.3598870390459 -23.4363623827699 -26.563500380597 -32.2028969370494 -37.8462205999091 -30.112875463669 -38.1482421641755 -23.4112990716026 -24.8325814127939 -15.1348074186581 -5.00000002110705 -31.1612680202595 -20.5955206541095 -18.9431546150295 -3.60411070062166 
-6.40000000000004 1.82263842574321 -5.7593111401618 -4.09037187861703 -5.97998511442367 -10.7799890244213 -15.5860031493236 -4.88969657770813 -10.0821486776259 -15.4116452383425 -20.7645896482164 -29.4674710320265 -9.29373350310332 -11.7362057197385 -16.8158222110099 -20.4174321206268 -23.5295211939593 -26.6922729213949 -32.3672832074559 -38.0462205999241 -30.2060335184733 -38.2770139485884 -23.4688433967983 -24.903808810436 -15.1704210866917 -4.99999995953212 -31.3188123298654 -20.7174512341069 -19.0294714654186 -3.57112714172688 
-6.20000000000004 1.81189599767094 -5.79540411354357 -4.05427890523525 -6.00779915355321 -10.8438960369326 -15.6860031352167 -4.83406923633398 -9.99042836286999 -15.2838319502049 -20.600683386697 -29.2674717971253 -9.26591944988161 -11.672298693135 -16.7158222110247 -20.4730602271136 -23.6212422738279 -26.8200869746453 -32.5311902340881 -38.2462205999381 -30.2977538865481 -38.404827290045 -23.5244707914914 -24.9759948105037 -15.2065141133777 -5.00000001283631 -31.4744397104368 -20.8369856412965 -19.1129128992261 -3.53761429460492 
-6.00000000000004 1.80102819181047 -5.83191833779544 -4.01776468098338 -6.0347706922062 -10.9073817998375 -15.7860031223734 -4.78012697498097 -9.8999718772651 -15.1568612403481 -20.4371984525883 -29.0674726387648 -9.2389478984006 -11.6088129174022 -16.6158222110399 -20.5270033301221 -23.7116996010883 -26.9470585261575 -32.6946760098522 -38.4462205999541 -30.3882103960146 -38.5317980237634 -23.5784130767061 -25.0490232828539 -15.243028361476 -5.00000003668273 -31.628381982793 -20.9544136894008 -19.1938267230789 -3.5036117633217 
-5.80000000000004 1.79005002981285 -5.86880334238619 -3.98087967639263 -6.06100067127675 -10.9704967834988 -15.8860031106254 -4.72766791847939 -9.81062781617277 -15.030632174665 -20.2740843823145 -28.8674735639002 -9.21271790759786 -11.5456979220087 -16.5158222110557 -20.5794633117741 -23.801044587331 -27.073288516991 -32.8577910052764 -38.646220599969 -30.4775544455591 -38.6580270778986 -23.6308721216598 -25.1227932804717 -15.2799133545031 -5.00000002511906 -31.780841015983 -21.069987718 -19.272515747087 -3.46915535865759 
-5.60000000000004 1.77897456521168 -5.90601526936876 -3.94366774941007 -6.08657680651986 -11.0332848457244 -15.9860030998337 -4.67651664273908 -9.7222646134499 -14.9050570449596 -20.1112973256265 -28.6674745802297 -9.18714176157935 -11.4829098490076 -16.415822211072 -20.6306156038609 -23.8894088064004 -27.198864663043 -33.0205790783109 -38.8462205999861 -30.5659176078491 -38.7836021671712 -23.6820233569672 -25.1972170939877 -15.3171252410365 -4.99999998466993 -31.9319922404824 -21.1839270155169 -19.3492431176217 -3.4342776815445 
-5.40000000000004 1.76781314436812 -5.94351599664379 -3.90616702213504 -6.11157534201848 -11.0957841084981 -16.0860030898824 -4.62652066787361 -9.6347679113094 -14.780059615544 -19.948799168936 -28.4674756962641 -9.16214321614636 -11.4204105762996 -16.315822211089 -20.680612694777 -23.9769066245915 -27.3238632085091 -33.183078351052 -39.0462206000023 -30.6534143330821 -38.9085996196792 -23.7320193549252 -25.2722185716133 -15.3546259913871 -5.00000000774548 -32.0819882284721 -21.2964222762315 -19.424237651061 -3.39900862775429 
-5.20000000000004 1.75657563417917 -5.98127237289306 -3.86841064588576 -6.13606258031205 -11.1580277230409 -16.1860030806745 -4.57754739798918 -9.5480382651757 -14.6555735931611 -19.7865567703037 -28.2674769213826 -9.13765596866251 -11.3581669525665 -16.2158222111066 -20.7295871897982 -24.063637495862 -27.4483504560289 -33.3453219748211 -39.2462206000206 -30.7401439516131 -39.0330856144594 -23.7809925972069 -25.3477312964915 -15.392382340016 -4.99999998012511 -32.2309614615283 -21.4076391330384 -19.497698131619 -3.36337575256427 
-5.00000000000004 1.74527063593268 -6.01925549905846 -3.83042751972037 -6.16009631943495 -11.2200445883292 -16.2860030721282 -4.5294812471853 -9.46198898820642 -14.5315411900264 -19.6245412410036 -28.0674782659171 -9.1136222210116 -11.2961500787501 -16.1158222111249 -20.7776546851541 -24.1496881173833 -27.5723842037156 -33.5073388486732 -39.4462206000381 -30.8261932773711 -39.1571180663828 -23.8290587967995 -25.4236975975928 -15.4303655149518 -5.00000002889557 -32.3790276525563 -21.5177221979011 -19.5697980703158 -3.32740464205397 
-4.80000000000004 1.73390565509908 -6.05744015786672 -3.79224286091211 -6.1837269938642 -11.2818599215667 -16.3860030641739 -4.48222135772738 -9.37654443994023 -14.407911982952 -19.4627273751209 -27.8674797412261 -9.08999153864717 -11.2343347375775 -16.0158222111439 -20.8249160499408 -24.2351341409783 -27.6960148861188 -33.6691541898847 -39.6462206000579 -30.9116378094365 -39.2807472572566 -23.8763186700567 -25.5000668989895 -15.4685501575403 -5.00000001267581 -32.5262875178402 -21.6267974043767 -19.6406886179836 -3.29111908842888 
-4.60000000000004 1.72248726189719 -6.09580427435195 -3.75387874442687 -6.20699875347212 -11.3434957976599 -16.4860030567523 -4.43567944223993 -9.29163840796755 -14.284641834494 -19.3010931101778 -27.6674813597977 -9.06671977163747 -11.1726988540825 -15.9158222111638 -20.8714595840189 -24.3200417915416 -27.8192866531674 -33.8307900734185 -39.8462206000769 -30.9965438348003 -39.4040173991056 -23.9228605789353 -25.5767951253313 -15.5069142673969 -5.00000000604711 -32.6728294192774 -21.7349751893287 -19.7105022864499 -3.2545413305128 
-4.40000000000004 1.71102121772128 -6.13432849107943 -3.7153545276994 -6.22995031307705 -11.4049715739923 -16.5860030498122 -4.38977808469391 -9.20721283369406 -14.1616920434931 -19.1396191024493 -27.4674831353418 -9.04376820511308 -11.1112230708307 -15.8158222111844 -20.9173627171304 -24.4044691413806 -27.9422382197338 -33.9922658567124 -40.0462206000983 -31.0809694296781 -39.5269672107109 -23.9687619570856 -25.6538435793699 -15.545438504708 -5.00000002663076 -32.8187307904669 -21.8423523437907 -19.7793552241849 -3.21769216320485 
-4.20000000000004 1.69951258678338 -6.17299579304393 -3.67668722573489 -6.25261570264532 -11.4663042655251 -16.6860030433095 -4.34444924012599 -9.12321668716163 -14.0390285949961 -18.9782883519879 -27.2674850829159 -9.02110280906345 -11.0498903728165 -15.7158222112058 -20.962693509294 -24.4884672355086 -28.0649036158264 -34.1535985547695 -40.2462206001198 -31.1649655609557 -39.649630643953 -24.0140907863987 -25.7311781680225 -15.5841057913961 -5.00000001135438 -32.9640596132555 -21.9490138646152 -19.8473494430445 -3.18059104767477 
-4.00000000000004 1.68796583323274 -6.21179118136265 -3.63789183741617 -6.27502491990363 -11.5275088711021 -16.7860030372053 -4.29963292952666 -9.03960498824358 -13.9166215077594 -18.8170858764324 -27.0674872190417 -8.9986935857234 -10.9886857611578 -15.6158222112283 -21.0075119560415 -24.5720810705749 -28.1873128392114 -34.3148031664732 -40.4462206001423 -31.2485772877659 -39.7720377590819 -24.0589071248902 -25.8087689725296 -15.6229012075845 -5.00000003922405 -33.1088759456207 -22.0550348086609 -19.9145749987718 -3.14325621751276 
-3.80000000000004 1.67638489865931 -6.25070141287485 -3.59898160590397 -6.29720445113989 -11.5885986338506 -16.8860030314659 -4.25527619838307 -8.95633802558779 -13.7944443135914 -18.6559984507522 -26.8674895618493 -8.97651404877131 -10.9275959926935 -15.5158222112518 -21.0518710300162 -24.6553503760618 -28.3094923762105 -34.4758929349845 -40.6462206001658 -31.33184421208 -39.8942149149081 -24.103263817692 -25.8865893971888 -15.6618114007315 -5.0000000008588 -33.2532326326593 -22.1604812641881 -19.9811112227864 -3.10570472516128 
-3.60000000000004 1.66477327447501 -6.28971475695161 -3.55996826182722 -6.31917775758222 -11.6495852843696 -16.9860030260618 -4.2113321440682 -8.87338062719617 -13.672473571123 -18.4950143642071 -26.6674921312274 -8.9545407369494 -10.8666093367948 -15.4158222112764 -21.0958176537337 -24.7383103438561 -28.4314656880815 -34.6368795909323 -40.8462206001903 -31.4148016302186 -40.0161856771235 -24.1472078917539 -25.9646161050647 -15.7008247645306 -5.00000002058121 -33.3971767012928 -22.2654119887441 -20.047028603266 -3.06795253515521 
-3.40000000000004 1.65313405691995 -6.32882081068298 -3.52086220809584 -6.34096564502422 -11.710479225543 -17.0860030209665 -4.16775917675946 -8.79070160615605 -13.5506884963515 -18.3341232357042 -26.4674949489931 -8.93275284443786 -10.8057153905519 -15.3158222113021 -21.1393934388339 -24.8209921826876 -28.5532535806444 -34.7977735372266 -41.046220600216 -31.4974806329834 -40.1379707336197 -24.1907808407873 -26.0428281942265 -15.739930799961 -5.00000000228025 -33.540749645205 -22.3698788789256 -20.1123894397158 -3.03001454706621 
-3.20000000000004 1.64146999995864 -6.36801032115455 -3.48167269762428 -6.36258661927137 -11.7712897102617 -17.1860030161568 -4.1245203087277 -8.70827322765273 -13.4290706073766 -18.1733158362578 -26.2674980390751 -8.9111318654079 -10.7449049010504 -15.215822211329 -21.1826353969745 -24.9034236512998 -28.6748745597282 -34.9585840267819 -41.2462206002429 -31.5799090068398 -40.2595886179477 -24.2340197041722 -26.1212072104958 -15.7791203057588 -4.99999999760642 -33.6839885037535 -22.4739282270018 -20.1772492773209 -2.99190467081781 
-3.00000000000004 1.62978355695668 -6.40727504541987 -3.44240797335895 -6.38405716619565 -11.8320249814513 -17.2860030116117 -4.08158259443062 -8.62607078909033 -13.3076034445489 -18.0125839491647 -26.0675014277167 -8.88966131396674 -10.6841696253439 -15.1158222113572 -21.2255764999414 -24.985629478532 -28.7963451112257 -35.1193193025447 -41.4462206002711 -31.6621114842452 -40.3810558196183 -24.2769574573122 -26.1997366978412 -15.8183850688388 -5.00000003642117 -33.8269262523199 -22.5776012513037 -20.241657577357 -2.95363586228608 
-2.80000000000004 1.61807691710419 -6.44660762812312 -3.4030753906557 -6.40539199648999 -11.8926923944489 -17.3860030073125 -4.03891664122606 -8.54407225318251 -13.1862723259378 -17.8519202478504 -25.8675051436992 -8.86832647940278 -10.6235022080767 -15.0158222113867 -21.2682461691579 -25.0676317304518 -28.9176799458487 -35.279986719871 -41.6462206003006 -31.7441099939775 -40.5023869120539 -24.3196233843412 -26.2784018370427 -15.8577176253371 -5.00000001021613 -33.9695921750207 -22.6809345913004 -20.3056583346509 -2.91522016469037 
-2.60000000000004 1.60635203907441 -6.48600148841119 -3.36368153036763 -6.42660427184372 -11.9532985300907 -17.4860030032424 -3.99649615726319 -8.46225790893157 -13.0650641213988 -17.6913181830233 -25.667509218584 -8.84711420000993 -10.5628960683957 -14.9158222114177 -21.3106707280366 -25.1494501496185 -29.0388922253035 -35.4405928596139 -41.8462206003315 -31.8259243620553 -40.6235951404198 -24.3620438921309 -26.3571895814147 -15.897111509421 -5.00000003401199 -34.1120126787089 -22.7839612347013 -20.3692911177633 -2.87666876887254 
-2.40000000000004 1.59461067614029 -6.52545073554565 -3.32423228323317 -6.44770577371846 -12.0138492790999 -17.5860029993861 -3.95429761419982 -8.38061011873375 -12.9439670840665 -17.5307718985566 -25.4675136869828 -8.82601269431138 -10.5023453155627 -14.8158222114503 -21.3528737395313 -25.2311024082477 -29.1599937310671 -35.6011436125119 -42.046220600364 -31.9075721114747 -40.7446921369737 -24.4042423944159 -26.4360880348727 -15.9365607157445 -4.99999999320108 -34.2542111771054 -22.8867104859626 -20.4325911218905 -2.83799203770801 
-2.20000000000004 1.58285440210602 -6.56495008177663 -3.28473293700219 -6.46870707760008 -12.0743499292125 -17.6860029957297 -3.91229989899034 -8.29911305729328 -12.8229706763951 -17.3702761446542 -25.2675185868494 -8.80501138680751 -10.4418446618279 -14.7158222114844 -21.3948763546415 -25.3126043695889 -29.2809950386393 -35.7616442663151 -42.2462206003982 -31.9890691631295 -40.8656885348594 -24.4462400998397 -26.5150867175148 -15.9760600521557 -4.99999998338124 -34.3962088788382 -22.9892088414652 -20.4955901311618 -2.79919956404811 
-2.00000000000004 1.57108463048644 -6.60449477790283 -3.24518824087599 -6.48961768187855 -12.1348052296172 -17.7860029922605 -3.87048405644897 -8.21775251862572 -12.7020654416013 -17.2098262137342 -25.0675239598033 -8.78410077909583 -10.38138935799 -14.6158222115204 -21.4366975701726 -25.3939702812462 -29.4019056464228 -35.9220995702248 -42.4462206004341 -32.0704297356794 -40.9865938035355 -24.4880559762634 -26.5941761436136 -16.0156047821283 -5.00000001722767 -34.5380247517573 -23.0914800182573 -20.558316611828 -2.76030020192919 
-1.80000000000004 1.55930263280607 -6.64408055178944 -3.20560246698938 -6.51044613081195 -12.1952194524372 -17.8860029889672 -3.82883304367523 -8.13651573196536 -12.5812428810544 -17.0494178793006 -24.8675298514831 -8.76327232690683 -10.3209751319144 -14.5158222115581 -21.4783544746639 -25.4752129596241 -29.5227340986873 -36.0825137963759 -42.6462206004718 -32.1516665458131 -41.1074163875559 -24.5297070125106 -26.6733477148225 -16.0551905794505 -5.00000004066327 -34.6796757846728 -23.193545277287 -20.6207960969708 -2.72130210673389 
-1.60000000000004 1.54750955444615 -6.68370355512447 -3.16597946365435 -6.5312001210137 -12.255596445974 -17.986002985839 -3.78733151746667 -8.05539120242177 -12.4604953481757 -16.889047343087 -24.6675363119344 -8.74251833361666 -10.2605981352892 -14.4158222115979 -21.5198624613635 -25.5563439496587 -29.643488092057 -36.2428907930806 -42.8462206005116 -32.2327910085111 -41.2281638535889 -24.5712084718735 -26.7525936546071 -16.0948135159002 -4.99999997377791 -34.8211772408682 -23.2954237301466 -20.6830515464957 -2.68221277628793 
-1.40000000000004 1.53570642905834 -6.7233603149909 -3.12632270378792 -6.55188659830809 -12.3159396831348 -18.0860029828662 -3.74596564103199 -7.97436856612066 -12.3398159520082 -16.728711187053 -24.467543396034 -8.72183185339141 -10.2002548951975 -14.3158222116398 -21.5612354219396 -25.6373736701013 -29.764174572366 -36.4032340332561 -43.0462206005534 -32.3138136375711 -41.3488432425153 -24.6125743410671 -26.831907167057 -16.1344702684836 -4.99999996649494 -34.9625431070468 -23.3971328364595 -20.7451038929418 -2.64303909348592 
-1.20000000000004 1.52389418949315 -6.7630476971486 -3.08663532163023 -6.57251183116643 -12.3762522981508 -18.1860029800399 -3.70472293758686 -7.89343848051784 -12.2191984842477 -16.5684063371348 -24.2675511639581 -8.70120661775097 -10.1399422773994 -14.215822211684 -21.602485893353 -25.7183115236723 -29.8847998080947 -36.5635466511425 -43.2462206005976 -32.3947437452141 -41.469460732316 -24.6538170665524 -26.9112819533684 -16.1741576726374 -4.99999998849095 -35.1037858296621 -23.4986881769163 -20.8069718512413 -2.60378735097346 
-1.00000000000004 1.51207367899406 -6.80276286842391 -3.04692015035491 -6.5930814859277 -12.4365371241874 -18.2860029773518 -3.66359214042323 -7.81259251207889 -12.0986373445334 -16.4081300261452 -24.0675596816932 -8.68063696034822 -10.0796574487213 -14.1158222117306 -21.6436252082983 -25.799166009893 -30.0053694655907 -36.7238314799138 -43.4462206006441 -32.4755897424784 -41.5900219008556 -24.6949478925413 -26.9907123246978 -16.2138728726914 -5.00000001726965 -35.2449166529159 -23.6001038288956 -20.8686723319449 -2.56446329054066 
-0.800000000000041 1.50024566051434 -6.84250326540641 -3.00717975337242 -6.61360068940511 -12.4967967246473 -18.3860029747942 -3.62256306825762 -7.73182304293079 -11.9781274784028 -16.2478797630321 -23.8675690215976 -8.66011775436243 -10.019397845753 -14.0158222117798 -21.6846636204175 -25.8799448189947 -30.1258886716749 -36.8840910829805 -43.6462206006933 -32.5563591892852 -41.7105317446449 -24.7359769423657 -27.0701930962723 -16.2536132472834 -4.99999999487916 -35.3859457001338 -23.7013924791303 -20.9302205851974 -2.52507213386722 
-0.600000000000041 1.48841082533181 -6.88226656550459 -2.96741645327423 -6.63407408677466 -12.5570334221151 -18.4860029723602 -3.58162651006831 -7.65112318464329 -11.8576643200171 -16.0876533045482 -23.6675792630155 -8.63964435461066 -9.95916114590307 -13.9158222118317 -21.7256104200776 -25.9606549187529 -30.2463620715313 -37.0443277829351 -43.8462206007461 -32.6370590447676 -41.8309949002255 -24.7769134977498 -27.1497196936115 -16.2933765445244 -4.99999999202199 -35.5268822530317 -23.8025657319303 -20.9916305378993 -2.48561861500162 
-0.400000000000041 1.47656980003376 -6.92205066347766 -2.92763235530116 -6.65450588851097 -12.6172493218245 -18.5860029700426 -3.54077413190176 -7.57048670850367 -11.7372437459044 -15.9274486324625 -23.4675904929567 -8.61921255061187 -9.89894524393121 -13.8158222118867 -21.7664740282395 -26.041302624888 -30.3667938756394 -37.2045436850163 -44.0462206008004 -32.7176955671385 -41.9514155205695 -24.8177659221478 -27.2292879357339 -16.3331606886738 -5.00000003819829 -35.667734675057 -23.9036340559826 -21.0529147639781 -2.44610700517705 
-0.200000000000041 1.46472315289066 -6.96185365002065 -2.88782936875818 -6.67489991321795 -12.6774463330744 -18.6860029678356 -3.49999839194619 -7.48990798200512 -11.6168620328629 -15.767263932878 -23.2676028068292 -8.59881852375618 -9.83874823053253 -13.7158222119451 -21.8072620821267 -26.1218936653181 -30.4871879026125 -37.3647406985324 -44.2462206008595 -32.79827421356 -42.071797153534 -24.8585415820262 -27.3088938286845 -16.3729635950813 -4.99999995806288 -35.8085103326701 -24.0046067270527 -21.1140844485056 -2.40654113663708 
-4.1133763062362e-14 1.4528714006301 -7.00167378900506 -2.84800922977376 -6.69525963314677 -12.7376261919877 -18.7860029657332 -3.45929245031526 -7.40938190138978 -11.4965158132632 -15.6070975742938 -23.0676163092606 -8.57845880178687 -9.77856836957881 -13.6158222120069 -21.8479815262501 -26.2024332484259 -30.6075476247048 -37.524920559609 -44.4462206009205 -32.8788003410625 -42.1921434200208 -24.8992475705443 -27.3885341534786 -16.412783780891 -5.00000000488814 -35.9492163190239 -24.1054925744221 -21.1751501568903 -2.36692443455647 