mono_x	mono_y	tet_x	tet_y	cubic_x	cubic_y
0 0 0 0 0 0
0.001952	0	0.045336	0	0.026557	0
0.051952	0	0.095336	0	0.076557	0
0.101952	0	0.145336	0	0.126557	0
0.151952	0	0.195336	0	0.176557	0
0.201952	0	0.245336	0	0.226557	0
0.251952	0	0.295336	0	0.276557	0
0.301952	0	0.345336	0	0.326557	0
0.351952	0	0.395336	0	0.376557	0
0.401952	0	0.445336	0	0.426557	0
0.451952	0	0.495336	0	0.476557	0
0.501952	0	0.545336	0	0.526557	0
0.551952	0	0.595336	0	0.576557	0
0.601952	0	0.645336	0	0.626557	0
0.651952	0	0.695336	0	0.676557	0
0.701952	0	0.745336	0	0.726557	0
0.751952	0	0.795336	0	0.776557	0
0.801952	0	0.845336	0	0.826557	0
0.851952	0	0.895336	0	0.876557	0
0.901952	0	0.945336	0	0.926557	0
0.951952	0	0.995336	0	0.976557	0
1.001952	0	1.045336	0	1.026557	0
1.051952	0	1.095336	0	1.076557	0
1.101952	0	1.145336	0	1.126557	0
1.151952	0	1.195336	0	1.176557	0
1.201952	0	1.245336	0	1.226557	0
1.251952	0	1.295336	0	1.276557	0
1.301952	0	1.345336	0	1.326557	0
1.351952	0	1.395336	0	1.376557	0
1.401952	0	1.445336	0	1.426557	0
1.451952	0	1.495336	0	1.476557	0
1.501952	0	1.545336	0	1.526557	0
1.551952	0	1.595336	0	1.576557	0
1.601952	0	1.645336	0	1.626557	0
1.651952	0.000004	1.695336	0	1.676557	0
1.701952	0.00005	1.745336	0	1.726557	0
1.751952	0.000425	1.795336	0	1.776557	0
1.801952	0.002711	1.845336	0	1.826557	0
1.851952	0.013046	1.895336	0	1.876557	0
1.901952	0.048078	1.945336	0	1.926557	0
1.951952	0.138217	1.995336	0.000001	1.976557	0
2.001952	0.317375	2.045336	0.000014	2.026557	0
2.051952	0.598134	2.095336	0.000111	2.076557	0
2.101952	0.953045	2.145336	0.00064	2.126557	0
2.151952	1.32705	2.195336	0.002766	2.176557	0
2.201952	1.676945	2.245336	0.009093	2.226557	0.000001
2.251952	1.998539	2.295336	0.023299	2.276557	0.00001
2.301952	2.317181	2.345336	0.048253	2.326557	0.000102
2.351952	2.66896	2.395336	0.085046	2.376557	0.00074
2.401952	3.09787	2.445336	0.135375	2.426557	0.00393
2.451952	3.653138	2.495336	0.2035	2.476557	0.015422
2.501952	4.365149	2.545336	0.291734	2.526557	0.045498
2.551952	5.191633	2.595336	0.392671	2.576557	0.103591
2.601952	5.970762	2.645336	0.489455	2.626557	0.188999
2.651952	6.482581	2.695336	0.568072	2.676557	0.289733
2.701952	6.623063	2.745336	0.630122	2.726557	0.39157
2.751952	6.504518	2.795336	0.691566	2.776557	0.484828
2.801952	6.355249	2.845336	0.770013	2.826557	0.56599
2.851952	6.321261	2.895336	0.876226	2.876557	0.636783
2.901952	6.360024	2.945336	1.013863	2.926557	0.699779
2.951952	6.330107	2.995336	1.181931	2.976557	0.759099
3.001952	6.176524	3.045336	1.382757	3.026557	0.823807
3.051952	5.98633	3.095336	1.633412	3.076557	0.900121
3.101952	5.864646	3.145336	1.960547	3.126557	0.985847
3.151952	5.798673	3.195336	2.373605	3.176557	1.087134
3.201952	5.654963	3.245336	2.843579	3.226557	1.236127
3.251952	5.325575	3.295336	3.307957	3.276557	1.470441
3.301952	4.884302	3.345336	3.696475	3.326557	1.788406
3.351952	4.548525	3.395336	3.957512	3.376557	2.144469
3.401952	4.47176	3.445336	4.058928	3.426557	2.502048
3.451952	4.626137	3.495336	3.968465	3.476557	2.870561
3.501952	4.874633	3.545336	3.666207	3.526557	3.280533
3.551952	5.07165	3.595336	3.198062	3.576557	3.765537
3.601952	5.097269	3.645336	2.69124	3.626557	4.38726
3.651952	4.908169	3.695336	2.293988	3.676557	5.213991
3.701952	4.602674	3.745336	2.103244	3.726557	6.21784
3.751952	4.360347	3.795336	2.13752	3.776557	7.200475
3.801952	4.266233	3.845336	2.350007	3.826557	7.865337
3.851952	4.237993	3.895336	2.655022	3.876557	8.006944
3.901952	4.158765	3.945336	2.953237	3.926557	7.633081
3.951952	4.031809	3.995336	3.157941	3.976557	6.921983
4.001952	3.963707	4.045336	3.224041	4.026557	6.103721
4.051952	4.038481	4.095336	3.159909	4.076557	5.357039
4.101952	4.243584	4.145336	3.006456	4.126557	4.773431
4.151952	4.488341	4.195336	2.805401	4.176557	4.402157
4.201952	4.674552	4.245336	2.591085	4.226557	4.286031
4.251952	4.761893	4.295336	2.408542	4.276557	4.426831
4.301952	4.772908	4.345336	2.313284	4.326557	4.763217
4.351952	4.746705	4.395336	2.326154	4.376557	5.211254
4.401952	4.696617	4.445336	2.404891	4.426557	5.676764
4.451952	4.608501	4.495336	2.48172	4.476557	6.018861
4.501952	4.485759	4.545336	2.512342	4.526557	6.092588
4.551952	4.39312	4.595336	2.48485	4.576557	5.880541
4.601952	4.424284	4.645336	2.408878	4.626557	5.52325
4.651952	4.615441	4.695336	2.307108	4.676557	5.177016
4.701952	4.919936	4.745336	2.203462	4.726557	4.898456
4.751952	5.264853	4.795336	2.111235	4.776557	4.677847
4.801952	5.592513	4.845336	2.032062	4.826557	4.50092
4.851952	5.850854	4.895336	1.96125	4.876557	4.371178
4.901952	5.988262	4.945336	1.891687	4.926557	4.321369
4.951952	5.980601	4.995336	1.814301	4.976557	4.388176
5.001952	5.851652	5.045336	1.721857	5.026557	4.561687
5.051952	5.658795	5.095336	1.621831	5.076557	4.776077
5.101952	5.473524	5.145336	1.54083	5.126557	4.931334
5.151952	5.37842	5.195336	1.507789	5.176557	4.940366
5.201952	5.446972	5.245336	1.533402	5.226557	4.807743
5.251952	5.694603	5.295336	1.605482	5.276557	4.616567
5.301952	6.055969	5.345336	1.703284	5.326557	4.419487
5.351952	6.419279	5.395336	1.814778	5.376557	4.212076
5.401952	6.684756	5.445336	1.938597	5.426557	3.982948
5.451952	6.814253	5.495336	2.07627	5.476557	3.732785
5.501952	6.843251	5.545336	2.227079	5.526557	3.476892
5.551952	6.827381	5.595336	2.386582	5.576557	3.243255
5.601952	6.774069	5.645336	2.545323	5.626557	3.051607
5.651952	6.654843	5.695336	2.68641	5.676557	2.90887
5.701952	6.473234	5.745336	2.791698	5.726557	2.82084
5.751952	6.28054	5.795336	2.85661	5.776557	2.785884
5.801952	6.147407	5.845336	2.8939	5.826557	2.790538
5.851952	6.150239	5.895336	2.924162	5.876557	2.82571
5.901952	6.331363	5.945336	2.96423	5.926557	2.896508
5.951952	6.633707	5.995336	3.013414	5.976557	3.010267
6.001952	6.918081	6.045336	3.05018	6.026557	3.171428
6.051952	7.070515	6.095336	3.056804	6.076557	3.389801
6.101952	7.08289	6.145336	3.053838	6.126557	3.659751
6.151952	7.033471	6.195336	3.097006	6.176557	3.929353
6.201952	6.981297	6.245336	3.224747	6.226557	4.12586
6.251952	6.868553	6.295336	3.419793	6.276557	4.22106
6.301952	6.55439	6.345336	3.626579	6.326557	4.260595
6.351952	5.963352	6.395336	3.776965	6.376557	4.321705
6.401952	5.173807	6.445336	3.79926	6.426557	4.436505
6.451952	4.345926	6.495336	3.647267	6.476557	4.558497
6.501952	3.592568	6.545336	3.342631	6.526557	4.623473
6.551952	2.94025	6.595336	2.982141	6.576557	4.636148
6.601952	2.381223	6.645336	2.697192	6.626557	4.65268
6.651952	1.920653	6.695336	2.587372	6.676557	4.691663
6.701952	1.570412	6.745336	2.664363	6.726557	4.721683
6.751952	1.313169	6.795336	2.850278	6.776557	4.727895
6.801952	1.088286	6.845336	3.044023	6.826557	4.741561
6.851952	0.833129	6.895336	3.196474	6.876557	4.807529
6.901952	0.5462	6.945336	3.317674	6.926557	4.946496
6.951952	0.289552	6.995336	3.422043	6.976557	5.151018
7.001952	0.119617	7.045336	3.482392	7.026557	5.445509
7.051952	0.037644	7.095336	3.438905	7.076557	5.938849
7.101952	0.008895	7.145336	3.246629	7.126557	6.719358
7.151952	0.001562	7.195336	2.89946	7.176557	7.671524
7.201952	0.000202	7.245336	2.41046	7.226557	8.462196
7.251952	0.000019	7.295336	1.811072	7.276557	8.744656
7.301952	0.000001	7.345336	1.183101	7.326557	8.399293
7.351952	0	7.395336	0.646408	7.376557	7.618525
7.401952	0	7.445336	0.285501	7.426557	6.777298
7.451952	0	7.495336	0.099128	7.476557	6.185768
7.501952	0	7.545336	0.026479	7.526557	5.924631
7.551952	0	7.595336	0.005358	7.576557	5.87633
7.601952	0	7.645336	0.000813	7.626557	5.867221
7.651952	0	7.695336	0.000092	7.676557	5.800902
7.701952	0	7.745336	0.000008	7.726557	5.700156
7.751952	0	7.795336	0	7.776557	5.602223
7.801952	0	7.845336	0	7.826557	5.414866
7.851952	0	7.895336	0	7.876557	4.952801
7.901952	0	7.945336	0	7.926557	4.153341
7.951952	0	7.995336	0	7.976557	3.200144
8.001952	0	8.045336	0	8.026557	2.38222
8.051952	0	8.095336	0	8.076557	1.855368
8.101952	0	8.145336	0	8.126557	1.577246
8.151952	0	8.195336	0	8.176557	1.419066
8.201952	0	8.245336	0	8.226557	1.270671
8.251952	0	8.295336	0	8.276557	1.074888
8.301952	0	8.345336	0	8.326557	0.830923
8.351952	0	8.395336	0	8.376557	0.576195
8.401952	0	8.445336	0	8.426557	0.352467
8.451952	0	8.495336	0	8.476557	0.184907
8.501952	0	8.545336	0	8.526557	0.079858
8.551952	0	8.595336	0	8.576557	0.027192
8.601952	0	8.645336	0	8.626557	0.007043
8.651952	0	8.695336	0	8.676557	0.001353
8.701952	0	8.745336	0	8.726557	0.000189
8.751952	0	8.795336	0	8.776557	0.000019
8.801952	0	8.845336	0	8.826557	0.000001
8.851952	0	8.895336	0	8.876557	0
8.901952	0	8.945336	0	8.926557	0
8.951952	0	8.995336	0	8.976557	0
9.001952	0	9.045336	0	9.026557	0
9.051952	0	9.095336	0	9.076557	0
9.101952	0	9.145336	0	9.126557	0
9.151952	0	9.195336	0	9.176557	0
9.201952	0	9.245336	0	9.226557	0
9.251952	0	9.295336	0	9.276557	0
9.301952	0	9.345336	0	9.326557	0
9.351952	0	9.395336	0	9.376557	0
9.401952	0	9.445336	0	9.426557	0
9.451952	0	9.495336	0	9.476557	0
9.501952	0	9.545336	0	9.526557	0
9.551952	0	9.595336	0	9.576557	0
9.601952	0	9.645336	0	9.626557	0
9.651952	0	9.695336	0	9.676557	0
9.701952	0	9.745336	0	9.726557	0
9.751952	0	9.795336	0	9.776557	0
9.801952	0	9.845336	0	9.826557	0
9.851952	0	9.895336	0	9.876557	0
9.901952	0	9.945336	0	9.926557	0
9.951952	0	9.995336	0	9.976557	0
10.001952	0	10.045336	0	10.026557	0
10.051952	0	10.095336	0	10.076557	0
10.101952	0	10.145336	0	10.126557	0
10.151952	0	10.195336	0	10.176557	0
10.201952	0.000002	10.245336	0	10.226557	0
10.251952	0.000024	10.295336	0	10.276557	0
10.301952	0.000239	10.345336	0	10.326557	0
10.351952	0.00174	10.395336	0	10.376557	0
10.401952	0.009277	10.445336	0	10.426557	0
10.451952	0.036704	10.495336	0	10.476557	0
10.501952	0.109904	10.545336	0	10.526557	0
10.551952	0.255805	10.595336	0	10.576557	0
10.601952	0.479087	10.645336	0	10.626557	0
10.651952	0.752474	10.695336	0	10.676557	0
10.701952	1.035928	10.745336	0	10.726557	0
10.751952	1.303553	10.795336	0	10.776557	0
10.801952	1.556385	10.845336	0	10.826557	0
10.851952	1.821258	10.895336	0	10.876557	0
10.901952	2.133936	10.945336	0	10.926557	0
10.951952	2.506859	10.995336	0	10.976557	0
11.001952	2.908855	11.045336	0	11.026557	0
11.051952	3.284685	11.095336	0.000001	11.076557	0
11.101952	3.595437	11.145336	0.000014	11.126557	0
11.151952	3.830521	11.195336	0.000105	11.176557	0
11.201952	3.986835	11.245336	0.000597	11.226557	0
11.251952	4.06392	11.295336	0.002524	11.276557	0
11.301952	4.08739	11.345336	0.008075	11.326557	0
11.351952	4.115891	11.395336	0.019925	11.376557	0
11.401952	4.20517	11.445336	0.039032	11.426557	0.000006
11.451952	4.354064	11.495336	0.063311	11.476557	0.000057
11.501952	4.493573	11.545336	0.090126	11.526557	0.000416
11.551952	4.546779	11.595336	0.121599	11.576557	0.002265
11.601952	4.484185	11.645336	0.170988	11.626557	0.009267
11.651952	4.311626	11.695336	0.269597	11.676557	0.029236
11.701952	4.049445	11.745336	0.46404	11.726557	0.073166
11.751952	3.755519	11.795336	0.786854	11.776557	0.149665
11.801952	3.542104	11.845336	1.217438	11.826557	0.258182
11.851952	3.530388	11.895336	1.687888	11.876557	0.38896
11.901952	3.765927	11.945336	2.142005	11.926557	0.532718
11.951952	4.179346	11.995336	2.582325	11.976557	0.694193
12.001952	4.640515	12.045336	3.058805	12.026557	0.911799
12.051952	5.032856	12.095336	3.612381	12.076557	1.289253
12.101952	5.273831	12.145336	4.204261	12.126557	1.997712
12.151952	5.329252	12.195336	4.6873	12.176557	3.182229
12.201952	5.237825	12.245336	4.899647	12.226557	4.826058
12.251952	5.073951	12.295336	4.829819	12.276557	6.733707
12.301952	4.882919	12.345336	4.640354	12.326557	8.627727
12.351952	4.692751	12.395336	4.509441	12.376557	10.208577
12.401952	4.556679	12.445336	4.516423	12.426557	11.21121
12.451952	4.52535	12.495336	4.653897	12.476557	11.519201
12.501952	4.594985	12.545336	4.826583	12.526557	11.183119
12.551952	4.716884	12.595336	4.836515	12.576557	10.3539
12.601952	4.842023	12.645336	4.490272	12.626557	9.28963
12.651952	4.931756	12.695336	3.777697	12.676557	8.300663
12.701952	4.940367	12.745336	2.898879	12.726557	7.582382
12.751952	4.835326	12.795336	2.088738	12.776557	7.17071
12.801952	4.64289	12.845336	1.453902	12.826557	7.007763
12.851952	4.427354	12.895336	0.980098	12.876557	6.965126
12.901952	4.214192	12.945336	0.626273	12.926557	6.864666
12.951952	3.961432	12.995336	0.371358	12.976557	6.521055
13.001952	3.601784	13.045336	0.202507	13.026557	5.771335
13.051952	3.098522	13.095336	0.100623	13.076557	4.558269
13.101952	2.477126	13.145336	0.044306	13.126557	3.064891
13.151952	1.817278	13.195336	0.016551	13.176557	1.680741
13.201952	1.210677	13.245336	0.005366	13.226557	0.726296
13.251952	0.721822	13.295336	0.003636	13.276557	0.24092
13.301952	0.376436	13.345336	0.011744	13.326557	0.060138
13.351952	0.166649	13.395336	0.042991	13.376557	0.011126
13.401952	0.060632	13.445336	0.132333	13.426557	0.001508
13.451952	0.017587	13.495336	0.342242	13.476557	0.000148
13.501952	0.003962	13.545336	0.736199	13.526557	0.000011
13.551952	0.000678	13.595336	1.290758	13.576557	0.000001
13.601952	0.000087	13.645336	1.822125	13.626557	0
13.651952	0.000008	13.695336	2.082721	13.676557	0
13.701952	0.000001	13.745336	1.97684	13.726557	0
13.751952	0	13.795336	1.62817	13.776557	0.000001
13.801952	0	13.845336	1.23813	13.826557	0.000018
13.851952	0	13.895336	0.940098	13.876557	0.00018
13.901952	0	13.945336	0.767716	13.926557	0.001289
		13.995336	0.692132	13.976557	0.006726
		14.045336	0.669492	14.026557	0.026014
		14.095336	0.666951	14.076557	0.076354
		14.145336	0.660606	14.126557	0.176143
		14.195336	0.630226	14.176557	0.335808
		14.245336	0.567041	14.226557	0.567407
		14.295336	0.480482	14.276557	0.920625
		14.345336	0.39296	14.326557	1.496706
		14.395336	0.324674	14.376557	2.36116
		14.445336	0.277431	14.426557	3.400535
		14.495336	0.23921	14.476557	4.320796
		14.545336	0.205324	14.526557	4.82413
		14.595336	0.180091	14.576557	4.765017
		14.645336	0.161131	14.626557	4.198678
		14.695336	0.140488	14.676557	3.357761
		14.745336	0.117886	14.726557	2.527201
		14.795336	0.099409	14.776557	1.876757
		14.845336	0.086495	14.826557	1.417734
		14.895336	0.07489	14.876557	1.088439
		14.945336	0.062258	14.926557	0.831635
		14.995336	0.050865	14.976557	0.61076
		15.045336	0.042674	15.026557	0.409341
		15.095336	0.036193	15.076557	0.235841
		15.145336	0.029565	15.126557	0.110981
		15.195336	0.02339	15.176557	0.041165
		15.245336	0.018998	15.226557	0.011768
		15.295336	0.01601	15.276557	0.002556
		15.345336	0.012858	15.326557	0.000417
		15.395336	0.009022	15.376557	0.000051
		15.445336	0.005646	15.426557	0.000005
		15.495336	0.003747	15.476557	0
		15.545336	0.002887	15.526557	0
		15.595336	0.002115	15.576557	0
		15.645336	0.001213	15.626557	0
		15.695336	0.000506	15.676557	0
		15.745336	0.00015		
		15.795336	0.000032		
		15.845336	0.000005		
		15.895336	0		
		15.945336	0		
		15.995336	0		
		16.045336	0		
		16.095336	0		
		16.145336	0		