temperature	monoclinic	cubic	tetragonal
10	-10.50	-10.33	-10.42
15	-10.50	-10.33	-10.42
20	-10.50	-10.33	-10.42
25	-10.50	-10.33	-10.42
30	-10.51	-10.33	-10.42
34.9	-10.51	-10.33	-10.42
39.9	-10.51	-10.33	-10.42
44.9	-10.51	-10.33	-10.42
49.9	-10.51	-10.33	-10.42
54.9	-10.51	-10.33	-10.42
59.9	-10.51	-10.34	-10.43
64.9	-10.51	-10.34	-10.43
69.9	-10.51	-10.34	-10.43
74.9	-10.51	-10.34	-10.43
79.9	-10.51	-10.34	-10.43
84.8	-10.51	-10.34	-10.43
89.8	-10.51	-10.35	-10.44
94.8	-10.52	-10.35	-10.44
99.8	-10.52	-10.35	-10.44
104.8	-10.52	-10.35	-10.45
109.8	-10.52	-10.36	-10.45
114.8	-10.53	-10.36	-10.45
119.8	-10.53	-10.37	-10.46
124.8	-10.53	-10.37	-10.46
129.8	-10.53	-10.37	-10.47
134.7	-10.54	-10.38	-10.47
139.7	-10.54	-10.38	-10.48
144.7	-10.55	-10.39	-10.48
149.7	-10.55	-10.39	-10.49
154.7	-10.55	-10.40	-10.49
159.7	-10.56	-10.40	-10.50
164.7	-10.56	-10.41	-10.50
169.7	-10.57	-10.42	-10.51
174.7	-10.57	-10.42	-10.52
179.7	-10.58	-10.43	-10.52
184.6	-10.59	-10.44	-10.53
189.6	-10.59	-10.44	-10.54
194.6	-10.60	-10.45	-10.55
199.6	-10.61	-10.46	-10.55
204.6	-10.61	-10.47	-10.56
209.6	-10.62	-10.48	-10.57
214.6	-10.63	-10.48	-10.58
219.6	-10.63	-10.49	-10.59
224.6	-10.64	-10.50	-10.60
229.6	-10.65	-10.51	-10.61
234.5	-10.66	-10.52	-10.62
239.5	-10.67	-10.53	-10.63
244.5	-10.68	-10.54	-10.64
249.5	-10.68	-10.55	-10.65
254.5	-10.69	-10.56	-10.66
259.5	-10.70	-10.57	-10.67
264.5	-10.71	-10.58	-10.68
269.5	-10.72	-10.59	-10.69
274.5	-10.73	-10.60	-10.70
279.5	-10.74	-10.61	-10.71
284.4	-10.75	-10.62	-10.73
289.4	-10.76	-10.64	-10.74
294.4	-10.77	-10.65	-10.75
299.4	-10.78	-10.66	-10.76
304.4	-10.80	-10.67	-10.77
309.4	-10.81	-10.68	-10.79
314.4	-10.82	-10.70	-10.80
319.4	-10.83	-10.71	-10.81
324.4	-10.84	-10.72	-10.83
329.4	-10.85	-10.74	-10.84
334.3	-10.87	-10.75	-10.85
339.3	-10.88	-10.76	-10.87
344.3	-10.89	-10.78	-10.88
349.3	-10.91	-10.79	-10.90
354.3	-10.92	-10.81	-10.91
359.3	-10.93	-10.82	-10.93
364.3	-10.94	-10.83	-10.94
369.3	-10.96	-10.85	-10.96
374.3	-10.97	-10.86	-10.97
379.3	-10.99	-10.88	-10.99
384.2	-11.00	-10.89	-11.00
389.2	-11.01	-10.91	-11.02
394.2	-11.03	-10.92	-11.03
399.2	-11.04	-10.94	-11.05
404.2	-11.06	-10.96	-11.07
409.2	-11.07	-10.97	-11.08
414.2	-11.09	-10.99	-11.10
419.2	-11.10	-11.00	-11.11
424.2	-11.12	-11.02	-11.13
429.2	-11.13	-11.04	-11.15
434.1	-11.15	-11.05	-11.17
439.1	-11.17	-11.07	-11.18
444.1	-11.18	-11.09	-11.20
449.1	-11.20	-11.10	-11.22
454.1	-11.21	-11.12	-11.24
459.1	-11.23	-11.14	-11.25
464.1	-11.25	-11.16	-11.27
469.1	-11.26	-11.18	-11.29
474.1	-11.28	-11.19	-11.31
479.1	-11.30	-11.21	-11.33
484	-11.32	-11.23	-11.35
489	-11.33	-11.25	-11.36
494	-11.35	-11.27	-11.38
499	-11.37	-11.28	-11.40
504	-11.39	-11.30	-11.42
509	-11.40	-11.32	-11.44
514	-11.42	-11.34	-11.46
519	-11.44	-11.36	-11.48
524	-11.46	-11.38	-11.50
529	-11.48	-11.40	-11.52
533.9	-11.50	-11.42	-11.54
538.9	-11.51	-11.44	-11.56
543.9	-11.53	-11.46	-11.58
548.9	-11.55	-11.48	-11.60
553.9	-11.57	-11.50	-11.62
558.9	-11.59	-11.52	-11.64
563.9	-11.61	-11.54	-11.66
568.9	-11.63	-11.56	-11.68
573.9	-11.65	-11.58	-11.71
578.9	-11.67	-11.60	-11.73
583.8	-11.69	-11.62	-11.75
588.8	-11.71	-11.64	-11.77
593.8	-11.73	-11.66	-11.79
598.8	-11.75	-11.69	-11.81
603.8	-11.77	-11.71	-11.83
608.8	-11.79	-11.73	-11.86
613.8	-11.81	-11.75	-11.88
618.8	-11.83	-11.77	-11.90
623.8	-11.85	-11.79	-11.92
628.8	-11.87	-11.82	-11.95
633.7	-11.89	-11.84	-11.97
638.7	-11.92	-11.86	-11.99
643.7	-11.94	-11.88	-12.01
648.7	-11.96	-11.90	-12.04
653.7	-11.98	-11.93	-12.06
658.7	-12.00	-11.95	-12.08
663.7	-12.02	-11.97	-12.11
668.7	-12.05	-11.99	-12.13
673.7	-12.07	-12.02	-12.15
678.7	-12.09	-12.04	-12.18
683.6	-12.11	-12.06	-12.20
688.6	-12.13	-12.09	-12.22
693.6	-12.16	-12.11	-12.25
698.6	-12.18	-12.13	-12.27
703.6	-12.20	-12.16	-12.29
708.6	-12.22	-12.18	-12.32
713.6	-12.25	-12.20	-12.34
718.6	-12.27	-12.23	-12.37
723.6	-12.29	-12.25	-12.39
728.6	-12.32	-12.28	-12.42
733.5	-12.34	-12.30	-12.44
738.5	-12.36	-12.32	-12.47
743.5	-12.39	-12.35	-12.49
748.5	-12.41	-12.37	-12.52
753.5	-12.43	-12.40	-12.54
758.5	-12.46	-12.42	-12.57
763.5	-12.48	-12.45	-12.59
768.5	-12.50	-12.47	-12.62
773.5	-12.53	-12.50	-12.64
778.5	-12.55	-12.52	-12.67
783.4	-12.58	-12.55	-12.69
788.4	-12.60	-12.57	-12.72
793.4	-12.63	-12.60	-12.75
798.4	-12.65	-12.62	-12.77
803.4	-12.67	-12.65	-12.80
808.4	-12.70	-12.67	-12.82
813.4	-12.72	-12.70	-12.85
818.4	-12.75	-12.73	-12.88
823.4	-12.77	-12.75	-12.90
828.4	-12.80	-12.78	-12.93
833.3	-12.82	-12.80	-12.96
838.3	-12.85	-12.83	-12.98
843.3	-12.87	-12.86	-13.01
848.3	-12.90	-12.88	-13.04
853.3	-12.92	-12.91	-13.06
858.3	-12.95	-12.93	-13.09
863.3	-12.98	-12.96	-13.12
868.3	-13.00	-12.99	-13.14
873.3	-13.03	-13.01	-13.17
878.3	-13.05	-13.04	-13.20
883.2	-13.08	-13.07	-13.23
888.2	-13.11	-13.10	-13.25
893.2	-13.13	-13.12	-13.28
898.2	-13.16	-13.15	-13.31
903.2	-13.18	-13.18	-13.34
908.2	-13.21	-13.20	-13.36
913.2	-13.24	-13.23	-13.39
918.2	-13.26	-13.26	-13.42
923.2	-13.29	-13.29	-13.45
928.2	-13.32	-13.31	-13.48
933.1	-13.34	-13.34	-13.50
938.1	-13.37	-13.37	-13.53
943.1	-13.40	-13.40	-13.56
948.1	-13.42	-13.43	-13.59
953.1	-13.45	-13.45	-13.62
958.1	-13.48	-13.48	-13.65
963.1	-13.51	-13.51	-13.68
968.1	-13.53	-13.54	-13.70
973.1	-13.56	-13.57	-13.73
978.1	-13.59	-13.59	-13.76
983	-13.62	-13.62	-13.79
988	-13.64	-13.65	-13.82
993	-13.67	-13.68	-13.85
998	-13.70	-13.71	-13.88
1003	-13.73	-13.74	-13.91
1008	-13.76	-13.77	-13.94
1013	-13.78	-13.80	-13.97
1018	-13.81	-13.82	-14.00
1023	-13.84	-13.85	-14.03
1028	-13.87	-13.88	-14.06
1032.9	-13.90	-13.91	-14.09
1037.9	-13.92	-13.94	-14.12
1042.9	-13.95	-13.97	-14.15
1047.9	-13.98	-14.00	-14.18
1052.9	-14.01	-14.03	-14.21
1057.9	-14.04	-14.06	-14.24
1062.9	-14.07	-14.09	-14.27
1067.9	-14.10	-14.12	-14.30
1072.9	-14.13	-14.15	-14.33
1077.9	-14.15	-14.18	-14.36
1082.8	-14.18	-14.21	-14.39
1087.8	-14.21	-14.24	-14.42
1092.8	-14.24	-14.27	-14.45
1097.8	-14.27	-14.30	-14.48
1102.8	-14.30	-14.33	-14.51
1107.8	-14.33	-14.36	-14.54
1112.8	-14.36	-14.39	-14.57
1117.8	-14.39	-14.42	-14.60
1122.8	-14.42	-14.45	-14.63
1127.8	-14.45	-14.48	-14.67
1132.7	-14.48	-14.51	-14.70
1137.7	-14.51	-14.54	-14.73
1142.7	-14.54	-14.57	-14.76
1147.7	-14.57	-14.60	-14.79
1152.7	-14.60	-14.63	-14.82
1157.7	-14.63	-14.66	-14.85
1162.7	-14.66	-14.69	-14.89
1167.7	-14.69	-14.73	-14.92
1172.7	-14.72	-14.76	-14.95
1177.7	-14.75	-14.79	-14.98
1182.6	-14.78	-14.82	-15.01
1187.6	-14.81	-14.85	-15.04
1192.6	-14.84	-14.88	-15.08
1197.6	-14.87	-14.91	-15.11
1202.6	-14.90	-14.94	-15.14
1207.6	-14.93	-14.98	-15.17
1212.6	-14.96	-15.01	-15.20
1217.6	-14.99	-15.04	-15.24
1222.6	-15.02	-15.07	-15.27
1227.6	-15.05	-15.10	-15.30
1232.5	-15.09	-15.14	-15.33
1237.5	-15.12	-15.17	-15.37
1242.5	-15.15	-15.20	-15.40
1247.5	-15.18	-15.23	-15.43
1252.5	-15.21	-15.26	-15.46
1257.5	-15.24	-15.30	-15.50
1262.5	-15.27	-15.33	-15.53
1267.5	-15.30	-15.36	-15.56
1272.5	-15.34	-15.39	-15.60
1277.5	-15.37	-15.42	-15.63
1282.4	-15.40	-15.46	-15.66
1287.4	-15.43	-15.49	-15.70
1292.4	-15.46	-15.52	-15.73
1297.4	-15.49	-15.55	-15.76
1302.4	-15.53	-15.59	-15.80
1307.4	-15.56	-15.62	-15.83
1312.4	-15.59	-15.65	-15.86
1317.4	-15.62	-15.69	-15.90
1322.4	-15.65	-15.72	-15.93
1327.4	-15.69	-15.75	-15.96
1332.3	-15.72	-15.78	-16.00
1337.3	-15.75	-15.82	-16.03
1342.3	-15.78	-15.85	-16.06
1347.3	-15.82	-15.88	-16.10
1352.3	-15.85	-15.92	-16.13
1357.3	-15.88	-15.95	-16.17
1362.3	-15.91	-15.98	-16.20
1367.3	-15.95	-16.02	-16.23
1372.3	-15.98	-16.05	-16.27
1377.3	-16.01	-16.08	-16.30
1382.2	-16.04	-16.12	-16.34
1387.2	-16.08	-16.15	-16.37
1392.2	-16.11	-16.18	-16.40
1397.2	-16.14	-16.22	-16.44
1402.2	-16.18	-16.25	-16.47
1407.2	-16.21	-16.29	-16.51
1412.2	-16.24	-16.32	-16.54
1417.2	-16.27	-16.35	-16.58
1422.2	-16.31	-16.39	-16.61
1427.2	-16.34	-16.42	-16.65
1432.1	-16.37	-16.46	-16.68
1437.1	-16.41	-16.49	-16.72
1442.1	-16.44	-16.52	-16.75
1447.1	-16.47	-16.56	-16.79
1452.1	-16.51	-16.59	-16.82
1457.1	-16.54	-16.63	-16.86
1462.1	-16.58	-16.66	-16.89
1467.1	-16.61	-16.70	-16.93
1472.1	-16.64	-16.73	-16.96
1477.1	-16.68	-16.77	-17.00
1482	-16.71	-16.80	-17.03
1487	-16.74	-16.83	-17.07
1492	-16.78	-16.87	-17.10
1497	-16.81	-16.90	-17.14
1502	-16.85	-16.94	-17.17
1507	-16.88	-16.97	-17.21
1512	-16.91	-17.01	-17.24
1517	-16.95	-17.04	-17.28
1522	-16.98	-17.08	-17.32
1527	-17.02	-17.11	-17.35
1531.9	-17.05	-17.15	-17.39
1536.9	-17.09	-17.18	-17.42
1541.9	-17.12	-17.22	-17.46
1546.9	-17.15	-17.25	-17.50
1551.9	-17.19	-17.29	-17.53
1556.9	-17.22	-17.32	-17.57
1561.9	-17.26	-17.36	-17.60
1566.9	-17.29	-17.40	-17.64
1571.9	-17.33	-17.43	-17.68
1576.9	-17.36	-17.47	-17.71
1581.8	-17.40	-17.50	-17.75
1586.8	-17.43	-17.54	-17.78
1591.8	-17.47	-17.57	-17.82
1596.8	-17.50	-17.61	-17.86
1601.8	-17.54	-17.65	-17.89
1606.8	-17.57	-17.68	-17.93
1611.8	-17.61	-17.72	-17.97
1616.8	-17.64	-17.75	-18.00
1621.8	-17.68	-17.79	-18.04
1626.8	-17.71	-17.82	-18.08
1631.7	-17.75	-17.86	-18.11
1636.7	-17.78	-17.90	-18.15
1641.7	-17.82	-17.93	-18.19
1646.7	-17.85	-17.97	-18.22
1651.7	-17.89	-18.01	-18.26
1656.7	-17.93	-18.04	-18.30
1661.7	-17.96	-18.08	-18.34
1666.7	-18.00	-18.11	-18.37
1671.7	-18.03	-18.15	-18.41
1676.7	-18.07	-18.19	-18.45
1681.6	-18.10	-18.22	-18.48
1686.6	-18.14	-18.26	-18.52
1691.6	-18.18	-18.30	-18.56
1696.6	-18.21	-18.33	-18.60
1701.6	-18.25	-18.37	-18.63
1706.6	-18.28	-18.41	-18.67
1711.6	-18.32	-18.44	-18.71
1716.6	-18.36	-18.48	-18.75
1721.6	-18.39	-18.52	-18.78
1726.6	-18.43	-18.55	-18.82
1731.5	-18.46	-18.59	-18.86
1736.5	-18.50	-18.63	-18.90
1741.5	-18.54	-18.67	-18.93
1746.5	-18.57	-18.70	-18.97
1751.5	-18.61	-18.74	-19.01
1756.5	-18.65	-18.78	-19.05
1761.5	-18.68	-18.81	-19.09
1766.5	-18.72	-18.85	-19.12
1771.5	-18.76	-18.89	-19.16
1776.5	-18.79	-18.93	-19.20
1781.4	-18.83	-18.96	-19.24
1786.4	-18.87	-19.00	-19.28
1791.4	-18.90	-19.04	-19.31
1796.4	-18.94	-19.08	-19.35
1801.4	-18.98	-19.11	-19.39
1806.4	-19.01	-19.15	-19.43
1811.4	-19.05	-19.19	-19.47
1816.4	-19.09	-19.23	-19.51
1821.4	-19.12	-19.26	-19.54
1826.4	-19.16	-19.30	-19.58
1831.3	-19.20	-19.34	-19.62
1836.3	-19.23	-19.38	-19.66
1841.3	-19.27	-19.42	-19.70
1846.3	-19.31	-19.45	-19.74
1851.3	-19.35	-19.49	-19.78
1856.3	-19.38	-19.53	-19.81
1861.3	-19.42	-19.57	-19.85
1866.3	-19.46	-19.61	-19.89
1871.3	-19.50	-19.64	-19.93
1876.3	-19.53	-19.68	-19.97
1881.2	-19.57	-19.72	-20.01
1886.2	-19.61	-19.76	-20.05
1891.2	-19.65	-19.80	-20.09
1896.2	-19.68	-19.84	-20.13
1901.2	-19.72	-19.87	-20.17
1906.2	-19.76	-19.91	-20.20
1911.2	-19.80	-19.95	-20.24
1916.2	-19.83	-19.99	-20.28
1921.2	-19.87	-20.03	-20.32
1926.2	-19.91	-20.07	-20.36
1931.1	-19.95	-20.10	-20.40
1936.1	-19.99	-20.14	-20.44
1941.1	-20.02	-20.18	-20.48
1946.1	-20.06	-20.22	-20.52
1951.1	-20.10	-20.26	-20.56
1956.1	-20.14	-20.30	-20.60
1961.1	-20.18	-20.34	-20.64
1966.1	-20.21	-20.38	-20.68
1971.1	-20.25	-20.41	-20.72
1976.1	-20.29	-20.45	-20.76
1981	-20.33	-20.49	-20.80
1986	-20.37	-20.53	-20.84
1991	-20.41	-20.57	-20.88
1996	-20.44	-20.61	-20.92
2001	-20.48	-20.65	-20.96
2006	-20.52	-20.69	-21.00
2011	-20.56	-20.73	-21.04
2016	-20.60	-20.77	-21.08
2021	-20.64	-20.81	-21.12
2026	-20.67	-20.85	-21.16
2030.9	-20.71	-20.88	-21.20
2035.9	-20.75	-20.92	-21.24
2040.9	-20.79	-20.96	-21.28
2045.9	-20.83	-21.00	-21.32
2050.9	-20.87	-21.04	-21.36
2055.9	-20.91	-21.08	-21.40
2060.9	-20.95	-21.12	-21.44
2065.9	-20.99	-21.16	-21.48
2070.9	-21.02	-21.20	-21.52
2075.9	-21.06	-21.24	-21.56
2080.8	-21.10	-21.28	-21.60
2085.8	-21.14	-21.32	-21.64
2090.8	-21.18	-21.36	-21.68
2095.8	-21.22	-21.40	-21.72
2100.8	-21.26	-21.44	-21.76
2105.8	-21.30	-21.48	-21.80
2110.8	-21.34	-21.52	-21.84
2115.8	-21.38	-21.56	-21.88
2120.8	-21.42	-21.60	-21.92
2125.8	-21.46	-21.64	-21.97
2130.7	-21.49	-21.68	-22.01
2135.7	-21.53	-21.72	-22.05
2140.7	-21.57	-21.76	-22.09
2145.7	-21.61	-21.80	-22.13
2150.7	-21.65	-21.84	-22.17
2155.7	-21.69	-21.88	-22.21
2160.7	-21.73	-21.92	-22.25
2165.7	-21.77	-21.96	-22.29
2170.7	-21.81	-22.00	-22.33
2175.7	-21.85	-22.04	-22.38
2180.6	-21.89	-22.08	-22.42
2185.6	-21.93	-22.12	-22.46
2190.6	-21.97	-22.16	-22.50
2195.6	-22.01	-22.20	-22.54
2200.6	-22.05	-22.25	-22.58
2205.6	-22.09	-22.29	-22.62
2210.6	-22.13	-22.33	-22.67
2215.6	-22.17	-22.37	-22.71
2220.6	-22.21	-22.41	-22.75
2225.6	-22.25	-22.45	-22.79
2230.5	-22.29	-22.49	-22.83
2235.5	-22.33	-22.53	-22.87
2240.5	-22.37	-22.57	-22.91
2245.5	-22.41	-22.61	-22.96
2250.5	-22.45	-22.65	-23.00
2255.5	-22.49	-22.69	-23.04
2260.5	-22.53	-22.73	-23.08
2265.5	-22.57	-22.78	-23.12
2270.5	-22.61	-22.82	-23.17
2275.5	-22.65	-22.86	-23.21
2280.4	-22.69	-22.90	-23.25
2285.4	-22.73	-22.94	-23.29
2290.4	-22.77	-22.98	-23.33
2295.4	-22.81	-23.02	-23.37
2300.4	-22.85	-23.06	-23.42
2305.4	-22.90	-23.11	-23.46
2310.4	-22.94	-23.15	-23.50
2315.4	-22.98	-23.19	-23.54
2320.4	-23.02	-23.23	-23.59
2325.4	-23.06	-23.27	-23.63
2330.3	-23.10	-23.31	-23.67
2335.3	-23.14	-23.35	-23.71
2340.3	-23.18	-23.40	-23.75
2345.3	-23.22	-23.44	-23.80
2350.3	-23.26	-23.48	-23.84
2355.3	-23.30	-23.52	-23.88
2360.3	-23.34	-23.56	-23.92
2365.3	-23.39	-23.60	-23.97
2370.3	-23.43	-23.65	-24.01
2375.3	-23.47	-23.69	-24.05
2380.2	-23.51	-23.73	-24.09
2385.2	-23.55	-23.77	-24.14
2390.2	-23.59	-23.81	-24.18
2395.2	-23.63	-23.85	-24.22
2400.2	-23.67	-23.90	-24.26
2405.2	-23.71	-23.94	-24.31
2410.2	-23.76	-23.98	-24.35
2415.2	-23.80	-24.02	-24.39
2420.2	-23.84	-24.06	-24.44
2425.2	-23.88	-24.11	-24.48
2430.1	-23.92	-24.15	-24.52
2435.1	-23.96	-24.19	-24.56
2440.1	-24.00	-24.23	-24.61
2445.1	-24.05	-24.27	-24.65
2450.1	-24.09	-24.32	-24.69
2455.1	-24.13	-24.36	-24.74
2460.1	-24.17	-24.40	-24.78
2465.1	-24.21	-24.44	-24.82
2470.1	-24.25	-24.49	-24.87
2475.1	-24.30	-24.53	-24.91
2480	-24.34	-24.57	-24.95
2485	-24.38	-24.61	-25.00
2490	-24.42	-24.66	-25.04
2495	-24.46	-24.70	-25.08
2500	-24.50	-24.74	-25.13
2505	-24.55	-24.81	-25.20
2510	-24.59	-24.85	-25.24
2515	-24.63	-24.90	-25.29
2520	-24.67	-24.94	-25.33
2525	-24.72	-24.99	-25.38
2530	-24.76	-25.03	-25.42
2535	-24.80	-25.08	-25.47
2540	-24.84	-25.12	-25.51
2545	-24.89	-25.17	-25.56
2550	-24.93	-25.21	-25.60
2555	-24.97	-25.25	-25.65
2560	-25.01	-25.30	-25.69
2565	-25.06	-25.34	-25.74
2570	-25.10	-25.39	-25.79
2575	-25.14	-25.43	-25.83
2580	-25.18	-25.48	-25.88
2585	-25.23	-25.52	-25.92
2590	-25.27	-25.57	-25.97
2595	-25.31	-25.62	-26.02
2600	-25.36	-25.66	-26.06
2605	-25.40	-25.71	-26.11
2610	-25.44	-25.75	-26.16
2615	-25.48	-25.80	-26.20
2620	-25.53	-25.84	-26.25
2625	-25.57	-25.89	-26.29
2630	-25.61	-25.93	-26.34
2635	-25.66	-25.98	-26.39
2640	-25.70	-26.03	-26.43
2645	-25.74	-26.07	-26.48
2650	-25.79	-26.12	-26.53
2655	-25.83	-26.16	-26.58
2660	-25.87	-26.21	-26.62
2665	-25.92	-26.26	-26.67
2670	-25.96	-26.30	-26.72
2675	-26.00	-26.35	-26.77
2680	-26.05	-26.40	-26.81
2685	-26.09	-26.44	-26.86
2690	-26.13	-26.49	-26.91
2695	-26.18	-26.54	-26.96
2700	-26.22	-26.58	-27.00
2705	-26.26	-26.63	-27.05
2710	-26.31	-26.68	-27.10
2715	-26.35	-26.73	-27.15
2720	-26.40	-26.77	-27.20
2725	-26.44	-26.82	-27.24
2730	-26.48	-26.87	-27.29
2735	-26.53	-26.91	-27.34
2740	-26.57	-26.96	-27.39
2745	-26.62	-27.01	-27.44
2750	-26.66	-27.06	-27.49
2755	-26.71	-27.11	-27.53
2760	-26.75	-27.15	-27.58
2765	-26.79	-27.20	-27.63
2770	-26.84	-27.25	-27.68
2775	-26.88	-27.30	-27.73
2780	-26.93	-27.35	-27.78
2785	-26.97	-27.39	-27.83
2790	-27.02	-27.44	-27.88
2795	-27.06	-27.49	-27.93
2800	-27.11	-27.54	-27.98