pO2 mew_e electrons holes VO{2} VO{1} VO{0} VM{-4} VM{-3} VM{-2} VM{-1} VM{0} Oi{-2} Oi{-1} Oi{0} Mi{4} Mi{3} Mi{2} Mi{1} Mi{0} Stoich
-35 3.26550028226197 -0.911508182525866 -8.93817483625296 -1.4051540659595 -1.35735501832118 -1.31556618558755 -14.0984748053633 -24.138729862917 -34.3160293812696 -44.5167767487795 -58.0674610902255 -13.8981275960457 -21.1884027703169 -31.1158222192242 -11.2086439593839 -9.47293007508055 -7.78787884488021 -8.61508617330525 -9.44622060813757 -0.102548394955391 
-34.8 3.25472408950586 -0.947714600263718 -8.90196841851511 -1.42873465673182 -1.41714202683135 -1.41155961183557 -14.043300476314 -24.0473491161299 -34.1884422167446 -44.3529831665166 -57.8674610902247 -13.8705404293032 -21.1246091858365 -31.015822217006 -11.263818286215 -9.56431081964952 -7.91546600718704 -8.77887975334993 -9.64622060592009 -0.163814073737683 
-34.6 3.24395328954086 -0.983902899019072 -8.86578011975975 -1.45297947043881 -1.4775751392937 -1.50818102305327 -13.9880536713362 -23.9559140123967 -34.0608188142561 -44.1891714652727 -57.6674610902255 -13.8429170251845 -21.0607974829624 -30.9158222153766 -11.3190650895634 -9.65574592175322 -8.0430894080461 -8.94269145296435 -9.84622060428987 -0.223720502529651 
-34.4 3.23319746746674 -1.02004087427094 -8.82964214450788 -1.47784619867575 -1.53857984278251 -1.60532370179395 -13.932605572343 -23.8643279381516 -33.9330947647591 -44.0253094405238 -57.4674610902248 -13.8151929744891 -20.9969354570152 -30.8158222141774 -11.3745131873575 -9.74733199479923 -8.17081345634398 -9.1065534765141 -10.0462206030915 -0.282202931873051 
-34.2 3.2224637865522 -1.05610445849333 -8.79357856028549 -1.50329477952425 -1.6000920078534 -1.70289945108722 -13.8768599092333 -23.7725186908195 -33.8052219332046 -43.861373024747 -57.2674610902256 -13.7873201420502 -20.9329990403538 -30.7158222132937 -11.4302588495835 -9.83914124124754 -8.29868628701468 -9.27048989140718 -10.246220602207 -0.339226387021617 
-34 3.21175744521472 -1.09207618577049 -8.75760683300834 -1.52928738152448 -1.66205633713079 -1.80083550764177 -13.8207468183412 -23.6804338726502 -33.6771653877582 -43.6973447520234 -57.0674610902248 -13.7592635959524 -20.8689707669789 -30.6158222126416 -11.4863719398235 -9.93122605876471 -8.426742831809 -9.43451816347866 -10.4462206015556 -0.394781340063832 
-33.8 3.20108206304758 -1.127943894803 -8.72173912397582 -1.55578835266811 -1.72442501730694 -1.89907189685044 -13.7642176544713 -23.5880369997478 -33.5489008058233 -43.533212461056 -56.8674610902249 -13.7309990135356 -20.8048384755296 -30.5158222121598 -11.5429011032117 -10.0236229311855 -8.5550074132623 -9.59865045396448 -10.6462206010739 -0.44887960374058 
-33.6 3.19044000267424 -1.16369964752469 -8.68598337125414 -1.5827641472589 -1.7871565646194 -1.99755919688459 -13.707240665358 -23.4953042579129 -33.4204123112666 -43.3689682137777 -56.6674610902249 -13.702510518623 -20.7405942278953 -30.4158222118038 -11.599878091969 -10.1163556726644 -8.68349590746289 -9.76289470088676 -10.8462206007179 -0.50155049126149 
-33.4 3.1798326353471 -1.19933883672975 -8.65034418204907 -1.61018323967181 -1.85021484623738 -2.09625666770762 -13.6497974221783 -23.4022218255281 -33.2916906896768 -43.2046074029827 -56.4674610902249 -13.6737888967698 -20.676233416837 -30.3158222115405 -11.6573213348854 -10.2094381047859 -8.81221752878942 -9.92725551141834 -11.0462206004545 -0.55283727761534 
-33.2 3.1692605583072 -1.23485945577641 -8.61482356300241 -1.63801603122207 -1.9135682568343 -2.19513069735121 -13.5918798983649 -23.3087836826681 -33.1627319277701 -43.0401280220294 -56.2674610902249 -13.6448301346682 -20.6117540356888 -30.2158222113456 -11.7152388585038 -10.302876247451 -8.94117629050121 -10.0917348921768 -11.2462206002597 -0.602793989932475 
-33 3.15872377143737 -1.27026150505839 -8.57942151372043 -1.66623475432155 -1.97718902921575 -2.29415351901464 -13.5334880954929 -23.2149898305141 -33.0335360263341 -42.8755300713114 -56.0674610902249 -13.6156342330879 -20.5471560848265 -30.1158222112014 -11.7736306612316 -10.3966700994608 -9.07037219179296 -10.2563328427505 -11.4462206001154 -0.651482545733236 
-32.8 3.14822181997495 -1.30554651251107 -8.54413650626775 -1.69481337666134 -2.04105265900823 -2.3933021562598 -13.4746281253036 -23.1208448528721 -32.9041060412395 -42.7108150787641 -55.8674610902249 -13.5862042478865 -20.4824410921724 -30.0158222110945 -11.8324906313141 -10.4908150769959 -9.19980217678074 -10.421047835191 -11.6462206000085 -0.698970248154136 
-32.6 3.13775390918136 -1.34071714833887 -8.50896587043995 -1.72372750715655 -2.10513742533124 -2.49255755841062 -13.4153106686149 -23.0263567603556 -32.7744473128951 -42.545985714592 -55.667461090225 -13.5565455194629 -20.4176117279211 -29.9158222110154 -11.8918080879237 -10.5853031694333 -9.32946090504597 -10.585877199284 -11.8462205999293 -0.745327637062549 
-32.4 3.12731899600351 -1.37577691704625 -8.47390610173258 -1.75295430471272 -2.16942399159478 -2.59190389338153 -13.3555497434444 -22.9315360664777 -32.6445668503099 -42.3810454832994 -55.467461090225 -13.526665056819 -20.3526714965698 -29.8158222109567 -11.9515690130355 -10.6801238632525 -9.45934136757256 -10.750817430518 -12.0462205998707 -0.790626685225432 
-32.2 3.1169158619617 -1.41072991254524 -8.43895310623359 -1.7824723904146 -2.23389507279565 -2.69132797008139 -13.2953617254404 -22.8363950529747 -32.5144728413079 -42.2159984787984 -55.267461090225 -13.4965710477736 -20.2876244920253 -29.7158222109133 -12.0117570309961 -10.7752648767121 -9.58943537653109 -10.9158644349755 -12.2462205998272 -0.834939320188875 
-32 3.10654317078698 -1.44558062450237 -8.40410239427646 -1.8122617634441 -2.29853515778228 -2.79081876702515 -13.2347645732689 -22.7409471888461 -32.3841742652222 -42.0508491907555 -55.067461090225 -13.4662724716556 -20.2224752039503 -29.6158222108811 -12.0723541831353 -10.8707127408084 -9.71973395258458 -11.0810137229861 -12.4462205997949 -0.878336245839826 
-31.8 3.09619951371491 -1.48033378615828 -8.36934923262054 -1.84230372084185 -2.36333027683595 -2.89036704773473 -13.1737772198926 -22.6452066738139 -32.2536805885341 -41.8856023524115 -54.8674610902251 -13.4357787949436 -20.1572283655823 -29.5158222108572 -12.1333415364877 -10.9664532558168 -9.85022762924883 -11.2462605613063 -12.646220599771 -0.920886033021862 
-31.6 3.08588344482015 -1.51499425560878 -8.33468876317004 -1.87258078111313 -2.42826780655773 -2.98996504690701 -13.1124190976946 -22.5491880821654 -32.1230015274351 -41.720262821862 -54.6674610902251 -13.4050997338269 -20.0918888350151 -29.4158222108395 -12.194699658668 -11.0624718474475 -9.9809066903301 -11.4116000918381 -12.8462205997533 -0.962654446072039 
-31.4 3.07559350833799 -1.54956692400858 -8.30011609477025 -1.90307661160604 -2.49333630545043 -3.08960621419951 -13.0507097712938 -22.4529060873648 -31.9921468642347 -41.5548354902618 -54.4674610902251 -13.3742450706133 -20.0264615034017 -29.3158222108264 -12.2564089850556 -11.158753842235 -10.1117613535173 -11.5770274234251 -13.0462205997401 -1.00370397151566 
-31.2 3.06532825955651 -1.58405664537649 -8.26562637340233 -1.93377595955595 -2.55852537476826 -3.18928500488525 -12.9886686567655 -22.3563752514686 -31.8611263069705 -41.3893252116298 -54.2674610902251 -13.3432245133394 -19.9609512247599 -29.2158222108166 -12.3184500995742 -11.2552846781214 -10.2427819107717 -11.7425377020474 -13.2462205997303 -1.04409351607514 
-31 3.0550862805641 -1.61846818368637 -8.23121483509245 -1.96466458666728 -2.62382554018947 -3.28899670861633 -12.9263148100051 -22.2596098663983 -31.7299493835903 -41.2237367499397 -54.0674610902252 -13.3120475899519 -19.8953627630626 -29.1158222108094 -12.3808039463274 -11.3520500631846 -10.3739588341447 -11.9081261637303 -13.4462205997231 -1.08387824321556 
-30.8 3.04486619189251 -1.65280617374798 -8.19687684503084 -1.99572920709938 -2.68922815068318 -3.38873730917166 -12.8636667702515 -22.1626238365831 -31.5986253637136 -41.0580747400013 -53.8674610902252 -13.2807235700698 -19.8297007531188 -29.015822210804 -12.4434519860756 -11.4490360929943 -10.5052828540161 -12.0737881736633 -13.6462205997177 -1.12310952029145 
-30.6 3.03466666089588 -1.68707509305483 -8.162607925724 -2.02695742871708 -2.75472529160773 -3.48850336940305 -12.8007424474789 -22.0654305945037 -31.4671632023273 -40.8923436593082 -53.6674610902252 -13.2492614086795 -19.7639696724217 -28.9158222108 -12.5063763088442 -11.5462293350698 -10.6367450153984 -12.2395192543524 -13.8462205997137 -1.16183495162119 
-30.4 3.02448640754491 -1.72127924231647 -8.12840377646235 -2.05833769747675 -2.82030970962904 -3.58829193668601 -12.7375590445255 -21.9680430422887 -31.3355715008506 -40.7265478085698 -53.4674610902253 -13.2176697071996 -19.6981738216802 -28.8158222107969 -12.5695597117946 -11.6436168872819 -10.7683367168721 -12.4053151050878 -14.0462205997107 -1.20009847623808 
-30.2 3.0143242081831 -1.75542273283826 -8.09426028594057 -2.08985924481505 -2.88597474748912 -3.68810046506788 -12.674133006612 -21.8704735138533 -31.2038584818935 -40.5606912990909 -53.2674610902245 -13.185956688241 -19.6323173121998 -28.7158222107947 -12.632985749706 -11.741186415715 -10.9000497358271 -12.5711716145645 -14.2462205997092 -1.23794051241378 
-30 3.00417889768516 -1.78950947926918 -8.06017353950964 -2.12151203791581 -2.95171428702081 -3.78792675103049 -12.6104799923365 -21.7727337531469 -31.0720319747561 -40.3947780455226 -53.0674610902253 -13.1541301811012 -19.5664040586291 -28.6158222107931 -12.6966387639799 -11.8389261764198 -11.0318762429628 -12.7370848681312 -14.4462205997068 -1.27539813419909 
-29.8 2.99404937037252 -1.82354319652619 -8.02613982225263 -2.15328673273294 -3.01752269909495 -3.88776888036164 -12.5466148613638 -21.6748349049172 -30.9400994092694 -40.2288117627789 -52.8674610902246 -13.122197615614 -19.5004377758849 -28.5158222107919 -12.7605038949514 -11.9368250246483 -11.1638088084483 -12.9030511508737 -14.6462205997063 -1.31250526807287 
-29.6 2.98393457997042 -1.85752739993806 -7.99215561884076 -2.18517462965623 -3.08339479943011 -3.98762518410867 -12.4825516750121 -21.5767875151536 -30.808067816094 -40.0627959661916 -52.6674610902254 -13.0901660224369 -19.4344219792958 -28.415822210791 -12.8245670813022 -12.034872414411 -11.2958404016229 -13.0690669474601 -14.8462205997046 -1.34929290029954 
-29.4 2.97383353883407 -1.89146540784559 -7.95821761093323 -2.21716763169864 -3.14932580938005 -4.08749420196614 -12.4183037066415 -21.4786015388755 -30.6759438319083 -39.8967339740984 -52.4674610902247 -13.0580420382513 -19.3683599872027 -28.3158222107903 -12.8888150496721 -12.1330583906885 -11.4279643858079 -13.2351289395527 -15.0462205997047 -1.38578928773341 
-29.2 2.96374531662764 -1.92536034603991 -7.92432267273891 -2.24925820510365 -3.21531132097938 -4.18737465175979 -12.3538834594196 -21.3802863534592 -30.5437337082977 -39.7306289122935 -52.2674610902255 -13.0258319146394 -19.3022549253965 -28.2158222107898 -12.9532352968936 -12.2313735761043 -11.560174509418 -13.4012340013571 -15.2462205997034 -1.42202016662846 
-29 2.95366903860065 -1.95921515355353 -7.89046786522529 -2.28143934225566 -3.281347265645 -4.28726540393903 -12.2893026894733 -21.2818507759994 -30.4114433233243 -39.5644837198064 -52.0674610902248 -12.9935415296663 -19.2361097329098 -28.1158222107894 -13.0178160668395 -12.3298091535638 -11.6924648943911 -13.5673791938438 -15.4462205997038 -1.45800895548073 
-28.8 2.94360388357939 -1.99303258940902 -7.8566504293698 -2.31370452679835 -3.34742988604319 -4.38716546019271 -12.2245724328961 -21.1833030835667 -30.2790781950361 -39.3983011556627 -51.8674610902256 -12.961176401377 -19.169927168765 -28.0158222107892 -13.0825463234165 -12.4283568459962 -11.8248300226791 -13.7335617579872 -15.6462205997027 -1.49377694914928 
-28.6 2.93354908176343 -2.02681524002218 -7.82286777875664 -2.34604770084569 -3.41355571070368 -4.48707393546636 -12.159703035348 -21.0846510354054 -30.1466434962617 -39.2320838062752 -51.6674610902249 -12.9287417026031 -19.103709819378 -27.915822210789 -13.1474157209644 -12.5270088941573 -11.9572647214533 -13.8997791073746 -15.8462205997032 -1.52934350243313 
-28.4 2.92350391240211 -2.06056552700894 -7.78911749176988 -2.37846323419803 -3.47972153104279 -4.58699004279223 -12.0947041832959 -20.9859018963665 -30.014144070236 -39.0658340932628 -51.4674610902258 -12.8962422765765 -19.0374601063646 -27.8158222107888 -13.2124145730164 -12.6257580331961 -12.0897641474788 -14.0660288203869 -16.0462205997023 -1.56472620204767 
-28.2 2.9134677014066 -2.09428571520829 -7.75539730357053 -2.41094589545751 -3.54592438050163 -4.68691308045042 -12.0295849360926 -20.8870624609639 -29.8815844466341 -38.8995542814615 -51.2674610902251 -12.8636826529751 -18.9711802945638 -27.7158222107887 -13.2775338202196 -12.7245974685986 -12.2223237710807 -14.2323086321882 -16.2462205997029 -1.59994102649067 
-28 2.90343981894296 -2.12797792076939 -7.72170509800944 -2.44349082495213 -3.61216151555733 -4.78684242106722 -11.9643537583379 -20.7881390776481 -29.7489688577571 -38.7332464870234 -51.0674610902259 -12.8310670640972 -18.9048725001248 -27.6158222107887 -13.3427649979743 -12.8235208519145 -12.3549393599577 -14.3986164266262 -16.4462205997021 -1.63500249372276 
-27.8 2.89341967703922 -2.16164411919123 -7.68803889958759 -2.47609350936836 -3.67843039839541 -4.88677750232714 -11.8990185520246 -20.6891376729129 -29.6163012546001 -38.5669126854446 -50.8674610902252 -12.7983994609409 -18.8385386985466 -27.5158222107886 -13.4081002042876 -12.9225222566496 -12.4876069631147 -14.5649502282051 -16.6462205997027 -1.66992379688227 
-27.6 2.88340672723541 -2.19528615321844 -7.65439686556038 -2.50874975801987 -3.74472868107413 -4.98671781903307 -11.8335866881343 -20.5900637749954 -29.4835853226554 -38.4005547194727 -50.6674610902261 -12.7656835289952 -18.7721807325738 -27.4158222107886 -13.473532068178 -13.0215961545672 -12.6203228950594 -14.731308194177 -16.8462205997019 -1.70471692849218 
-27.4 2.87340045829262 -2.22890574053831 -7.62077727824051 -2.54145568064272 -3.81105419101686 -5.08666291629567 -11.7680650374131 -20.4909225369544 -29.3508244972945 -38.2341743067919 -50.4674610902255 -12.732922703635 -18.7058003198937 -27.3158222107885 -13.5390537188992 -13.1207373926083 -12.7530837204204 -14.8976886068579 -17.0462205997026 -1.73939279372224 
-27.2 2.86340039397919 -2.26250448121898 -7.58717853755984 -2.57420766665731 -3.87740491771211 -5.18661238367159 -11.7024600001367 -20.3917187589973 -29.2180219786568 -38.0677730474735 -50.2674610902264 -12.7001201849963 -18.6393990605743 -27.2158222107885 -13.6046587561757 -13.2199411705655 -12.8858862390582 -15.0640898661764 -17.2462205997018 -1.77396131340059 
-27 2.85340609094169 -2.29608386486255 -7.55359915391628 -2.60700236579968 -3.94377900049804 -5.28656585010109 -11.6367775347104 -20.2924569099274 -29.0851807459433 -37.9013524311164 -50.0674610902258 -12.6672789522834 -18.5729784442179 -27.1158222107885 -13.6703412216022 -13.3192030196355 -13.0187274717718 -15.2305104825336 -17.4462205997025 -1.80843151747636 
-26.8 2.84341713666879 -2.32964527744621 -7.52003774133262 -2.63983667005261 -4.01017471733464 -5.38652297952134 -11.571023185046 -20.1931411476793 -28.9523035711116 -37.7349138437011 -49.8674610902267 -12.6344017774507 -18.5065398568015 -27.0158222107885 -13.7360955712668 -13.4185187818837 -13.1516046466037 -15.3969490699491 -17.6462205997018 -1.84281162967292 
-26.6 2.83343314755371 -2.36319000783217 -7.48649301094665 -2.67270769681219 -4.07659047448018 -5.48648346705285 -11.5052021065893 -20.0937753388367 -28.8193930318829 -37.5684585740865 -49.6674610902262 -12.6014912382225 -18.4400845871873 -26.9158222107883 -13.8019166497236 -13.5178845907266 -13.2845151858325 -15.5634043395639 -17.8462205997025 -1.87710914406576 
-26.4 2.82345376705462 -2.39671925394835 -7.45296376483048 -2.70561277319906 -4.14302479698322 -5.58644703567207 -11.4393190910542 -19.9943630771854 -28.6864515241155 -37.4019878202029 -49.4674610902264 -12.5685497304548 -18.3736138333035 -26.8158222107884 -13.8677996652589 -13.617296852378 -13.4174566936002 -15.7298750934477 -18.0462205997025 -1.91133089426693 
-26.2 2.81347866395777 -2.43023412862408 -7.41944889015474 -2.73854942147711 -4.20947631993701 -5.68641343330159 -11.3733785897574 -19.8949077012129 -28.5534812734673 -37.2355026948789 -49.2674610902267 -12.5355794798063 -18.3071287079793 -26.7158222107884 -13.9337401665559 -13.7167522283508 -13.5504269442487 -15.8963602187719 -18.2462205997025 -1.94548311591387 
-26 2.80350753073958 -2.46373566509323 -7.38594735368559 -2.77151534549149 -4.27594378042054 -5.78638243025427 -11.3073847356344 -19.7954123106207 -28.4204843464059 -37.0690042313484 -49.067461090227 -12.5025825527447 -18.2406302444484 -26.6158222107884 -13.9997340206793 -13.8162476189433 -13.6834238713103 -16.0628586823028 -18.4462205997024 -1.97957150306643 
-25.8 2.79354008202881 -2.49722482216107 -7.35245819661776 -2.80450841808527 -4.34242601008216 -5.88635381698372 -11.2413413639061 -19.6958797818246 -28.2874626605419 -36.9024933884166 -48.8674610902274 -12.4695608668803 -18.1741194015163 -26.5158222107884 -14.065777392408 -13.9157801477398 -13.8164455571747 -16.2293695252349 -18.6462205997024 -2.01360125911664 
-25.6 2.78357605316705 -2.5307024890408 -7.31898052973802 -2.83752666943989 -4.40892192831651 -5.98632740209781 -11.1752520314254 -19.5963127824642 -28.1544179943018 -36.7359710552967 -48.6674610902278 -12.4365162006398 -18.107597068396 -26.4158222107884 -14.131866724889 -14.0153471471006 -13.9494902234152 -16.3958918583552 -18.8462205997024 -2.04757714275329 
-25.4 2.77361519886313 -2.56416948987459 -7.28551352890423 -2.87056827627403 -4.47543053598444 -6.08630301059953 -11.1091200347611 -19.4967137849661 -28.0213519959699 -36.569438056131 -48.4674610902283 -12.4034502023074 -18.0410640692298 -26.3158222107884 -14.1979987215539 -14.1149461445992 -14.0825562217476 -16.5624248575214 -19.0462205997024 -2.08150350946597 
-25.2 2.76365729194367 -2.59762658793141 -7.25205643084742 -2.90363155188592 -4.54195090965314 -6.18628048232505 -11.0429484269889 -19.3970850791371 -27.8882661920841 -36.4028951541884 -48.2674610902289 -12.3703643984211 -17.9745211672867 -26.2158222107885 -14.2641703293266 -14.2145748504287 -14.215642025634 -16.7289677594645 -19.2462205997024 -2.11538434907531 
-25 2.7537021221915 -2.63107448951001 -7.21860852926881 -2.93671493695679 -4.60848219630262 -6.28625967055312 -10.976740033304 -19.2974287838736 -27.755161995242 -36.2363430557677 -48.0674610902296 -12.3372602015783 -17.9079690688653 -26.1158222107885 -14.3303787230122 -14.3142311456929 -14.3487462224767 -16.8955198578859 -19.4462205997024 -2.14922331966711 
-24.8 2.7437494952751 -2.66451384753559 -7.18516917124324 -2.9698169911166 -4.675023608488 -6.38624044076409 -10.9104974654071 -19.1977468579511 -27.6220407112939 -36.0697824137941 -47.8674610902304 -12.3041389176295 -17.8414084268909 -26.0158222107885 -14.3966212909099 -14.4139130716162 -14.4818675064256 -17.0620804998603 -19.6462205997024 -2.18302377834723 
-24.6 2.7337992317639 -2.69794526486838 -7.15173775391044 -3.00293638521654 -4.74157441992074 -6.48622266952962 -10.8442231347392 -19.0980411099504 -27.4889035459604 -35.9032138311277 -47.6674610902313 -12.2710017522951 -17.7748398442237 -25.9158222107885 -14.4628956215787 -14.5136188196178 -14.61500467176 -17.2286490825275 -19.8462205997024 -2.21678880914042 
-24.4 2.72385116622854 -2.73136929732663 -7.11831372145219 -3.03607189428778 -4.80813396145023 -6.58620624351736 -10.7779192645732 -18.9983132073262 -27.355751610878 -35.736637863587 -47.4674610902323 -12.2378498172116 -17.708263876682 -25.8158222107886 -14.5291994917457 -14.6133467222431 -14.7481566068435 -17.3952250500693 -20.0462205997024 -2.25052124835522 
-24.2 2.71390514642553 -2.76478645642603 -7.0848965623528 -3.06922239116808 -4.87470161742993 -6.68619105859645 -10.711587900972 -18.8985646846256 -27.222585929078 -35.5700550226877 -47.2674610902335 -12.2046841354104 -17.6416810357814 -25.7158222107886 -14.5955308553481 -14.7130952449449 -14.8813222886447 -17.5618078909699 -20.2462205997024 -2.28422370770381 
-24 2.70396103256098 -2.79819721185339 -7.05148580692543 -3.10238684074925 -4.94127682243846 -6.78617701903236 -10.6452309226829 -18.7987969509091 -27.0894074399341 -35.4034657781164 -47.0674610902349 -12.1715056462652 -17.5750917912088 -25.6158222107886 -14.6618878336386 -14.8128629786627 -15.0145007777899 -17.7283971355425 -20.4462205997024 -2.3178985954116 
-23.8 2.69401869664216 -2.83160199364544 -7.01808102513338 -3.13556429489321 -5.00785905837447 -6.88616403676041 -10.5788500498527 -18.6990112962869 -26.9562170035199 -35.2368705599101 -46.8674610902366 -12.1383152098493 -17.5084965730009 -25.5158222107887 -14.7282687064704 -14.9126486332866 -15.1476912142059 -17.8949923537505 -20.6462205997024 -2.35154813561364 
-23.6 2.68407802190677 -2.86500119410625 -6.98468182467258 -3.16875388794065 -5.07444785188271 -6.98615203072946 -10.5124468516979 -18.5992088976712 -26.8230154044434 -35.0702697603728 -46.6674610902385 -12.105113610771 -17.4418957734617 -25.4158222107887 -14.7946719046272 -15.0124510319042 -15.2808928132843 -18.0615931532897 -20.8462205997024 -2.38517438618974 
-23.4 2.67413890233638 -2.8983951694421 -6.95128784933672 -3.20195483284711 -5.14104277212503 -7.08614092630763 -10.4460227530435 -18.499390823681 -26.6898033551173 -34.9036637357109 -46.4674610902407 -12.0719015614427 -17.3752897487976 -25.3158222107887 -14.8610960032838 -15.1122691058966 -15.4141048626126 -18.2281991779538 -21.0462205997024 -2.41877925527796 
-23.2 2.66420124225806 -2.93178424109994 -6.91789877767888 -3.2351664179675 -5.20764342890326 -7.1861306547437 -10.3795790396775 -18.3995580386571 -26.5565814984356 -34.7370528073714 -46.2674610902433 -12.0386797047585 -17.3086788204555 -25.2158222107888 -14.9275397166524 -15.2121018909231 -15.5473267192969 -18.394810106296 -21.2462205997024 -2.45236451667135 
-23 2.6542649560306 -2.96516869682158 -6.88451432195725 -3.26838800445843 -5.27424947111583 -7.2861211526779 -10.313116862567 -18.299711405825 -26.4233504098819 -34.570437263096 -46.0674610902463 -12.0054486162018 -17.2420632761772 -25.1158222107888 -14.9940018937659 -15.3119485237582 -15.6805578078536 -18.5614256505744 -21.4462205997024 -2.4859318242337 
-22.8 2.64432996782671 -2.99854879137555 -6.85113422740327 -3.30161902437 -5.34086058558137 -7.38611236169742 -10.2466372407857 -18.1998516894897 -26.2901105989926 -34.4038173576527 -45.8674610902491 -11.9722088053096 -17.175443370731 -25.0158222107887 -15.0604815155508 -15.4118082400971 -15.8137976187464 -18.7280455560212 -21.6462205997032 -2.51948272555728 
-22.6 2.63439621150883 -3.03192474697426 -6.81775827180456 -3.3348589794059 -5.40747649621598 -7.48610422793074 -10.1801410631854 -18.0999795562907 -26.1568625101949 -34.2371933132563 -45.6674610902539 -11.938960716507 -17.1088193263298 -24.9158222107887 -15.1269776931552 -15.5116803733002 -15.9470457075483 -18.8946696004217 -21.8462205997024 -2.55301867497571 
-22.4 2.62446363061645 -3.06529675331673 -6.78438626546209 -3.36810744046991 -5.47409696362246 -7.58609670167969 -10.1136290885593 -18.0000955753221 -26.0236065228838 -34.0705653196028 -45.4674610902579 -11.905704729192 -17.0421913326723 -24.8158222107888 -15.1934896677861 -15.6115643542736 -16.0803016948641 -19.06129759408 -22.0462205997032 -2.58654104617475 
-22.2 2.61453217845337 -3.09866496729525 -6.75101805148357 -3.40136404791507 -5.54072178504614 -7.68608973708189 -10.0471019444797 -17.900200217264 -25.8903429508472 -33.9039335335876 -45.2674610902643 -11.8724411571491 -16.9755595466509 -24.7158222107888 -15.2600168118713 -15.7114597123373 -16.2135652669063 -19.2279293801008 -22.2462205997025 -2.62005114442879 
-22 2.60460181831695 -3.13202951222535 -6.71765350655348 -3.43462851277627 -5.60735079483743 -7.78608329180328 -9.98056012420575 -17.80029385206 -25.7570720407131 -33.7372980785234 -45.06746109027 -11.8391702470094 -16.908924091581 -24.6158222107889 -15.3265586321517 -15.8113660775478 -16.3468361770469 -19.3945648351715 -22.4462205997032 -2.65355021884532 
-21.8 2.5946725238482 -3.16539047666928 -6.68429254210954 -3.46790061884185 -5.67398386534695 -7.88607732675673 -9.91400398198979 -17.7003767454001 -25.6237939696092 -33.5706590429757 -44.8674610902783 -11.8058921758973 -16.842285056025 -24.5158222107889 -15.3931147743752 -15.9112831842152 -16.4801142481583 -19.5612038707268 -22.6462205997025 -2.68703947456702 
-21.6 2.58474427953843 -3.19874791273401 -6.65093510604481 -3.50118022580021 -5.74062090837004 -7.98607180584455 -9.84743372625675 -17.6004490536023 -25.4905088417467 -33.4040164790484 -44.6674610902863 -11.7726070480268 -16.7756424920898 -24.415822210789 -15.4596850301171 -16.0112108760218 -16.6133993760297 -19.7278464346629 -22.8462205997033 -2.72052008525482 
-21.4 2.57481708140767 -3.23210183379158 -6.61758118498724 -3.53446727356313 -5.80726187719054 -8.08606669572262 -9.78084941049804 -17.500510816786 -25.3572166838729 -33.237370400117 -44.4674610902973 -11.739314890142 -16.7089964131475 -24.3158222107891 -15.5262693458861 -16.1111491128484 -16.7466915339138 -19.8944925136046 -23.0462205997026 -2.75399320603095 
-21.2 2.56489093787786 -3.26545221154558 -6.58423080723324 -3.56776178791657 -5.87390676929797 -8.18606196558405 -9.71425092152521 -17.4005619500592 -25.2239174393921 -33.0707207778822 -44.2674610903085 -11.7060156456501 -16.6423467909015 -24.2158222107891 -15.5928678348709 -16.2110979795872 -16.8799907784066 -20.0611421358514 -23.2462205997034 -2.7874599871121 
-21 2.55496587084417 -3.29879897243144 -6.55088404634738 -3.60106388752162 -5.94055562978889 -8.28605758696083 -9.64763796508335 -17.3006022327315 -25.0906109611785 -32.9040675387827 -44.0674610903232 -11.6727091674219 -16.5756935517875 -24.1158222107892 -15.6594807913267 -16.3110576969289 -17.0132972566342 -20.2277953749648 -23.4462205997027 -2.8209215882227 
-20.8 2.54504191702472 -3.33214199308171 -6.51754102569711 -3.63437379280191 -6.00720855571944 -8.38605353354164 -9.58101004769987 -17.2006312946977 -24.9572970024945 -32.7374105594485 -43.8674610903386 -11.6393952087225 -16.5090365724378 -24.0158222107893 -15.7261087087265 -16.4110286349789 -17.1466112153345 -20.3944523543153 -23.6462205997035 -2.85437919439908 
-20.6 2.53511912955582 -3.36548109496618 -6.48420192381264 -3.66769183649582 -6.07386570129782 -8.48604978100451 -9.51436645525746 -17.1006486003708 -24.8239752062831 -32.5707496613526 -43.6674610903583 -11.6060734124916 -16.4423756743224 -23.9158222107894 -15.7927523011879 -16.5110113293248 -17.2799330115648 -20.5611132524302 -23.8462205997028 -2.88783403302678 
-20.4 2.52519757994196 -3.39881603784039 -6.45086698093844 -3.70101847660584 -6.14052728428205 -8.58604630686294 -9.44770622677558 -17.0006534290148 -24.6906450920528 -32.4040846042481 -43.4674610903796 -11.5727432982401 -16.3757106171967 -23.8158222107895 -15.8594125296919 -16.611006500703 -17.4132631258172 -20.7277783095568 -24.0462205997036 -2.92128739291492 
-20.2 2.51527736035132 -3.43214651203279 -6.41753650674603 -3.73435431168257 -6.20719359355118 -8.68604309032447 -9.38102812357169 -16.9006448516185 -24.5573060404641 -32.237415078467 -43.2674610904061 -11.539404246625 -16.3090410913892 -23.7158222107896 -15.9260906329216 -16.7110150781251 -17.5466021774317 -20.8944478353637 -24.2462205997029 -2.9547406454182 
-20 2.5053585863534 -3.46547212924695 -6.38421088953187 -3.76770009909023 -6.27386499817301 -8.78604011216046 -9.31433059245757 -16.8006217032902 -24.4239572749217 -32.0707406957104 -43.0674610904354 -11.5060554810534 -16.2423667086035 -23.6158222107897 -15.9927881640658 -16.8110382264835 -17.6799509430042 -21.0611222181504 -24.4462205997038 -2.98819526832813 
-19.8 2.49544140013495 -3.49879241175633 -6.3508906070225 -3.80105677649723 -6.34054195808937 -8.8860373545862 -9.24761172253082 -16.7005825508541 -24.2905978399762 -31.9040609782555 -42.8674610904711 -11.4726960460723 -16.175686991113 -23.5158222107898 -16.0595070340276 -16.9110773789547 -17.8133103779848 -21.2278019356403 -24.6462205997031 -3.02165287286305 
-19.6 2.48552597428716 -3.53210677968004 -6.31757623909879 -3.83442548721413 -6.40722503672999 -8.98603480115052 -9.18086919426571 -16.6005256546652 -24.1572265758636 -31.7373753462193 -42.6674610905112 -11.4393247819198 -16.1090013590368 -23.4158222107899 -16.1262495623336 -17.0111342751844 -17.9466816421383 -21.3944875677175 -24.8462205997039 -3.05511523447222 
-19.4 2.47561251624575 -3.56541453606463 -6.28426848271419 -3.8678076099285 -6.47391491582895 -9.08603243663408 -9.11410021985246 -16.5004489238674 -24.0238420886812 -31.5706831026523 -42.4674610905595 -11.4059402946892 -16.0423091154215 -23.3158222107901 -16.1930185367946 -17.11121100603 -18.0800661293684 -21.5611798113322 -25.0462205997033 -3.08858432811784 
-19.2 2.46570127347513 -3.59871484946619 -6.25096816931264 -3.90120479344687 -6.54061241274887 -9.18603024695556 -9.04730147351347 -16.4003498641269 -23.8904427155391 -31.4039834161086 -42.2674610906143 -11.3725409214924 -15.9756094288232 -23.2158222107902 -16.2598172831892 -17.2113100658262 -18.2134655025662 -21.7278794979315 -25.2462205997042 -3.12206236876996 
-19 2.45579253950564 -3.63200673366614 -6.21767628511268 -3.93461899717681 -6.60731850067877 -9.28602821908541 -8.98046901037809 -16.3002255167915 -23.7570264840038 -31.2372753003734 -42.0674610906791 -11.3391246898923 -15.9089013130231 -23.1158222107902 -16.3266497463896 -17.3114344132265 -18.3468817341664 -21.8945876137317 -25.4462205997043 -3.15555185801288 
-18.8 2.44588666100753 -3.66528902390351 -6.18439399487532 -3.96805253858196 -6.67403433232129 -9.3860263409653 -8.9135981714032 -16.2000723875793 -23.6235910645542 -31.0705575906864 -41.8674610907548 -11.3056892703672 -15.8421836032607 -23.0158222107904 -16.3935205854402 -17.4115875425145 -18.4803171536918 -22.0613053234945 -25.6462205997044 -3.18905563817701 
-18.6 2.43598404595468 -3.69856034944632 -6.1511226693325 -4.00150814796675 -6.74076126724888 -9.48602460143571 -8.84668347366275 -16.099886364296 -23.4901337157281 -30.9038289163175 -41.6674610908431 -11.272231921453 -15.7754549288037 -22.9158222107905 -16.4604352832691 -17.5117735658862 -18.6137745026063 -22.2280339979518 -25.8462205997046 -3.22257695460495 
-18.4 2.42608517314511 -3.73181910160385 -6.11786391717498 -4.03498903238322 -6.80750090382289 -9.58602299016724 -8.77971848239592 -15.9996626208717 -23.3566512201462 -30.7370876685781 -41.4674610909461 -11.2387494257682 -15.7087136809614 -22.8158222107907 -16.5274002746392 -17.6119973094138 -18.7472569982914 -22.3947752457945 -26.0462205997047 -3.25611952814271 
-18.2 2.41619060323865 -3.76506339664178 -6.08461962213704 -4.06849894973821 -6.87425511621581 -9.68602149759809 -8.71269566266804 -15.8993955061058 -23.2231398103425 -30.5703319637364 -41.2674610910665 -11.2052380158443 -15.6419579759995 -22.715822210791 -16.5944230944876 -17.7122644243002 -18.8807684082157 -22.5615309507567 -26.2462205997049 -3.28968763930372 
-18 2.40630099148257 -3.79829103302595 -6.05139198575287 -4.102042294248 -6.94102609710977 -9.78602011487622 -8.64560620834533 -15.7990784153989 -23.0895950832514 -30.4035596002612 -41.0674610912071 -11.1716932886129 -15.5751856123839 -22.6158222107912 -16.6615125489511 -17.8125815151478 -19.0143131354476 -22.7283033143727 -26.4462205997051 -3.32328622577131 
-17.8 2.39641710247452 -3.83149944182108 -6.01818357695774 -4.13562419558739 -7.0078164072443 -9.88601883380588 -8.57843984369014 -15.6987036419486 -22.956011901006 -30.2367680092206 -40.8674610913714 -11.1381101062034 -15.5083940211793 -22.5158222107914 -16.7286789137708 -17.9129562887627 -19.1478963178576 -22.8950949055778 -26.6462205997053 -3.35692099617909 
-17.6 2.38653982715186 -3.86468562960906 -5.98499738916977 -4.16925063300382 -7.07462903244869 -9.98601764679824 -8.51118459503407 -15.5982622055046 -22.822384276774 -30.0699541972006 -40.6674610915635 -11.1044824817796 -15.4415802089676 -22.4158222107917 -16.7959341626192 -18.013397725399 -19.2815239422818 -23.0619087177901 -26.8462205997056 -3.39059856229675 
-17.4 2.37667020234221 -3.89784611280211 -5.95183690597671 -4.20292856664534 -7.14146744928326 -10.0860165468259 -8.44382652803087 -15.4977436553083 -22.6887052433847 -29.9031146806182 -40.467461091788 -11.070803448166 -15.3747406921609 -22.315822210792 -16.8632922298472 -18.1139162758201 -19.415202975896 -23.2287482345973 -27.0462205997058 -3.42432659291126 
-17.2 2.36680943324609 -3.93097684210428 -5.91870617667455 -4.23666608859574 -7.20833570053584 -10.1860155273806 -8.37634944550229 -15.3971358434776 -22.5549667022517 -29.7362454101832 -40.2674610920508 -11.0370649067707 -15.3078714214634 -22.2158222107923 -16.9307693126388 -18.2145240879138 -19.5489415172919 -23.3956175052954 -27.2462205997061 -3.45811399331874 
-17 2.35695891913201 -3.9640731161798 -5.88560990259902 -4.27047259549882 -7.27523848151444 -10.2860145824347 -8.30873454211196 -15.2964246660117 -22.4211592507104 -29.5693416845663 -40.0674610923584 -11.003257454922 -15.2409676955392 -22.1158222107926 -16.998384216337 -18.3152352656876 -19.6827489691412 -23.5625212312202 -27.4462205997064 -3.4919711141651 
-16.8 2.34712028272043 -3.99712948292739 -5.85255353585143 -4.30435898597402 -7.34218123873722 -10.3860137064051 -8.24096000946264 -15.1955937666148 -22.2872719845659 -29.4023980516742 -39.8674610927187 -10.9693701884176 -15.1740240622872 -22.015822210793 -17.066158749347 -18.4160661654451 -19.8166362356463 -23.7294648644729 -27.6462205997067 -3.52590999532341 
-16.6 2.33729540352942 -4.03013962744356 -5.81954339133526 -4.33833788465669 -7.40917028193607 -10.4860128941201 -8.17300058794972 -15.0946242005857 -22.1532922740206 -29.2354081966128 -39.6674610931411 -10.9353904774503 -15.1070342068037 -21.9158222107934 -17.1341181712827 -18.517035731897 -19.9506159466144 -23.8964547199571 -27.8462205997071 -3.55994464996767 
-16.4 2.32748645567335 -4.06309624502488 -5.78658677375394 -4.37242389616313 -7.47621291102383 -10.5860121407892 -8.10482705877065 -14.9934940538253 -22.0192055096789 -29.0683648146897 -39.4674610936367 -10.9013037126134 -15.0399908243855 -21.8158222107938 -17.2022917009578 -18.6181658791534 -20.0847027114521 -24.0634981023762 -28.0462205997075 -3.59409139666499 
-16.2 2.31769595036167 -4.09599089837808 -5.75369212040075 -4.40663389064232 -7.54331755885622 -10.6860114419748 -8.03640567276559 -14.8921780144671 -21.8849948169675 -28.9012594686251 -39.2674610942189 -10.8670930193202 -14.9728854777391 -21.7158222107943 -17.2707130875454 -18.7194819190943 -20.2189134047461 -24.2306034490234 -28.2462205997079 -3.62836924726339 
-16 2.30792678326543 -4.12881385847562 -5.7208691603032 -4.44098732203898 -7.61049395035042 -10.7860107935665 -7.96769751384034 -14.7906468954443 -21.7506407378471 -28.7340824294072 -39.0674610949035 -10.8327389395158 -14.9057084378372 -21.6158222107948 -17.3394212471557 -18.8210130388021 -20.3532674845515 -24.3977804889263 -28.4462205997084 -3.66280036016515 
-15.8 2.29818228706426 -4.16155392800567 -5.68812909077316 -4.47550658117004 -7.67775327901153 -10.8860101917577 -7.89865779276664 -14.6888671048405 -21.6161208777133 -28.5668224997433 -38.8674610957096 -10.7982190785764 -14.8384485073678 -21.5158222107953 -17.408460969036 -18.9227928302125 -20.4877873454919 -24.5650404193968 -28.6462205997089 -3.69741057276656 
-15.6 2.28846628860629 -4.19419824932317 -5.65548476945565 -4.51021737980088 -7.74510839895988 -10.9860096330235 -7.82923507898732 -14.5868000697437 -21.481409521299 -28.3994668220115 -38.6674610966602 -10.763507721212 -14.7710928286859 -21.4158222107959 -17.4778836837666 -19.0248598662605 -20.6224987028575 -24.7323960980798 -28.8462205997094 -3.73223002554623 
-15.4 2.2787831704627 -4.22673209763549 -5.62295092114334 -4.54514916425444 -7.81257403172575 -11.0860091141017 -7.75937047335972 -14.4844016158038 -21.3464772190467 -28.232000671447 -38.4674610977834 -10.7285754178373 -14.7036266769988 -21.3158222107965 -17.5477482905179 -19.1272583213242 -20.7574310062334 -24.8998622497681 -29.04622059971 -3.76729389937146 
-15.2 2.26913793521817 -4.25913866499625 -5.59054435378258 -4.58033554740591 -7.88016698223797 -11.1860086319747 -7.68899674413232 -14.3816213192156 -21.2112903550978 -28.0644072401373 -38.2674610991129 -10.6933885525593 -14.6360332443601 -21.215822210797 -17.6181220210755 -19.2300386192425 -20.8926178715126 -25.067455682408 -29.2462205997107 -3.80264328749284 
-15 2.25953627059062 -4.29139884151237 -5.55828417726645 -4.61581474625204 -7.94790635760023 -11.2860081838531 -7.6180374517736 -14.2784018503408 -21.0758107097069 -27.8966674182302 -38.0674611006897 -10.6579089055923 -14.568293420877 -21.1158222107978 -17.6890813150125 -19.3332580896957 -21.0280975184818 -25.2351955058934 -29.4462205997122 -3.83832623628248 
-14.8 2.24998461149517 -4.32349100681846 -5.52619201196036 -4.65162999894942 -8.01581377560371 -11.3860077671627 -7.54640611487536 -14.1746783481365 -20.9399950421964 -27.7287595854137 -37.8674611025671 -10.6220932362053 -14.5003855861839 -21.0158222107986 -17.7607126537882 -19.4369815937774 -21.1639131878697 -25.4031033405873 -29.6462205997122 -3.87439899628834 
-14.6 2.24049019356607 -4.35539085025097 -5.49429216852786 -4.68782992445307 -8.08391354453985 -11.4860073795313 -7.47400549084354 -14.0703778806722 -20.8037947312996 -27.5606594310844 -37.6674611048053 -10.5858929230713 -14.4322854296173 -20.9158222107995 -17.8331132800598 -19.5412820634816 -21.3001135010063 -25.5712034971565 -29.8462205997139 -3.91092754547302 
-14.4 2.23106108934735 -4.38707124925304 -5.46261176952578 -4.72446876569635 -8.15223278478521 -11.5860070187788 -7.40072708953258 -13.9654190803591 -20.6671555319845 -27.3923398327672 -37.467461107486 -10.5492537210764 -14.3639658286204 -20.8158222108005 -17.9063916840517 -19.6462408664755 -21.4367527030024 -25.7395230981546 -30.0462205997141 -3.94798947083239 
-14.2 2.2217062144191 -4.41850224879093 -5.43118076998789 -4.76160643074971 -8.22080144937646 -11.6860066829079 -7.3264510909029 -13.8597120821915 -20.530017534279 -27.2237708355238 -37.2674611107048 -10.5121157201533 -14.2953968281594 -20.7158222108016 -17.980667685902 -19.7519478678637 -21.5738907039284 -25.9080920986185 -30.2462205997159 -3.98567633798663 
-14 2.21243528505147 -4.4496512036305 -5.40003181514832 -4.79930820826064 -8.28965218172696 -11.786006370098 -7.25104691414516 -13.7531589505942 -20.3923154478422 -27.0549197942474 -37.0674611145888 -10.4744136298337 -14.2265457830002 -20.6158222108028 -18.0560718665442 -19.8585010033454 -21.7115927942497 -26.0769431437794 -30.4462205997164 -4.02409674676352 
-13.8 2.20325870095985 -4.4804831722624 -5.36919984651643 -4.83764397959844 -8.35881992169666 -11.8860060786996 -7.17437479337626 -13.6456548611934 -20.2539793898095 -26.8857517675828 -36.8674611192923 -10.4360775670988 -14.1573777516334 -20.5158222108042 -18.1327439920187 -19.9660050974518 -21.849928856988 -26.2461111751496 -30.6462205997184 -4.06338037881003 
-13.6 2.19418731646147 -4.5109616857822 -5.33872133299662 -4.87668668109068 -8.4283411367087 -11.9860058072314 -7.09628885318194 -13.5370904074793 -20.1149364225755 -26.716230286829 -36.6674611250187 -10.3970345941399 -14.0878562651547 -20.4158222108057 -18.2108299379402 -20.0745695568931 -21.9889718299491 -26.4156326616305 -30.8462205997191 -4.10368352278343 
-13.4 2.18523205074598 -4.54105005732367 -5.30863296145516 -4.91650968515498 -8.49825251231446 -12.0860055543786 -7.01664234635047 -13.4273555291064 -19.9751131726611 -26.5463186653732 -36.4674611320214 -10.3572113372245 -14.0179446366979 -20.3158222108074 -18.2904764517767 -20.1843044422711 -22.1287950868686 -26.5855442900915 -31.0462205997216 -4.14519686003391 
-13.2 2.17640327304252 -4.5707134478068 -5.27896957097203 -4.9571826688023 -8.56858888644492 -12.1860053189922 -6.93529591689379 -13.3163457091666 -19.8344399622382 -26.3759820644671 -36.2674611406322 -10.3165381181927 -13.9476080271829 -20.2158222108093 -18.3718228898453 -20.2953142708228 -22.2694683059034 -26.7558808996094 -31.2462205997227 -4.18815678259913 
-13 2.16770988484495 -4.59992194952556 -5.24976106925327 -4.99876544646128 -8.63938016582266 -12.2860051000887 -6.85212993440699 -13.203971224961 -19.6928569763139 -26.205190576824 -36.0674611512704 -10.2749551216323 -13.8768165289038 -20.1158222108114 -18.4549888829731 -20.4076887656694 -22.4110513024688 -26.9266723978935 -31.4462205997255 -4.23286233673878 
-12.8 2.15915801512892 -4.62865497002602 -5.22102804875281 -5.0412992022208 -8.71064694208263 -12.3860048968491 -6.76706202961844 -13.090170299672 -19.5503230305244 -26.0339236105341 -35.86746116448 -10.2324211626356 -13.8055495494066 -20.0158222108138 -18.5400568009728 -20.5214897041696 -22.5535852614694 -27.0979393773946 -31.6462205997271 -4.27970127221401 
-12.6 2.15074925837689 -4.65690715208238 -5.19277586669645 -5.08479464987373 -8.78239457179192 -12.4860047086148 -6.68007077431092 -12.9749268623081 -19.4068274111042 -25.8621758090575 -35.667461180947 -10.188925526751 -13.7338017314657 -19.9158222108165 -18.6270480727508 -20.636733158004 -22.6970808973601 -27.2696871953417 -31.8462205997305 -4.32919105596186 
-12.4 2.14247844310012 -4.68469587113379 -5.16498714764503 -5.12921703803307 -8.85460567900268 -12.586004534877 -6.59122567111147 -12.8582930400573 -19.2624048698019 -25.6899645487038 -35.4674612015419 -10.1445029648569 -13.6615904505201 -19.8158222108195 -18.7158931965474 -20.753367000852 -22.8415034592596 -27.4418984762925 -32.0462205997328 -4.38204493053726 
-12.2 2.134331049514 -4.71206991151426 -5.13761310726456 -5.17446879765195 -8.92723147900203 -12.6860043752568 -6.50072185842426 -12.7404151869896 -19.1171529763537 -25.5173386148752 -35.2674612273328 -10.0992510456213 -13.588964490904 -19.7158222108229 -18.8063970350297 -20.8712448797147 -22.9867553785028 -27.6145244359162 -32.2462205997369 -4.43928096992816 
-12 2.12628063070588 -4.73911813094838 -5.11056488783044 -5.22037221299753 -9.00018311378173 -12.7860042294706 -6.40891476843655 -12.6215598775677 -18.9712494474978 -25.3443868665851 -35.0674612596086 -10.0533474844934 -13.516012710342 -19.6158222108268 -18.8982041572963 -20.9901002214154 -23.1326589396376 -27.7874762164852 -32.44622059974 -4.5024080873424 
-11.8 2.11828691838309 -4.76597582495825 -5.08370719382057 -5.26665669278484 -9.07332528757891 -12.8860040972777 -6.31634558471535 -12.5021329998367 -18.8249648757569 -25.1712446008343 -34.8674612998479 -10.0070628725174 -13.4428704043562 -19.5158222108311 -18.9907733812619 -21.1095271393909 -23.2789435516229 -27.9606185224804 -32.6462205997451 -4.57375925460762 
-11.6 2.11029560497263 -4.79282545897663 -5.05685755980219 -5.3129573058815 -9.14647553469395 -12.9860039784111 -6.22374417060798 -12.3826819517109 -18.6786641936127 -24.9980942846718 -34.6674613496671 -9.96076214055884 -13.3697200383792 -19.4158222108358 -19.0833748451931 -21.2289782373405 -23.425244283591 -28.1337688884668 -32.8462205997498 -4.6571362137863 
-11.4 2.10224083063076 -4.81988831236152 -5.0297947064173 -5.35883149319972 -9.21941257539706 -13.0860038724991 -6.13199564517669 -12.2638705728947 -18.5327899614117 -24.8251571990858 -34.4674614106962 -9.91488784733393 -13.2967828917694 -19.3158222108411 -19.1751234316589 -21.3477896771911 -23.5711185768265 -28.3067060350872 -33.0462205997551 -4.75921281940337 
-11.2 2.09405085834442 -4.8474054108927 -5.00227760788613 -5.40379720263435 -9.29189538336287 -13.1860037789961 -6.04206411303385 -12.1464219422207 -18.3878242322065 -24.6526743713495 -34.2674614844287 -9.86992204440206 -13.2242999903064 -19.2158222108469 -19.2650550375399 -21.4652383816034 -23.7160843797699 -28.4791889365617 -33.2462205997609 -4.89317803194824 
-11 2.08565622690367 -4.8756101339872 -4.97407288479162 -5.44738767459095 -9.36369057841398 -13.2860036971417 -5.95488309304702 -12.0310361991394 -18.2442337660306 -24.4808791820791 -34.0674615720638 -9.82633149059727 -13.1525047134071 -19.1158222108531 -19.352236145168 -21.580624212326 -23.859674933587 -28.6509842134734 -33.446220599767 -5.09123053124522 
-10.8 2.076998360164 -4.90469928884826 -4.94498372993057 -5.48920929369387 -9.43460135237794 -13.3860036259667 -5.87123981483036 -11.9183037660617 -18.1024121780919 -24.3099684392793 -33.8674616744029 -9.78450980032594 -13.0815938682747 -19.0158222108596 -19.4358795257304 -21.6933567477494 -24.0014966238714 -28.8218950586189 -33.6462205997736 -5.48006381821431 
-10.6 2.06803609748022 -4.93481116917086 -4.91487184960796 -5.52898547142722 -9.50448941043389 -13.4860035643453 -5.79168745355582 -11.8086395244645 -17.9626360561721 -24.1400804370369 -33.667461791838 -9.74473356097801 -13.0117057486041 -18.9158222108665 -19.5154320044468 -21.8030211067884 -24.1412728632331 -28.9917831783031 -33.8462205997804 -5.7859996734928 
-10.4 2.05874842303456 -4.96601638500203 -4.8836666337768 -5.56657498649596 -9.5732841413338 -13.5860035110763 -5.71650844948008 -11.7022553045576 -17.825046620434 -23.9712857854677 -33.4674619244376 -9.70714399264743 -12.9429109644424 -18.8158222108736 -19.5906111411292 -21.909405459302 -24.2788624315778 -29.160577962479 -34.0462205997875 -5.16923783226096 
-10.2 2.04913328541443 -4.9983218287854 -4.85136118999342 -5.60196405282195 -9.64097865144317 -13.6860034649691 -5.64573037227312 -11.5991717835673 -17.6896576556603 -23.8035913769106 -33.2674620720971 -9.67175488022144 -12.875216408233 -18.7158222108808 -19.6613893660029 -22.012489127959 -24.4142515440183 -29.3282725187028 -34.2462205997947 -4.91625181313925 
-10 2.03920374778681 -5.03168361020725 -4.81799940857157 -5.63524044992042 -9.70761682996349 -13.7860034249112 -5.57917766056723 -11.4992572904396 -17.5563813811107 -23.6369533209392 -33.0674622347038 -9.63847844307251 -12.8085781896623 -18.6158222108882 -19.7279422403229 -22.1124037837009 -24.5475279811819 -29.4949107372883 -34.446220599802 -4.75136749859928 
-9.80000000000004 2.028983131313 -5.06602337360648 -4.78365964517234 -5.66656088812212 -9.77327703156442 -13.8860033899114 -5.51653689173772 -11.4022767582108 -17.4250610854828 -23.471293261912 -32.8674624122774 -9.60715796987846 -12.742917953069 -18.5158222108957 -19.7905831867334 -22.2093844935106 -24.6788484543909 -29.6605709738966 -34.6462205998095 -4.62707425964215 
-9.60000000000004 2.01850045419997 -5.10124362208897 -4.74843939668985 -5.69612036036201 -9.8380567522868 -13.9860033591163 -5.45741807845831 -11.3079376964489 -17.2955017752384 -23.3065137031851 -32.667462605068 -9.57759846685103 -12.6781382015591 -18.4158222109033 -19.849702192811 -22.3037237480707 -24.8084079574335 -29.8253507254216 -34.846220599817 -4.52609096112952 
-9.40000000000004 2.00778683487442 -5.13723980233222 -4.71244321644661 -5.72412797256899 -9.90206054473702 -14.0860033318097 -5.40140300797545 -11.2159264457228 -17.167494344269 -23.1425100919725 -32.4674628136122 -9.54959082734519 -12.61413438181 -18.315822210911 -19.9057174718456 -22.3957352073486 -24.9364155969546 -29.989354545186 -35.0462205998247 -4.44014068424641 
-9.20000000000004 1.99687300395453 -5.17390866399319 -4.67577435478563 -5.75079022483848 -9.96539165866749 -14.1860033074012 -5.34807867976334 -11.1259332558497 -17.040832292735 -22.9791791787775 -32.2674630387562 -9.52292855067492 -12.5508032434787 -18.2158222109187 -19.9590420252095 -22.4857286223734 -25.0630778736404 -30.1526856835328 -35.2462205998324 -4.36459853435018 
-9.00000000000004 1.98578778249794 -5.21115337257049 -4.63852964620834 -5.77630078569162 -10.0281469280979 -14.2860032854089 -5.29705775697572 -11.0376676244848 -16.9153219527928 -22.816424130258 -32.0674632816594 -9.49741796783743 -12.4880479520639 -18.1158222109266 -20.0100631909082 -22.5739944966494 -25.1885884564937 -30.3154409749634 -35.4462205998403 -4.29660895573816 
-8.80000000000004 1.97455728426576 -5.24888618967957 -4.60079682909926 -5.80083513150733 -10.0904140910227 -14.3860032654428 -5.24798928754025 -10.9508663379403 -16.7907878491391 -22.6541572094953 -31.8674635437876 -9.47288360206365 -12.4257807691811 -18.0158222109347 -20.0591319224799 -22.6607960453302 -25.3131228222836 -30.4777081578623 -35.6462205998483 -4.23428180590544 
-8.60000000000004 1.96320460923016 -5.28702950282212 -4.5626535159567 -5.82454848696724 -10.1522707596252 -14.4860032471878 -5.20056282322667 -10.8652965604841 -16.6670747585404 -22.492300805754 -31.6674638269038 -9.44917022835699 -12.3639240823319 -17.9158222109429 -20.1065586699179 -22.7463661059108 -25.4368361960067 -30.639564844728 -35.8462205998566 -4.17630107737445 
-8.40000000000004 1.9517498423229 -5.32551582959081 -4.52416718918801 -5.84757581663195 -10.2137844160586 -14.5860032303899 -5.154508436458 -10.7807558469468 -16.5440477182344 -22.3307874386793 -31.4674641330604 -9.42614288190282 -12.302410409109 -17.8158222109514 -20.1526133628516 -22.8309071256131 -25.5598635424777 -30.8010785179677 -36.046220599865 -4.12171527066731 
-8.20000000000005 1.94021022628294 -5.36428723692668 -4.48539578185215 -5.87003298641423 -10.2750129931767 -14.6860032148439 -5.10959439733652 -10.6970704004894 -16.4215908644412 -22.1695591775502 -31.2674644645954 -9.40368569658324 -12.2411818164536 -17.7158222109601 -20.1975277335167 -22.9145929036142 -25.6823207278146 -30.9623071106405 -36.2462205998736 -4.06981640995168 
-8.00000000000005 1.92860042175744 -5.40329446721837 -4.44638855156046 -5.89201851137068 -10.3360057484249 -14.7860032003837 -5.06562367804211 -10.6140924509033 -16.2996056845634 -22.0085667673807 -31.0674648241342 -9.38170015717557 -12.1801890467542 -17.615822210969 -20.2414988123589 -22.997571212748 -25.8043062672402 -31.1232998803577 -36.4462205998825 -4.0200659237323 
-7.80000000000005 1.91693280023173 -5.44249595410038 -4.40718706467844 -5.9136155240975 -10.3968042480337 -14.8860031868746 -5.02243001603199 -10.5316973020112 -16.1780090487892 -21.8477686447246 -30.8674652145961 -9.36010313094865 -12.1193905336453 -17.5158222109781 -20.2846928648401 -23.0799667521112 -25.9259032934854 -31.2840983934849 -36.6462205998917 -3.97204696323589 
-7.60000000000005 1.90521773829823 -5.48185683375322 -4.3678261850256 -5.93489375212306 -10.4574433557121 -14.9860031742058 -4.97987395925257 -10.4497803655789 -16.0567312327041 -21.6871299489866 -30.6674656392053 -9.33882489026392 -12.0587514133077 -17.4158222109877 -20.327249346239 -23.161884113163 -26.04718153419 -31.4447375138424 -36.8462205999021 -3.92543245165437 
-7.40000000000005 1.89346389537968 -5.52134801179408 -4.32833500698474 -5.95591138412262 -10.5179521657525 -15.0860031622871 -4.93783913372326 -10.3682543620088 -15.9357140510931 -21.5266215893347 -30.4674661015125 -9.31780724635557 -11.9982425913585 -17.3158222109976 -20.3692846340847 -23.2434105790495 -26.1681991781174 -31.6052463358107 -37.0462205999112 -3.87996293730411 
-7.20000000000005 1.88167846661236 -5.56094531362663 -4.28873770515219 -5.97671676921388 -10.5783548526763 -15.1860031510435 -4.89622884494929 -10.2870467714022 -15.814909158654 -21.3662193950631 -30.2674666054084 -9.29700185003099 -11.9378398932014 -17.2158222110079 -20.4108954267656 -23.3246186735629 -26.2890045744634 -31.7656490339892 -37.2462205999223 -3.83543079414369 
-7.00000000000005 1.86986740746215 -5.60062872976414 -4.24905428901468 -5.99734992630785 -10.6386714259078 -15.2860031404125 -4.85496305925228 -10.2060975695677 -15.694276540682 -21.2059033609536 -30.0674671551613 -9.27636868231676 -11.8775233093496 -17.1158222110187 -20.4521617622255 -23.4055684251604 -26.4096377421983 -31.9259656178616 -37.4462205999322 -3.79166867781899 
-6.80000000000005 1.85803563000081 -5.64038175637028 -4.20930126240855 -6.0178438630247 -10.6989183892308 -15.3860031303416 -4.81397576595259 -10.1253572496619 -15.5737831941701 -21.0456569878355 -29.8674677554371 -9.25587473554024 -11.817276335967 -17.0158222110299 -20.4931496558129 -23.4863093453539 -26.530131688998 -32.0862125912674 -37.6462205999442 -3.74854091750023 
-6.60000000000004 1.84618717233388 -5.68019082600619 -4.16949219277263 -6.03822571419756 -10.7591093100396 -15.4860031207863 -4.77321270040575 -10.0447851144791 -15.4534019893514 -20.8854667133809 -29.6674684113466 -9.23549287482376 -11.7570854056146 -16.9158222110416 -20.5339133772801 -23.566882136457 -26.650513549737 -32.2464035216424 -37.846220599955 -3.70593698659308 
-6.40000000000004 1.83432534356689 -5.72004482056556 -4.12963819821327 -6.0585177160009 -10.8192553064023 -15.5860031117083 -4.73262939577078 -9.9643478152848 -15.3331106955977 -20.7253214250678 -29.4674691284742 -9.21520086395469 -11.6969394001861 -16.8158222110538 -20.5744973990556 -23.6473201527919 -26.7708055606312 -32.406549527096 -38.046220599968 -3.66376647785311 
-6.20000000000004 1.82245284690725 -5.75993465767024 -4.08974836110858 -6.07873803315794 -10.879365460664 -15.6860031030747 -4.69218952865045 -9.88401811105978 -15.212891154268 -20.5652120466334 -29.2674699129351 -9.19498053817681 -11.6368292373036 -16.7158222110665 -20.6149380506488 -23.7276506414898 -26.8910258864338 -32.5666596900032 -38.2462205999799 -3.62195518970681 
-6.00000000000004 1.81057188366685 -5.79985294123714 -4.04983007754168 -6.09890145780599 -10.939447168879 -15.7860030948566 -4.65186352139652 -9.80377382023895 -15.0927285798802 -20.4051311886788 -29.0674707714135 -9.17481710532394 -11.5767475208838 -16.6158222110798 -20.6552649163953 -23.8078957908031 -27.0111893193141 -32.7267414064504 -38.446220599994 -3.58044204567629 
-5.80000000000004 1.79868424068627 -5.83979366774552 -4.0098893510333 -6.11901999696101 -10.9995064345423 -15.8860030870284 -4.61162736724691 -9.72359693958096 -14.9726109727139 -20.2450728550041 -28.8674717112304 -9.15469855835465 -11.5166882474061 -16.5158222110938 -20.6955020103749 -23.8880736112912 -27.1313078663105 -32.8868006799552 -38.6462206000072 -3.53917664871891 
-5.60000000000004 1.78679136348364 -5.87975198046771 -3.96993103831111 -6.13910336405557 -11.0595481143591 -15.9860030795673 -4.57146164729746 -9.64347290690932 -14.85252862732 -20.085032196888 -28.6674727403922 -9.13461518381363 -11.4566465601429 -16.4158222111084 -20.7356687595015 -23.9681986731399 -27.2513912408814 -33.0468423672483 -38.8462206000225 -3.49811732573685 
-5.40000000000004 1.77489441733633 -5.91972396424373 -3.9299590545351 -6.15915938938915 -11.1195761234687 -16.0860030724529 -4.53135070967996 -9.5633899855158 -14.7324737221505 -19.9250053079425 -28.4674738676707 -9.11455915138095 -11.3966185439342 -16.3158222111237 -20.7757808244119 -24.0482827218264 -27.3714472733439 -33.2068703834868 -39.046220600037 -3.45722955294192 
-5.20000000000004 1.76299433800887 -5.95970647504275 -3.88997654373607 -6.17919436100477 -11.1795936058833 -16.1860030656666 -4.49128198786977 -9.4833387529066 -14.6124399787423 -19.7649890537352 -28.2674751026644 -9.09452417299502 -11.3366010547493 -16.2158222111397 -20.8158507812325 -24.128335189446 -27.4914822517626 -33.3668878727045 -39.2462206000537 -3.41648468258812 
-5.00000000000004 1.75109187386988 -5.99969699845665 -3.84998602032218 -6.1992133077017 -11.2396030759942 -16.2860030591913 -4.45124543475327 -9.4033116763762 -14.492422378798 -19.604980930377 -28.0674764558923 -9.07450521983959 -11.2765915781799 -16.1158222111565 -20.855888687593 -24.2083636192204 -27.6115012049508 -33.5268973493066 -39.4462206000697 -3.37585890720228 
-4.80000000000004 1.73918762067478 -6.03969353283512 -3.8099894859437 -6.2192202327648 -11.2996065354357 -16.3860030530114 -4.41123305524541 -9.32330276248987 -14.3724169305332 -19.4449789477338 -27.8674779388705 -9.05449828861414 -11.216588112576 -16.0158222111741 -20.8959025500974 -24.2883740161033 -27.7315081362122 -33.6869008149465 -39.6462206000881 -3.3353324148809 
-4.60000000000004 1.72728205027306 -6.07969449283351 -3.76998852594531 -6.23921830686888 -11.3596055695382 -16.4860030471122 -4.37123852059062 -9.24330726783668 -14.2524204758816 -19.2849815330838 -27.6674795642222 -9.03450020862938 -11.1565890725929 -15.9158222111925 -20.9358987101215 -24.3683711361257 -27.8515062162331 -33.8468998549658 -39.8462206001057 -3.29488869733727 
-4.40000000000004 1.71537553421331 -6.11969863010337 -3.72998438867546 -6.25921002669728 -11.4196014266365 -16.5860030414803 -4.33125685121998 -9.16332146119619 -14.1324305319713 -19.1249874519036 -27.4674813457721 -9.01450848318844 -11.0965932098821 -15.8158222112119 -20.9758821610622 -24.4483587243363 -27.9714979417134 -34.006895717716 -40.0462206001258 -3.25451398177093 
-4.20000000000004 1.7034683631191 -6.15970496819234 -3.68997805058648 -6.27919734514216 -11.4795950831703 -16.6860030361032 -4.2912841564797 -9.08334242836693 -14.012445161053 -18.9649957428964 -27.2674832986759 -8.99452115938651 -11.0365995479912 -15.715822211232 -21.0158568087265 -24.5283397100896 -28.0914852655558 -34.1668893796473 -40.2462206001461 -3.21419676305932 
-4.00000000000004 1.69156076255967 -6.19971274922109 -3.64997026955774 -6.29918177794992 -11.5395872970068 -16.7860030309684 -4.25131742145882 -9.00336791231731 -13.8924628639747 -18.8050056647893 -27.0674854395401 -8.97453672146531 -10.9766073290412 -15.6158222112533 -21.0558256846328 -24.6083163670247 -28.2114697035196 -34.3268815986398 -40.4462206001674 -3.17392741758079 
-3.80000000000004 1.6796529059975 -6.2397213903813 -3.60996162839753 -6.31916449072609 -11.5995786509432 -16.886003026065 -4.21135433312636 -8.92339618282464 -13.7724824933218 -18.6450166529762 -26.8674877865668 -8.95455400380811 -10.9166159702238 -15.5158222112757 -21.0957911200143 -24.6882904435664 -28.3314524212215 -34.486872957502 -40.6462206001897 -3.13369788409982 
-3.60000000000004 1.66774492534387 -6.2797304484705 -3.56995257030833 -6.33914636986499 -11.6595695881713 -16.9860030213823 -4.17139313862419 -8.84342593023326 -13.6525031826412 -18.4850282842064 -26.6674903597078 -8.93457212001 -10.8566250283365 -15.4158222112992 -21.135754887681 -24.7682632693222 -28.4514343050665 -34.6468638994362 -40.8462206002132 -3.09350139930201 
-3.40000000000004 1.65583691954271 -6.31973959105168 -3.52994342772714 -6.35912808023053 -11.719560441118 -17.0860030169102 -4.13143253007517 -8.76345617910307 -13.5325242889298 -18.3250402479138 -26.467493180834 -8.91459040519705 -10.7966341709424 -15.3158222113239 -21.1757183173809 -24.8482358416033 -28.5714160199288 -34.8068547568797 -41.0462206002378 -3.05333227826736 
-3.20000000000004 1.64392896150821 -6.35974857314393 -3.48993444563489 -6.37911011177497 -11.7795514547547 -17.1860030126392 -4.09147155153139 -8.68348621846703 -13.4125453462015 -18.1650523230933 -26.2674962739213 -8.89460836940748 -10.7366431530606 -15.2158222113498 -21.2156823890378 -24.9282088953525 -28.6913980557702 -34.9668457748133 -41.2462206002637 -3.01318573227665 
-3.00000000000004 1.63202110376005 -6.39975721828886 -3.44992580048996 -6.39909281740598 -11.8395428055307 -17.28600300856 -4.05150952344367 -8.60351554523438 -13.292566027824 -18.0050643595708 -26.0674996652538 -8.8746256597246 -10.6766517982327 -15.1158222113771 -21.2556478084853 -25.0081829599449 -28.8113807655076 -35.1268371296956 -41.4462206002909 -2.97305771677318 
-2.80000000000004 1.62011338293814 -6.43976540338181 -3.40991761539701 -6.41907644332422 -11.8995346165418 -17.3860030046642 -4.01154598220959 -8.52354381890735 -13.172586116404 -17.8450762630579 -25.867503383648 -8.85464202993916 -10.6166599833543 -15.0158222114057 -21.2956150681422 -25.0881584046947 -28.9313643953503 -35.2868289446313 -41.6462206003196 -2.93294480496244 
-2.60000000000004 1.60820582344422 -6.47977304643652 -3.36990997234231 -6.43906115349395 -11.9595269697663 -17.4860030009433 -3.9715806314772 -8.44357082512026 -13.0526054795622 -17.6850879831614 -25.6675074606967 -8.83465731607872 -10.5566676264392 -14.9158222114359 -21.3355844959534 -25.1681354755607 -29.051349109271 -35.4468213016067 -41.8462206003497 -2.89284408204824 
-2.40000000000004 1.59629844035408 -6.51978009680057 -3.32990292197825 -6.45904704921213 -12.0195199158485 -17.5860029973896 -3.93161330327518 -8.36359644655419 -12.9326240506321 -17.5250995038672 -25.4675119310385 -8.81467141683855 -10.496674676835 -14.8158222114676 -21.3755562945289 -25.2481143245002 -29.1713350085746 -35.6068142512744 -42.0462206003814 -2.85275305679457 
-2.20000000000004 1.58439124173856 -6.55978652735709 -3.28989649142174 -6.479034184705 -12.0795134818979 -17.6860029939955 -3.89164392711401 -8.2836206398365 -12.8126418133578 -17.3651108360365 -25.2675168326513 -8.79468427798498 -10.4366811074249 -14.715822211501 -21.4155305723362 -25.3280950328641 -29.2913221474949 -35.7668078207512 -42.2462206004147 -2.81266958740361 
-2.00000000000004 1.57248423050987 -6.5997923283215 -3.24989069045732 -6.49902257953456 -12.1395076776919 -17.7860029907539 -3.85167250549588 -8.20364341725395 -12.6926587898109 -17.2051220115251 -25.0675222071755 -8.77469587994899 -10.3766869084245 -14.6158222115362 -21.4555073685137 -25.408077630006 -29.4113105456013 -35.926802019822 -42.4462206004499 -2.77259181919847 
-1.80000000000004 1.56057740587949 -6.63979750234315 -3.20988551643567 -6.51901222839525 -12.1995025005742 -17.8860029876579 -3.8116990946751 -8.12366483241152 -12.5726750309468 -17.0451330786393 -24.8675281002681 -8.75470622802938 -10.3166920824832 -14.5158222115733 -21.4954866724642 -25.4880621079781 -29.531300197595 -36.0867968458373 -42.6462206004869 -2.73251813213445 
-1.60000000000004 1.54867076450591 -6.67980206064894 -3.16988095812988 -6.53900310882677 -12.2594979393115 -17.986002984701 -3.77172378962073 -8.04368496905136 -12.4526906092809 -16.8851440986676 -24.6675345619905 -8.73471534468007 -10.2566966408281 -14.4158222116124 -21.5354684392801 -25.5680484330998 -29.6512910810225 -36.2467922875706 -42.846220600526 -2.69244709640726 
-1.40000000000004 1.53676430139512 -6.71980602001809 -3.12987699876073 -6.55899518726443 -12.3194939771183 -18.0860029818769 -3.73174671234141 -7.96370393240289 -12.3327056132632 -16.7251551432808 -24.4675416472346 -8.71472326345963 -10.1967006002385 -14.3158222116536 -21.5754526018447 -25.6480365550335 -29.7712831623254 -36.4067883282427 -43.0462206005672 -2.65237743473019 
-1.20000000000004 1.5248580105972 -6.75980940044144 -3.08987361833739 -6.5789884237206 -12.3794905939979 -18.1860029791798 -3.69176800298924 -7.88372184262738 -12.2127201430644 -16.5651662926586 -24.2675494161891 -8.69473002434987 -10.1367039807054 -14.2158222116972 -21.6154390801949 -25.728026413807 -29.8912764015223 -36.5667849478629 -43.2462206006108 -2.61230799018879 
-1.00000000000004 1.51295188575023 -6.79981222329407 -3.04987079548475 -6.59898277543941 -12.4394877685693 -18.2860029766039 -3.65178781306229 -7.80373882984779 -12.0927343074322 -16.4051776341738 -24.0675579348516 -8.67473567010117 -10.0767068036041 -14.1158222117432 -21.6554277888303 -25.8080179452951 -30.011270755863 -36.7267821250563 -43.4462206006568 -2.57223769855468 
-0.800000000000041 1.50104592049365 -6.83981450994651 -3.00986850883232 -6.61897819967438 -12.4994854794567 -18.3860029741437 -3.61180630041065 -7.72375503054372 -11.9727482214756 -16.2451892615648 -23.8675672755902 -8.65474024345472 -10.0167090903052 -14.0158222117919 -21.6954186422692 -25.8880110853865 -30.1312661826068 -36.8867798384525 -43.6462206007054 -2.53216556438071 
-0.600000000000041 1.48914010878434 -6.8798162807028 -2.96986673807603 -6.63897465581242 -12.559483706351 -18.4860029717943 -3.57182362560383 -7.64377058498061 -11.8527620051562 -16.0852012744892 -23.6675775177582 -8.63474378501863 -9.95671086111284 -13.9158222118432 -21.7354115592963 -25.9680057731699 -30.2512626411465 -37.0467780677484 -43.8462206007577 -2.49209064009533 
-0.400000000000041 1.4772344451394 -6.91981755398464 -2.92986546479419 -6.65897210700479 -12.6194824308252 -18.5860029695504 -3.53183994934631 -7.56378563544125 -11.732775782335 -15.9252137783861 -23.4675887483734 -8.61474633163689 -9.89671213444925 -13.8158222118978 -21.7754064662227 -26.0480019533781 -30.3712600946366 -37.2067767945204 -44.0462206008115 -2.45201200748813 
-0.200000000000041 1.46532892481423 -6.95981834573321 -2.88986467304562 -6.67897052136458 -12.6794816369336 -18.6860029674073 -3.49185543081714 -7.48380032516351 -11.6127896803087 -15.7652268846112 -23.2676010628499 -8.59474791519189 -9.83671292625569 -13.7158222119557 -21.815403299287 -26.127999578191 -30.491258511198 -37.3667760028304 -44.2462206008701 -2.41192876119371 
-4.1133763062362e-14 1.45342354393892 -6.9998186689508 -2.84986434982802 -6.69896987288268 -12.7394813116693 -18.7860029653606 -3.45187022666027 -7.40381479778905 -11.4928038297167 -15.6052407108016 -23.0676145658227 -8.5747485616885 -9.7767132495347 -13.6158222120171 -21.8554020064773 -26.2079986085988 -30.6112578648235 -37.5267756796734 -44.4462206009307 -2.3718399936616