pO2 mew_e electrons holes VO{2} VO{1} VO{0} VM{-4} VM{-3} VM{-2} VM{-1} VM{0} Oi{-2} Oi{-1} Oi{0} Mi{4} Mi{3} Mi{2} Mi{1} Mi{0} Stoich
-35 3.22898750300379 -1.03418573372705 -8.81549728505177 -1.16929434965116 -1.24417285321403 -1.32506157168158 -14.5891850101681 -24.5067625165206 -34.561384483672 -44.6394542999806 -58.0674610902255 -14.1434827043673 -21.3110803274372 -31.1158222251434 -10.7179337604984 -9.10489742739617 -7.54252374839702 -8.49240862802325 -9.44622061405675 0.013731272077372 
-34.8 3.2158966626162 -1.07816902600288 -8.77151399277595 -1.1772967839831 -1.29615857982179 -1.42103059056517 -14.5651181792706 -24.4387123933473 -34.4493510682229 -44.4834375922557 -57.8674610902247 -14.1314492855584 -21.2550636163525 -31.0158222217829 -10.7420005880353 -9.17294754720891 -7.65455716048559 -8.64842533238764 -9.64622061069697 -0.0315878837779603 
-34.6 3.20268950232958 -1.12254313597756 -8.72713988280126 -1.18515216521301 -1.34838807102639 -1.51763419174445 -14.5426146191702 -24.3718347232722 -34.338099288173 -44.3278117022312 -57.6674610902255 -14.1201975029615 -21.1994377237809 -30.9158222192365 -10.7645041455894 -9.23982521473772 -7.76580893798909 -8.80405121986583 -9.84622060814984 -0.0742060155459825 
-34.4 3.18937584681741 -1.16727505419774 -8.68240796458108 -1.19281958676789 -1.40078741080145 -1.61476544973969 -14.5215422920501 -24.306030477932 -34.2275631246127 -44.1725436204506 -57.4674610902248 -14.1096613374651 -21.1441696400644 -30.8158222172998 -10.7855764707727 -9.30562945814121 -7.87634509961275 -8.95931929970967 -10.0462206062139 -0.114077847550874 
-34.2 3.17596347242376 -1.21233865329471 -8.63734436548411 -1.20026285324782 -1.45329427637835 -1.71233591441356 -14.5017966884388 -24.2412212752237 -34.1176903228074 -44.0176072195484 -57.2674610902256 -14.0997885341809 -21.0892332376832 -30.7158222158217 -10.8053220729059 -9.37043865937137 -7.98621789993989 -9.11425569913377 -10.2462206047349 -0.151202764958808 
-34 3.16245859706558 -1.25771304198487 -8.59196997679395 -1.20745069284075 -1.50585650466144 -1.81027253138682 -14.4832942431987 -24.1773444412934 -34.008439100187 -43.8629816082378 -57.0674610902248 -14.0905373104295 -21.0346076252416 -30.6158222146899 -10.8238245170142 -9.43431549216987 -8.09546912142855 -9.26888130931259 -10.4462206036039 -0.185618524697285 
-33.8 3.14886628928984 -1.30338119069822 -8.5463018280806 -1.21435686744712 -1.55843082798116 -1.90851500341989 -14.4659668380521 -24.1143488874335 -33.8997753976137 -43.7086497569512 -56.8674610902248 -14.0818736069869 -20.9802757730856 -30.5158222138206 -10.8411519212917 -9.49731104516065 -8.20413282313268 -9.42321315973008 -10.6462206027348 -0.217394790779611 
-33.6 3.13519080171186 -1.34932881127473 -8.5003542075041 -1.22096018316726 -1.6109817642778 -2.00701356029303 -14.4497573203582 -24.052191749163 -33.7916706387667 -43.5545973775277 -56.6674610902249 -14.0737688474706 -20.9262233929928 -30.4158222131513 -10.8573614383163 -9.5594681827618 -8.31223758131032 -9.57726553848423 -10.8462206020654 -0.246626748836483 
-33.4 3.12143583597503 -1.39554346673874 -8.45413955204008 -1.2272444051465 -1.66348064172106 -2.1057270932003 -14.4346159422142 -23.9908357155551 -33.6840999496948 -43.4008120329917 -56.4674610902249 -14.0661981578818 -20.87243804794 -30.3158222126345 -10.8725028159434 -9.6208242158529 -8.41980826986545 -9.73105088250336 -11.0462206015485 -0.273429030892484 
-33.2 3.10760474721504 -1.44201388432937 -8.40766913444945 -1.23319808289175 -1.71590473705694 -2.20462160612681 -14.4204976125768 -23.930246968327 -33.5770407848761 -43.2472824505824 -56.2674610902249 -14.0591389926629 -20.8189084651306 -30.2158222122344 -10.8866211451808 -9.6814129626809 -8.52686743428407 -9.88458046451262 -11.2462206011484 -0.297930137966351 
-33 3.09370069621205 -1.4887294442916 -8.36095357448723 -1.23881429468184 -1.76823650880925 -2.30366893784135 -14.4073598524257 -23.8703936482137 -33.4704719048005 -43.0939980105446 -56.0674610902249 -14.0525701122769 -20.7656240247823 -30.1158222119239 -10.8997589050214 -9.74126628248373 -8.63343631404913 -10.0378649042399 -11.4462206008379 -0.32026749265154 
-32.8 3.07972675724021 -1.53567981751788 -8.31400320126094 -1.24409032219075 -1.82046290954445 -2.40284571180283 -14.3951613453309 -23.8112447678926 -33.3643726512531 -42.9409483837709 -55.8674610902249 -14.046470858488 -20.7125743977671 -30.0158222116824 -10.9119574118747 -9.80041516256333 -8.73953556735502 -10.1909145307721 -11.6462206005964 -0.340583195388068 
-32.6 3.06568598922843 -1.58285472645836 -8.26682829232046 -1.24902726858563 -1.87257476487981 -2.50213247607867 -14.3838609810928 -23.752769494714 -33.2587224691341 -42.7881232927114 -55.667461090225 -14.0408206761807 -20.6597493065193 -29.9158222114941 -10.9232577759245 -9.85889043555358 -8.84518574928575 -10.3437396216433 -11.8462206004081 -0.359020504417675 
-32.4 3.0515814773132 -1.63024380550967 -8.21943921326915 -1.25362963486706 -1.92456621021255 -2.60151300046273 -14.3734172972981 -23.694936731868 -33.1535006272367 -42.6355123717628 -55.467461090225 -14.0355988341362 -20.6071383854235 -29.815822211347 -10.9337014595721 -9.91672319825249 -8.95040759103596 -10.4963505424448 -12.0462206002609 -0.375721015601669 
-32.2 3.03741635123869 -1.67783653919311 -8.17184647958571 -1.25790486992469 -1.97643417895362 -2.70097370288723 -14.3637882320319 -23.6377149329183 -33.0486860946036 -42.4831051054462 -55.267461090225 -14.0307843013878 -20.5547311189917 -29.7158222112318 -10.943330524723 -9.9739449970869 -9.05522212355382 -10.6487578086461 -12.2462206001457 -0.390822486736725 
-32 3.02319378636938 -1.72562225875256 -8.12406076002626 -1.26186290962129 -2.02817793820967 -2.80050318170273 -14.3549311102697 -23.5810720915967 -32.9442575337226 -42.3308908250057 -55.067461090225 -14.0263557404163 -20.5025168384607 -29.6158222111413 -10.9521876463948 -10.0305878383181 -9.15965068434445 -10.8009720889962 -12.4462206000552 -0.404457231689349 
-31.8 3.00891699234639 -1.77359018026738 -8.07609283851145 -1.26551571924093 -2.07979866934413 -2.900091834352 -14.3468027963289 -23.5249758561412 -32.8401933767522 -42.1788587465205 -54.867461090225 -14.0222915833748 -20.4504847599044 -29.5158222110702 -10.9603159602643 -10.0866840737025 -9.26371484124365 -10.9530041674102 -12.646220599984 -0.416751000948185 
-31.6 2.99458919366529 -1.82172946990818 -8.02795354887065 -1.26887685197671 -2.13129909172071 -2.99973154636938 -14.3393599548922 -23.4693937250636 -32.7364719560338 -42.0269980361614 -54.6674610902251 -14.0185701626003 -20.3986240494891 -29.4158222110141 -10.967758801645 -10.142266204724 -9.36743626190594 -11.1048648777133 -12.8462205999279 -0.427822264638952 
-31.4 2.98021360570158 -1.87002932448773 -7.97965369429109 -1.27196103397174 -2.18268312829529 -3.09941543752352 -14.3325593732104 -23.4142932888023 -32.633071665193 -41.8752978907409 -54.4674610902251 -14.0151698717151 -20.3469239040244 -29.3158222109698 -10.9745593832825 -10.197366640941 -9.47083655270249 -11.2565650230894 -13.0462205998836 -0.437781819081849 
-31.2 2.9657934089879 -1.91847905788559 -7.93120396089324 -1.27478378399069 -2.2339556117121 -3.19913765433818 -14.3263583068019 -23.3596424889958 -32.5299711319887 -41.7237476241388 -54.2674610902251 -14.0120693384757 -20.2953736373871 -29.2158222109347 -10.980760449656 -10.2520174407123 -9.57393708587168 -11.4081152896564 -13.2462205998485 -0.446732646316738 
-31 2.95133172387447 -1.96706818618537 -7.88261483259345 -1.27736107328371 -2.28512202930491 -3.29889320023078 -14.320714820001 -23.3054098738952 -32.4271493885883 -41.5723367524386 -54.0674610902251 -14.0092475950475 -20.2439627656591 -29.1158222109069 -10.9864039364289 -10.3062500557851 -9.67675882924424 -11.5595261613288 -13.4462205998206 -0.454769965855038 
-30.8 2.93683158710122 -2.01578650638901 -7.83389651238982 -1.27970902880534 -2.33618830503016 -3.39867779615967 -14.3155881008156 -23.2515648345061 -32.3245860289956 -41.4210550726423 -53.8674610902252 -14.0066842354326 -20.1926810858406 -29.0158222108848 -10.9915306555922 -10.360095095152 -9.77932218881481 -11.710807841103 -13.6462205997984 -0.46198142796781 
-30.6 2.92229593128886 -2.06462416532358 -7.78505885345524 -1.28184368080012 -2.38716061595951 -3.49848776602359 -14.3109387365539 -23.1980778113099 -32.2222613468647 -41.2698927315769 -53.6674610902252 -14.0043595532841 -20.1415187447575 -28.9158222108671 -10.9961800198363 -10.4135821183306 -9.881646870928 -11.8619701821508 -13.8462205997808 -0.46844740726858 
-30.4 2.90772756792335 -2.11357171681104 -7.73611130196778 -1.28378075396079 -2.43804524060764 -3.59831994215919 -14.3067289425038 -23.1449204657723 -32.1201564498397 -41.1188402830643 -53.4674610902252 -14.0022546562448 -20.0904662962307 -28.8158222108529 -11.0003898138723 -10.4667394638541 -9.98375176793895 -12.0130226306492 -14.0462205997667 -0.474241363762198 
-30.2 2.89312917406336 -2.16262016632922 -7.6870628524496 -1.28553549994191 -2.48884843610695 -3.69817158717667 -14.3029227405757 -23.0920658143261 -32.0182533488753 -40.9678887325818 -53.2674610902245 -14.0003515552698 -20.0395147457376 -28.7158222108416 -11.0041960157891 -10.519594115289 -10.085654868892 -12.1639741811204 -14.2462205997561 -0.479430245727844 
-30 2.87850328273957 -2.2117610032688 -7.63792201551003 -1.28712256798844 -2.53957634109305 -3.79804032910235 -14.2994860883348 -23.0394883251456 -31.9165350227552 -40.8170295695221 -53.0674610902252 -13.9986332291399 -19.9886555826681 -28.6158222108325 -11.0076326680209 -10.5721716044604 -10.187373195003 -12.314833344171 -14.4462205997463 -0.484074914794742 
-29.8 2.86385227682921 -2.26098622151386 -7.58869679726496 -1.28855590977141 -2.59023490112109 -3.89792410737545 -14.2963869613143 -22.98716397988 -31.8149854592446 -40.6662547877665 -52.8674610902245 -13.9970836656228 -19.9378808009059 -28.5158222108252 -11.0107317950341 -10.6244959497187 -10.2889227585064 -12.4656081259194 -14.6462205997397 -0.4882305784317 
-29.6 2.8491783860676 -2.31028832948266 -7.53939468929617 -1.28984871418345 -2.64082981350192 -3.99782112772508 -14.2935953931903 -22.9350703037872 -31.713589675183 -40.515556895736 -52.6674610902253 -13.9956878815545 -19.8871829088688 -28.4158222108194 -11.0135233631522 -10.6765896258056 -10.3903185425621 -12.6163060179439 -14.846220599733 -0.491947218965484 
-29.4 2.83448368678972 -2.35966035099604 -7.49002266778278 -1.29101336776039 -2.69136648859225 -4.09772982432879 -14.2910834792431 -22.8831863683266 -31.612333718209 -40.3649289172487 -52.4674610902245 -13.9944319245765 -19.8365549303775 -28.3158222108146 -11.0160352770947 -10.7284735612615 -10.4915744995313 -12.7669339964265 -15.046220599729 -0.495270011305116 
-29.2 2.81977010396719 -2.40909581843336 -7.44058720034546 -1.2920614365177 -2.74185002478688 -4.19764882796074 -14.2888253489932 -22.8314927706394 -31.5112046530845 -40.2143643846868 -52.2674610902253 -13.9933028594473 -19.7859903978109 -28.2158222108108 -11.0182934073408 -10.7801671589449 -10.592703564652 -12.9174985289846 -15.2462205997244 -0.498239723940824 
-29 2.80503941510864 -2.45858875962787 -7.39109425915095 -1.29300366525033 -2.79228519471403 -4.2975769390824 -14.2867971137705 -22.7799715942222 -31.4101905354727 -40.0638573258806 -52.0674610902246 -13.9922887418332 -19.7354833390023 -28.1158222108076 -11.0203216425603 -10.8316883353589 -10.6937176822606 -13.0680055877876 -15.446220599722 -0.500893099625519 
-28.8 2.79029325561488 -2.50813367987413 -7.34154933890469 -1.29384999070135 -2.8426764404113 -4.39751310502593 -14.2849767947563 -22.7286063549617 -31.309280375966 -39.9134022461276 -51.8674610902254 -13.9913785823232 -19.685028259246 -28.0158222108051 -11.0221419615719 -10.8830535746168 -10.7946278417647 -13.218460667538 -15.6462205997186 -0.503263213552984 
-28.6 2.77553312521759 -2.55772554029501 -7.29195747848381 -1.29460956541206 -2.89302787554289 -4.4974564005784 -14.2833442364391 -22.6773819362236 -31.208464096807 -39.7629941065477 -51.6674610902246 -13.9905623031628 -19.6346201196648 -27.915822210803 -11.0237745198871 -10.9342779933528 -10.8954441209216 -13.3688688071158 -15.8462205997173 -0.505379807908752 
-28.4 2.7607603951742 -2.60735973366782 -7.24232328511101 -1.29529078949063 -2.94334329299427 -4.59740601140259 -14.2818810099311 -22.6262845163428 -31.1077324835534 -39.6126282999213 -51.4674610902254 -13.9898306899067 -19.5842543130359 -27.8158222108013 -11.0252377463933 -10.9853754132319 -10.9961757341735 -13.5192346137405 -16.0462205997148 -0.507269602459409 
-28.2 2.74597631593882 -2.65703205865126 -7.19265096012756 -1.29590134795384 -2.99362617644092 -4.69736121983268 -14.2805703098641 -22.5753014912924 -31.0070771335196 -39.462300624904 -51.2674610902247 -13.9891753398722 -19.5339266380179 -27.7158222107999 -11.0265484464589 -11.0363584382809 -11.0968310842059 -13.6695622887564 -16.2462205997141 -0.508956581425232 
-28 2.73118202507546 -2.70673869319809 -7.14294432558073 -1.29644825169305 -3.04387971472696 -4.79732139266556 -14.2793968480522 -22.5244213949337 -30.906490402614 -39.3120072594516 -51.0674610902254 -13.9885886089647 -19.4836332725636 -27.6158222107987 -11.0277219082696 -11.0872385346384 -11.1974178151103 -13.8198556542076 -16.4462205997121 -0.510462257297599 
-27.8 2.71637855522356 -2.75647616779213 -7.09320685098669 -1.29693788047505 -3.094106818103 -4.89728597063563 -14.2783467464276 -22.4736338187151 -30.8059653518014 -39.1617447340449 -50.8674610902247 -13.9880635581518 -19.4333707471567 -27.5158222107977 -11.0287720098932 -11.1380261108561 -11.297942865922 -13.9701181796133 -16.6462205997119 -0.511805912549422 
-27.6 2.70156684196547 -2.80624133901472 -7.04344167976411 -1.29737602670926 -3.1443101355598 -4.99725445931501 -14.2774074313188 -22.4229293323836 -30.7054956942473 -39.0115099052683 -50.6674610902255 -13.9875939005962 -19.3831359183785 -27.4158222107969 -11.0297113250013 -11.1887305971867 -11.3984125234752 -14.1203530083891 -16.8462205997103 -0.513004820377058 
-27.4 2.68674773148051 -2.85603136382823 -6.99365165495059 -1.29776793899212 -3.19449207265617 -5.0972264212249 -14.2765675305721 -22.3722994068234 -30.6050757438736 -38.8612999300811 -50.4674610902247 -13.9871739502225 -19.3329259431913 -27.3158222107963 -11.0305512257473 -11.2393605227462 -11.4988324738483 -14.2705629835757 -17.0462205997104 -0.51407444572708 
-27.2 2.67192198790047 -2.90584367486255 -6.94383934391627 -1.29811836467842 -3.24465480937679 -5.19720146897985 -14.2758167747101 -22.3217363399272 -30.504700365943 -38.7111122411162 -50.2674610902255 -13.9867985722906 -19.2827382542251 -27.2158222107957 -11.0313019816086 -11.2899235896419 -11.5992078517783 -14.42075067254 -17.246220599709 -0.515028627920715 
-27 2.65709030030668 -2.9556759569061 -6.89400706187273 -1.29843159092725 -3.29480031766916 -5.29717925931576 -14.2751459028836 -22.271233186057 -30.4043649300294 -38.560944523159 -50.0674610902248 -13.9864631363772 -19.2325705362682 -27.1158222107953 -11.0319728534347 -11.3404267435116 -11.6995432876915 -14.5709183904967 -17.4462205997093 -0.515879746202949 
-26.8 2.64225328932949 -3.00552612473244 -6.84415689404638 -1.29871148383543 -3.34493037840369 -5.39715948787663 -14.2745465741897 -22.2207836895369 -30.3040652656829 -38.4107946909861 -49.8674610902256 -13.9861634720296 -19.1824207040941 -27.0158222107949 -11.0325721821281 -11.3908762400313 -11.7998429520376 -14.7210682226692 -17.6462205997081 -0.516638869528875 
-26.6 2.62741151332806 -3.05539230233721 -6.79429071644161 -1.29896152540395 -3.39504659757698 -5.49714188465469 -14.2740112846081 -22.1703822223504 -30.2037976208917 -38.2606608685902 -49.6674610902248 -13.9858958272386 -19.1322868816984 -26.9158222107943 -11.0331074717095 -11.4412777072174 -11.9001105968284 -14.8712020450648 -17.8462205997085 -0.517315891861518 
-26.4 2.61256547414187 -3.10527280361375 -6.74441021516507 -1.29918484818991 -3.44515042163948 -5.59712620999373 -14.2735332897143 -22.1200237261801 -30.1035586234448 -38.1105413698667 -49.4674610902249 -13.9856568297914 -19.0821673829746 -26.8158222107941 -11.033585466603 -11.4916362033875 -12.0003495942751 -15.021321543788 -18.0462205997082 -0.517919654203035 
-26.2 2.59771562241498 -3.15516611446457 -6.69451690431425 -1.29938426757744 -3.49524315187783 -5.69711225108291 -14.2731065331176 -22.0697036587326 -30.0033452451464 -37.9604346807175 -49.2674610902249 -13.9854434514928 -19.0320606938252 -26.7158222107938 -11.0340122231994 -11.5419562708348 -12.1005629725731 -15.1714282329369 -18.2462205997079 -0.518458054515295 
-26 2.58286236250274 -3.20507087631531 -6.64461214246352 -1.29956231166578 -3.54532595781691 -5.79709981887271 -14.2727255805205 -22.0194179442848 -29.9031547688479 -37.8103394425683 -49.0674610902249 -13.985252975194 -18.9819654556757 -26.6158222107936 -11.0343931757963 -11.5922419852823 -12.2007534488714 -15.3215234710859 -18.4462205997077 -0.518938146617532 
-25.8 2.56800605697578 -3.25498587098219 -6.59469714779663 -1.2997212488203 -3.59539988963831 -5.897088745361 -14.2723855591881 -21.9691629282855 -29.8029847581817 -37.6602544372352 -48.8674610902249 -13.9850829645276 -18.9318804503425 -26.5158222107935 -11.0347331971285 -11.6424970012815 -12.3009234595375 -15.4716084764188 -18.6462205997075 -0.519366229075308 
-25.6 2.55314703074004 -3.30491000682913 -6.54477301194969 -1.29986311296605 -3.645465889631 -5.99707888120063 -14.2720821025759 -21.9189353358263 -29.7028330298756 -37.5101785730822 -48.6674610902249 -13.9849312362214 -18.8818045861892 -26.4158222107933 -11.0350366537406 -11.6927245937405 -12.4010751878434 -15.6216843405717 -18.8462205997073 -0.519747925021238 
-25.4 2.5382855747945 -3.3548423061425 -6.49484071263632 -1.2999897267272 -3.69552480270552 -6.09707009358853 -14.2718112998294 -21.8687322337664 -29.6026976285024 -37.3601108723956 -48.467461090225 -13.984795834848 -18.8317368855025 -26.3158222107932 -11.035307456487 -11.7429276958002 -12.5012105892165 -15.7717520412582 -19.0462205997071 -0.52008825377438 
-25.2 2.52342194964942 -3.40478189364628 -6.44490112513254 -1.30010272253196 -3.74557738601406 -6.19706226440084 -14.2715696498445 -21.8185509962778 -29.5025768035099 -37.2100504598994 -48.267461090225 -13.9846750098555 -18.7816764730062 -26.2158222107931 -11.0355491064717 -11.7931089332887 -12.6013314142088 -15.9218124537543 -19.246220599707 -0.520391695055827 
-25 2.50855638842877 -3.45472798607836 -6.39495503270047 -1.30020356181122 -3.7956243177254 -6.29705528854425 -14.2713540195728 -21.768389273574 -29.4024689883741 -37.0599965523315 -48.067461090225 -13.9845671947195 -18.7316225654382 -26.115822210793 -11.0357647367433 -11.8432706559924 -12.7014392293446 -16.0718663613221 -19.4462205997069 -0.520662246529497 
-24.8 2.49368909968037 -3.5046798827488 -6.34500313603003 -1.30029355242296 -3.84566620500758 -6.39704907249688 -14.2711616062546 -21.7182449635854 -29.302372781715 -36.9099484490019 -47.867461090225 -13.9844709880603 -18.6815744621085 -26.0158222107929 -11.0359571500614 -11.893414965981 -12.8015354360036 -16.2219144646515 -19.6462205997068 -0.520903475333201 
-24.6 2.47882026991704 -3.55463695700203 -6.2950460617768 -1.30037386443574 -3.89570359127359 -6.49704353301611 -14.2709899032675 -21.6681161863451 -29.2022869302215 -36.7599055232552 -47.667461090225 -13.9843851365667 -18.6315315363617 -25.9158222107928 -11.0361288530484 -11.9435437432212 -12.901621287497 -16.3719573903982 -19.8462205997067 -0.52111856420606 
-24.4 2.46395006591096 -3.60459864850811 -6.24508437027071 -1.30044554440087 -3.9457369627448 -6.59703859599341 -14.2708366692919 -21.6180012608634 -29.1022103132337 -36.6098672147613 -47.4674610902251 -13.9843085195788 -18.5814932278677 -25.8158222107928 -11.036282087024 -11.9936586687028 -13.0016979044847 -16.521995698892 -20.0462205997066 -0.521310352760896 
-24.2 2.44907863676265 -3.65456445631137 -6.19511856246745 -1.30050952823961 -3.9957667543868 -6.69703419543867 -14.270699900505 -21.5678986842732 -29.0021419288402 -36.4598330225646 -47.2674610902251 -13.9842401351853 -18.5314590356709 -25.7158222107927 -11.0364188558109 -12.043761245293 -13.1017662888781 -16.6720298910887 -20.2462205997065 -0.521481374399939 
-24 2.43420611576445 -3.70453393256914 -6.14514908620968 -1.30056665286441 -4.04579335526937 -6.79703027257901 -14.2705778055361 -21.5178071130465 -28.9020808813558 -36.3098024988224 -47.0674610902251 -13.9841790877008 -18.4814285119287 -25.6158222107927 -11.0365409507797 -12.0938528165196 -13.2018273363625 -16.8220604148309 -20.4462205997064 -0.521633889322689 
-23.8 2.41933262207787 -3.75450667691637 -6.09517634186245 -1.30061766664948 -4.09581711340167 -6.89702677505854 -14.270468782925 -21.4677253460882 -28.8020263700503 -36.1597752431696 -46.8674610902251 -13.9841245763952 -18.4314012562758 -25.5158222107927 -11.0366499733907 -12.1439345834778 -13.301881847668 -16.9720876704836 -20.6462205997064 -0.521769914034187 
-23.6 2.40445826224173 -3.80448233139834 -6.04520068738049 -1.30066323885452 -4.14583834008867 -6.99702365622751 -14.2703714008529 -21.4176523095341 -28.7019776790142 -36.0097508976516 -46.6674610902251 -13.9840758853591 -18.3813769107578 -25.4158222107926 -11.0367473554628 -12.1940076200319 -13.401930538704 -17.1221120160015 -20.8462205997063 -0.521891247717339 
-23.4 2.3895831315278 -3.85446057591594 -5.99522244286288 -1.30070396810234 -4.1958573138541 -7.09702087451054 -14.2702843789233 -21.367587043087 -28.6019341680495 -35.8597291421692 -46.4674610902252 -13.9840323743943 -18.3313551552754 -25.3158222107926 -11.0368343773923 -12.244072886479 -13.5019740496688 -17.2721337714839 -21.0462205997063 -0.521999495800945 
-23.2 2.37470731515879 -3.90444112413346 -5.94524189464536 -1.30074039000148 -4.24587428397075 -7.19701839284471 -14.2702065717934 -21.3175286877395 -28.5018952644845 -35.7097096903868 -46.2674610902252 -13.9839934708293 -18.2813357034929 -25.2158222107926 -11.0369121845222 -12.2941312418264 -13.6020129532337 -17.4221532232663 -21.2462205997062 -0.522096091019579 
-23 2.35983088940232 -3.95442371980292 -5.89525929897591 -1.30077298399759 -4.29588947363633 -7.29701617817975 -14.2701369544713 -21.2674764747479 -28.4018604558235 -35.5596922860562 -46.0674610902252 -13.9839586621682 -18.2313182991623 -25.1158222107926 -11.0369818018443 -12.344183454818 -13.7020477618947 -17.5721706275968 -21.4462205997062 -0.522182312231203 
-22.8 2.34495392255361 -4.00440813346248 -5.84527488531635 -1.30080217953194 -4.34590308283023 -7.39701420103321 -14.2700746091088 -21.2174297157259 -28.3018292831418 -35.409676699715 -45.8674610902245 -13.9839274894871 -18.1813027128217 -25.0158222107924 -11.0370441472068 -12.39423021384 -13.8020789345763 -17.722186213938 -21.6462205997069 -0.522259301232813 
-22.6 2.33007647581857 -4.05439415946928 -5.79528885930954 -1.30082836157855 -4.39591529088365 -7.49701243509343 -14.2700187131368 -21.1673877937471 -28.2018013351562 -35.2596627257226 -45.6674610902252 -13.9838995415007 -18.1312887388285 -24.9158222107924 -11.0371000431788 -12.4442721358188 -13.9021068825619 -17.8722001879303 -21.8462205997061 -0.522328077789578 
-22.4 2.31519860410721 -4.10438161333385 -5.74530140544498 -1.3008518756235 -4.44592625879317 -7.59701085686751 -14.2699685285943 -21.11735015534 -28.1017762428846 -35.1096501795865 -45.4674610902245 -13.9838744492299 -18.081276192693 -24.8158222107924 -11.0371502277212 -12.4943097742258 -14.0021319748335 -18.0222127340665 -22.0462205997068 -0.522389553068828 
-22.2 2.30032035674759 -4.15437032932113 -5.69531268945769 -1.30087303214701 -4.49593613130395 -7.69700944536558 -14.2699233925442 -21.0673163033027 -28.00175367486 -34.9596388955745 -45.2674610902253 -13.9838518812044 -18.0312649086803 -24.7158222107923 -11.0371953637713 -12.5443436262632 -14.1021545428581 -18.1722240180784 -22.246220599706 -0.522444541653484 
-22 2.28544177812864 -4.20436015829088 -5.64532286048794 -1.30089211066185 -4.54594503878856 -7.79700818181994 -14.2698827084225 -21.0172857902112 -27.9017333327987 -34.8096287245435 -45.0674610902245 -13.9838315391439 -17.98125473765 -24.6158222107923 -11.037236047893 -12.5943741393547 -14.2021748849193 -18.3222341891094 -22.4462205997067 -0.522493772289576 
-21.8 2.27056290827986 -4.25435096574992 -5.5953320530289 -1.30090936335781 -4.59595309894355 -7.89700704943397 -14.2698459382594 -20.9672582125891 -27.8017149477176 -34.6596195320034 -44.8674610902253 -13.983813154062 -17.9312455451091 -24.5158222107923 -11.0372728180561 -12.6444017169767 -14.3021932700005 -18.4722433816496 -22.6462205997059 -0.522537897507614 
-21.6 2.25568378339501 -4.30434263009249 -5.54534038868634 -1.30092501839641 -4.64596041832472 -7.99700603315771 -14.2698125956289 -20.917233205616 -27.701698276402 -34.5096111963452 -44.6674610902246 -13.9837964827471 -17.8812372094516 -24.4158222107923 -11.0373061606865 -12.6944267239498 -14.4022099413161 -18.6222517173077 -22.8462205997067 -0.522577502242342 
-21.4 2.24080443630658 -4.35433504100635 -5.49534797777247 -1.30093928289778 -4.69596709373994 -8.09700511948679 -14.2697822392852 -20.8672104383584 -27.6016830982305 -34.3596036072598 -44.4674610902254 -13.9837813045749 -17.8312296203655 -24.3158222107923 -11.0373365170303 -12.7444494912074 -14.5022251194875 -18.7722593063931 -23.0462205997059 -0.522613111563735 
-21.2 2.22592489691662 -4.40432809802493 -5.4453549207539 -1.30095234565615 -4.7459732135169 -8.19700429628232 -14.2697544673587 -20.8171896094134 -27.5016692122669 -34.2095966642777 -44.2674610902246 -13.983767418612 -17.7812226773841 -24.2158222107923 -11.0373642889567 -12.7944703201524 -14.6022390054511 -18.9222662493752 -23.2462205997066 -0.522645197619644 
-21 2.21104519258995 -4.45432170920655 -5.39536130957227 -1.3009643796195 -4.79597885866187 -8.29700355260892 -14.269728912086 -20.767170442959 -27.4016564346309 -34.0595902754601 -44.0674610902254 -13.9837546409753 -17.7312162885657 -24.1158222107923 -11.0373898442294 -12.8444894866067 -14.7022517830871 -19.0722726381928 -23.4462205997058 -0.522674185881649 
-20.8 2.19616534851419 -4.5043157899245 -5.34536722885432 -1.30097554416374 -4.84598410392406 -8.39700287858907 -14.2697052349571 -20.7171526851122 -27.3016445960661 -33.9095843561773 -43.8674610902247 -13.9837428024112 -17.6812103692837 -24.0158222107923 -11.0374135213584 -12.8945072444536 -14.8022636216519 -19.2222785574756 -23.6462205997065 -0.522700460775217 
-20.6 2.1812853880317 -4.55431026175187 -5.29537275702695 -1.30098598719137 -4.89598901877906 -8.49700226527144 -14.2696831222674 -20.6671361005951 -27.2016335397216 -33.7595788280054 -43.6674610902255 -13.9837317460659 -17.631204841111 -23.9158222107924 -11.0374356340481 -12.9445238289707 -14.9022746779964 -19.3722840856474 -23.8462205997057 -0.522724370768657 
-20.4 2.16640533294741 -4.60430505142734 -5.24537796735148 -1.3009958470808 -4.94599366834396 -8.5970017045118 -14.2696622809685 -20.6171204696207 -27.1016231190718 -33.6095736176802 -43.4674610902247 -13.9837213254168 -17.5811996307865 -23.8158222107924 -11.0374564753469 -12.994539459945 -15.0022850986462 -19.5222892959727 -24.0462205997065 -0.522746232987028 
-20.2 2.15152520381669 -4.65430008988787 -5.19538292889095 -1.30100525451252 -4.99599811423621 -8.69700118886459 -14.2696424348114 -20.5671055850031 -27.0016131959937 -33.4595686561415 -43.2674610902255 -13.9837114023379 -17.531194669247 -23.7158222107924 -11.037476321504 -13.0445543445626 -15.1022950217243 -19.6722942575114 -24.2462205997057 -0.522766337412747 
-20 2.13664502021692 -4.7042953113564 -5.14538770742243 -1.30101433419478 -5.04600241538699 -8.79700071148389 -14.2696233206847 -20.5170912494079 -26.90160363893 -33.3095638776093 -43.0674610902248 -13.983701845275 -17.4811898907156 -23.6158222107924 -11.0374954356307 -13.0945686801578 -15.202304578788 -19.8222990360436 -24.4462205997064 -0.522784950727092 
-19.8 2.12176480100633 -4.75429065247201 -5.09539236630681 -1.30102320651204 -5.09600662881987 -8.89700026603238 -14.269604685148 -20.4670772727556 -26.801594321162 -33.1595592187257 -42.8674610902255 -13.9836925275062 -17.4311852318312 -23.5158222107924 -11.0375140711674 -13.1445826568102 -15.302313896556 -19.9723036949272 -24.6462205997056 -0.522802319844225 
-19.6 2.10688456457346 -4.80428605145194 -5.04539696732689 -1.30103198911691 -5.14601081040467 -8.9969998465971 -14.2695862810669 -20.4170634696946 -26.7015851191211 -33.0095546177048 -42.6674610902248 -13.9836833254661 -17.3811806308111 -23.4158222107924 -11.0375324752485 -13.1945964598712 -15.4023230985969 -20.122308295948 -24.8462205997064 -0.522818675183347 
-19.4 2.09200432908059 -4.8542814472736 -4.99540157150522 -1.30104079848738 -5.1960150155968 -9.09699944761091 -14.2695678643544 -20.3670496571604 -26.6015759107652 -32.8595500135273 -42.4674610902256 -13.9836741171094 -17.3311760266328 -23.3158222107924 -11.037550891961 -13.2446102724054 -15.5023323069528 -20.2723129001255 -25.0462205997056 -0.52283423372328 
-19.2 2.0771241127043 -4.90427677886642 -4.9454062399124 -1.3010497514693 -5.24601930017154 -9.19699906377846 -14.2695491907249 -20.3170356519381 -26.5015665739501 -32.7095453451194 -42.2674610902248 -13.983664780295 -17.2811713582256 -23.2158222107924 -11.0375695655905 -13.2946242776277 -15.6023416437679 -20.4223175685335 -25.2462205997063 -0.522849201879402 
-19 2.06224393387618 -4.9542719843029 -4.89541103447592 -1.30105896682403 -5.29602372096275 -9.29699869000615 -14.2695300124709 -20.2670212682475 -26.4015569848231 -32.5595405505559 -42.0674610902249 -13.9836551911678 -17.2311665636619 -23.1158222107922 -11.0375887438445 -13.3446386613182 -15.7023512328949 -20.572322363097 -25.4462205997063 -0.522863778240401 
-18.8 2.04736381152724 -5.00426699997765 -4.84541601880118 -1.30106856680208 -5.34602833661555 -9.3969983213337 -14.2695100751699 -20.2170063152718 -26.3015470161726 -32.4095355662306 -41.8674610902249 -13.9836452225173 -17.1811615793367 -23.0158222107922 -11.0376086811455 -13.3946536142939 -15.8023612015454 -20.7223273474222 -25.6462205997063 -0.522878156201752 
-18.6 2.03248376533874 -5.05426175976458 -4.79542125901425 -1.30107867876398 -5.39603320836437 -9.49699795286945 -14.2694891143176 -20.1669905946326 -26.2015365357465 -32.2595303260176 -41.6674610902249 -13.9836347420912 -17.1311563391236 -22.9158222107922 -11.0376296419978 -13.4446693349331 -15.9023716819715 -20.8723325876352 -25.8462205997063 -0.522892526530988 
-18.4 2.0176038160032 -5.10425619413983 -4.74542682463899 -1.30108943686875 -5.44603840084441 -9.59699757972474 -14.2694668518187 -20.1169738977584 -26.101525404497 -32.1095247603929 -41.4674610902249 -13.9836236108417 -17.0811507734989 -22.8158222107922 -11.0376519044967 -13.4946860318073 -16.002382813221 -21.02233815326 -26.0462205997062 -0.522907079897938 
-18.2 2.00272398549882 -5.15425022925995 -4.69543278951887 -1.30110098385303 -5.4960439829488 -9.69699719694925 -14.2694429922991 -20.0669560031188 -26.0015134747373 -31.959518795513 -41.2674610902249 -13.983611681082 -17.031144808619 -22.7158222107923 -11.0376757640162 -13.5447039264469 -16.1023947429807 -21.1723441181398 -26.2462205997062 -0.522922009403875 
-18 1.98784429738092 -5.20424378598249 -4.64543923279633 -1.30111347292406 -5.54605002874237 -9.79699679946536 -14.2694172191893 -20.0169366732864 -25.9015005881824 -31.8095123522356 -41.067461090225 -13.983598794527 -16.9811383653416 -22.6158222107923 -11.0377015371261 -13.5947232562793 -16.2024076295356 -21.3223505614173 -26.4462205997062 -0.522937513143106 
-17.8 1.97296477709446 -5.25423677881614 -4.59544623996269 -1.30112706979226 -5.59605661844421 -9.89699638200085 -14.2693891905239 -19.9669156517874 -25.8014865738497 -31.6595053450692 -40.867461090225 -13.9835847801944 -16.9311313581752 -22.5158222107923 -11.0377295657914 -13.6447442777783 -16.3024216438683 -21.4723575685836 -26.6462205997062 -0.522953796831292 
-17.6 1.95808545231149 -5.30422911478691 -4.54545390399192 -1.30114195486897 -5.64606383949169 -9.9969959390191 -14.269358534407 -19.9168926596997 -25.7014712457912 -31.50949768104 -40.667461090225 -13.9835694521359 -16.881123694146 -22.4158222107923 -11.0377602219083 -13.694767269866 -16.4024369719267 -21.6223652326128 -26.8462205997062 -0.522971076534166 
-17.4 1.94320635329831 -5.35422069220452 -4.4954623265743 -1.30115832566036 -5.6960717877007 -10.0969954646457 -14.2693248440775 -19.8668673919526 -25.6014544006265 -31.3594892584577 -40.467461090225 -13.9835526069711 -16.8311152715636 -22.3158222107923 -11.0377939122379 -13.7447925376131 -16.5024538170915 -21.7723736551952 -27.0462205997061 -0.522989581534656 
-17.2 1.9283275133169 -5.40421139931357 -4.44547161946525 -1.30117639938735 -5.74608056853674 -10.1969949525908 -14.2692876725138 -19.8168395132798 -25.5014358148446 -31.2094799655667 -40.2674610902251 -13.9835340211893 -16.7811059786727 -22.2158222107923 -11.0378310838016 -13.794820416286 -16.6024724028733 -21.9223829480861 -27.2462205997061 -0.523009557374565 
-17 1.91344896906621 -5.45420111281106 -4.39548190596776 -1.30119641586737 -5.79609029851425 -10.2969943960658 -14.2692465265037 -19.7668086537722 -25.4014152418396 -31.0594696790642 -40.0674610902251 -13.9835134481842 -16.7310956921702 -22.1158222107923 -11.0378722298117 -13.8448512757935 -16.7024929758783 -22.0723932345886 -27.4462205997061 -0.523031269112167 
-16.8 1.89857076116903 -5.50418969621036 -4.34549332256847 -1.30121864069661 -5.84610110674279 -10.3969937876936 -14.2692008601009 -19.7167744039701 -25.3013924086382 -30.9094582624636 -39.8674610902251 -13.9834906149828 -16.6810842755695 -22.0158222107923 -11.0379178962145 -13.8948855255956 -16.8025158090797 -22.2224046511893 -27.6462205997061 -0.523055004839447 
-16.6 1.88369293471084 -5.55417699803096 -4.29550602074786 -1.30124336877308 -5.89611313663986 -10.4969931194113 -14.2691500673834 -19.666736309432 -25.2013670122794 -30.7594455642842 -39.6674610902251 -13.9834652186241 -16.6310715773901 -21.9158222107923 -11.037968688932 -13.9449236201337 -16.9025412054385 -22.3724173493686 -27.846220599706 -0.523081079503733 
-16.4 1.86881553983793 -5.60416284978868 -4.24552016899014 -1.30127092820973 -5.94612654783423 -10.5969923823634 -14.2690934744143 -19.6166938647052 -25.1013387157949 -30.6094314160419 -39.4674610902251 -13.9834369221395 -16.5810574291478 -21.8158222107923 -11.0380252819011 -13.9949660648605 -17.002569501923 -22.5224314976109 -28.046220599706 -0.52310983908686 
-16.2 1.85393863242255 -5.65414706376098 -4.19553595501784 -1.30130168468696 -5.99614151828376 -10.6969915667852 -14.2690303303035 -19.5666465066221 -25.0013071437395 -30.4594156300142 -39.2674610902252 -13.9834053500841 -16.5310416431201 -21.7158222107923 -11.0380884260119 -14.0450134229436 -17.1026010739784 -22.6724472836386 -28.246220599706 -0.523141665194816 
-16 1.83906227480415 -5.7041294304966 -4.14555358828222 -1.30133604630459 -6.04615824663701 -10.7969906618741 -14.268959797246 -19.516593606829 -24.9012718772108 -30.3093979967499 -39.0674610902252 -13.9833700835554 -16.4810240098558 -21.6158222107924 -11.0381589590694 -14.0950663227367 -17.2026363405072 -22.8224649169029 -28.446220599706 -0.523176980121091 
-15.8 1.82418653661618 -5.75410971603734 -4.09557330274148 -1.30137446899597 -6.09617695486913 -10.896989655647 -14.268880939409 -19.4665344634512 -24.8012324482923 -30.1593782822906 -38.8674610902252 -13.9833306546369 -16.4310042953965 -21.5158222107924 -11.0382378169064 -14.1451254661145 -17.3026757694256 -22.9724846313622 -28.646220599706 -0.523216252449107 
-15.6 1.80931149570971 -5.80408765881514 -4.04559535996368 -1.30141746257619 -6.14619789122715 -10.9969885347828 -14.2687927105202 -19.4164682917846 -24.7011883338479 -30.0093562250685 -38.6674610902252 -13.9832865401925 -16.3809822381743 -21.4158222107924 -11.0383260457952 -14.1951916377811 -17.40271988387 -23.1225066885843 -28.8462205997059 -0.523260003268286 
-15.4 1.794437239186 -5.85406296618258 -3.99562005259624 -1.30146559750588 -6.19622133352428 -11.0969872844474 -14.26869393999 -19.366394213887 -24.6011389485828 -29.8593315324359 -38.4674610902252 -13.9832371549273 -16.3309575455418 -21.3158222107924 -11.0384248163254 -14.2452657156787 -17.5027692691351 -23.2725313812169 -29.0462205997059 -0.523308813087529 
-15.2 1.77956386455163 -5.90403531053193 -3.9456477082469 -1.30151951245862 -6.24624759282636 -11.1969858880988 -14.2685833173874 -19.316311246935 -24.5010836372815 -29.7093038767853 -38.2674610902253 -13.9831818436259 -16.2809298898909 -21.2158222107922 -11.038535438928 -14.2953486826307 -17.6028245804364 -23.4225590368675 -29.2462205997059 -0.523363329535907 
-15 1.7646914810117 -5.95400432495023 -3.89567869382859 -1.30157992279302 -6.29627701757907 -11.2969843272698 -14.2684593750598 -19.2662182901892 -24.4010216661174 -29.5592728912029 -38.0674610902245 -13.9831198724625 -16.2308989043092 -21.1158222107922 -11.0386593812555 -14.3454416393765 -17.7028865516005 -23.57259002245 -29.4462205997066 -0.523424275953608 
-14.8 1.74982021091774 -6.00396959835431 -3.84571342042451 -1.30164763004218 -6.34630999823231 -11.3969825813271 -14.268320468677 -19.2161141104022 -24.3009522129263 -29.4092381646077 -37.8674610902253 -13.9830504192706 -16.1808641777133 -21.0158222107922 -11.0387982876384 -14.3955458191635 -17.8029560047916 -23.7226247490451 -29.6462205997058 -0.523492460987314 
-14.6 1.73495019139018 -6.0539306700398 -3.79575234873902 -1.30172353254518 -6.3963469724208 -11.4969806272011 -14.2681647554182 -19.1659973254579 -24.2008743562966 -29.2591992362925 -37.6674610902246 -13.9829725626416 -16.1308252493988 -20.9158222107922 -11.0389540008972 -14.4456626041078 -17.9030338614214 -23.8726636773603 -29.8462205997066 -0.523568789316071 
-14.4 1.72008157613627 -6.10388702357305 -3.74579599520577 -1.30180863736253 -6.4463884307714 -11.5969784390849 -14.267990169552 -19.1158663860585 -24.1007870633639 -29.1091555898265 -37.4674610902253 -13.9828852697081 -16.0807816029321 -20.8158222107922 -11.0391285867634 -14.4957935435072 -18.0031211543541 -24.0227073238263 -30.0462205997058 -0.523654273650884 
-14.2 1.70521453748769 -6.15383807994496 -3.69584493883386 -1.3019040736326 -6.49643492341338 -11.6969759880988 -14.2677943950389 -19.0657195551735 -24.0006891761069 -28.9591066461977 -37.2674610902246 -13.982787382452 -16.030732659304 -20.7158222107922 -11.0393243612765 -14.5459403743922 -18.103219041611 -24.1727562674551 -30.2462205997065 -0.523750048166134 
-14 1.69034926868493 -6.20378318989608 -3.64589982888275 -1.3020111075465 -6.54648706727839 -11.796973241915 -14.2675748348441 -19.0155548850276 -23.90057939601 -28.8090517561496 -37.0674610902254 -13.9826776023542 -15.9806777692551 -20.6158222107922 -11.0395439214713 -14.5961050445381 -18.203328821708 -24.3228111575032 -30.4462205997058 -0.523857383541267 
-13.8 1.6754859864383 -6.25372162531165 -3.59596139346718 -1.30213115913931 -6.59654555428677 -11.8969701643389 -14.2673285765056 -18.9653701912736 -23.8004562668404 -28.6589901915644 -36.8674610902246 -13.9825544731854 -15.9306162046707 -20.5158222107923 -11.0397901798097 -14.6462897382921 -18.3034519508776 -24.4728727220884 -30.6462205997065 -0.523977703811591 
-13.6 1.66062493379972 -6.30365256957315 -3.54603044920567 -1.30226582111984 -6.64661116052881 -11.9969667148425 -14.2670523535524 -18.9151630240589 -23.7003181553642 -28.5089211358267 -36.6674610902254 -13.9824163617084 -15.8805471489322 -20.4158222107923 -11.0400664027629 -14.6964969055068 -18.4035900623538 -24.6229417778261 -30.8462205997057 -0.524112605251127 
-13.4 1.64576638338286 -6.35357510673886 -3.49610791203996 -1.3024168799881 -6.69668475656278 -12.0969628480421 -14.2667425022145 -18.8649306355552 -23.6001632296948 -28.3588436729917 -36.4674610902247 -13.9822614360398 -15.8304696860979 -20.3158222107923 -11.0403762541008 -14.7467292940104 -18.5037449880231 -24.7730192406611 -31.0462205997064 -0.52426387753738 
-13.2 1.63091064097445 -6.40348820941048 -3.44619480936834 -1.30258633972046 -6.74676731896676 -12.1969585131177 -14.2663949129018 -18.8146699435709 -23.4999894350389 -28.2087567756641 -36.2674610902255 -13.9820876413831 -15.7803827887696 -20.2158222107923 -11.0407238434135 -14.7969899859948 -18.6039187826791 -24.9231061379887 -31.2462205997057 -0.52443352747865 
-13 1.61605804958391 -6.45339072512694 -3.39629229365189 -1.30277644833372 -6.79685994329648 -12.2969536531639 -14.2660049757669 -18.7643774907195 -23.399794466471 -28.0586592913798 -36.0674610902247 -13.981892672816 -15.730285304486 -20.1158222107923 -11.0411137805485 -14.8472824388462 -18.7041137512469 -25.073203622273 -31.4462205997064 -0.524623805615709 
-12.8 1.60120899398511 -6.50328136110484 -3.34640165767399 -1.30298972768169 -6.84696385862234 -12.3969482044677 -14.2655675196793 -18.714049398654 -23.2995757384276 -27.9085499273585 -35.8674610902255 -13.9816739447718 -15.6801759404639 -20.0158222107923 -11.0415512366361 -14.8976105309117 -18.8043324792903 -25.2233129862943 -31.6462205997056 -0.524837236051844 
-12.6 1.58636390580942 -6.55315866712643 -3.29652435165239 -1.30322900687492 -6.89708044383717 -12.4969420957041 -14.2650767437649 -18.663681316718 -23.19933035047 -27.7584272333793 -35.6674610902248 -13.981428556815 -15.6300532464855 -19.9158222107923 -11.0420420125504 -14.9479786128476 -18.9045778672479 -25.3734356802735 -31.8462205997063 -0.525076649902476 
-12.4 1.57152326925739 -6.60302101634933 -3.2466620024295 -1.30349745976654 -6.94721124595168 -12.5969352470415 -14.2645261406573 -18.6132683643875 -23.0990550489166 -27.608289582603 -35.4674610902256 -13.9811532552608 -15.5799155957084 -19.8158222107923 -11.0425926156581 -14.9983915651782 -19.0048531688013 -25.5235733310498 -32.0462205997056 -0.525345222807539 
-12.2 1.55668762750371 -6.65286658378671 -3.19681643499211 -1.30379864699726 -6.99735800061979 -12.696927569147 -14.2639084104061 -18.5628050666989 -22.9987461837907 -27.4581351500396 -35.2674610902248 -13.9808443901355 -15.5297611631458 -19.7158222107923 -11.0432103459093 -15.0488548628667 -19.1051620339272 -25.6737277636131 -32.2462205997063 -0.52564651700028 
-12 1.54185758987938 -6.7026933221763 -3.14698969660253 -1.30413656315384 -7.04752265516596 -12.7969189620828 -14.2632153639652 -18.5122852818685 -22.8983996605706 -27.30796188843 -35.0674610902256 -13.9804978669147 -15.4795879015354 -19.6158222107923 -11.0439033923501 -15.0993746476972 -19.2055085571473 -25.8239010252228 -32.4462205997055 -0.525984528486756 
-11.8 1.52703383992498 -6.75249893492262 -3.09718408385621 -1.30451568966076 -7.0977073944192 -12.8969093140823 -14.2624378149497 -18.4617021201067 -22.7980108860625 -27.1577675011756 -34.8674610902249 -13.9801090924074 -15.4293935142817 -19.5158222107923 -11.0446809413656 -15.149957809459 -19.3058973316554 -25.9740954124772 -32.6462205997062 -0.526363739956441 
-11.6 1.51221714441989 -6.80228084576004 -3.04740217301879 -1.30494105410023 -7.14791466969608 -12.9968985001966 -14.2615654582994 -18.411047852619 -22.6975747077374 -27.007549412013 -34.6674610902249 -13.979672914082 -15.379175425119 -19.4158222107921 -11.0455532980159 -15.2006120769467 -19.4063335099805 -26.1243135016397 -32.8462205997062 -0.526789180118929 
-11.4 1.49740836350533 -6.85203616474103 -2.99764685403779 -1.30541829673857 -7.19814723131542 -13.096886380797 -14.2605867342234 -18.360313809562 -22.5970853456994 -26.857304730994 -34.4674610902249 -13.979183552044 -15.3289307441 -19.3158222107921 -11.0465320220919 -15.2513461200037 -19.5068228720185 -26.2745581826587 -33.0462205997062 -0.527266490245362 
-11.2 1.48260846203175 -6.9017616501104 -2.94792136866842 -1.30595374512939 -7.24840816507561 -13.1968727999265 -14.2594886757009 -18.3094902656701 -22.4965363164381 -26.7070302163634 -34.2674610902249 -13.9786345227827 -15.2786562294693 -19.2158222107921 -11.0476300806144 -15.3021696638955 -19.6073719012797 -26.4248326972893 -33.2462205997061 -0.527801998784867 
-11 1.46781852227819 -6.95145366557024 -2.89822935320858 -1.30655449776839 -7.29870093317444 -13.2968575834852 -14.2582567375403 -18.2585663120496 -22.3959203473578 -26.5567222318233 -34.0674610902249 -13.9780185537024 -15.2283482449292 -19.1158222107921 -11.048862018775 -15.353093617516 -19.70798787036 -26.5751406818294 -33.4462205997061 -0.528402805031276 
-10.8 1.45303975820678 -7.00110813238693 -2.84857488639189 -1.30722851788938 -7.34902942011213 -13.3968405372396 -14.2568746048071 -18.2075297124997 -22.2952292809912 -26.40637669864 -33.867461090225 -13.9773274873358 -15.1780027117459 -19.0158222107921 -11.0502441515082 -15.4041302170659 -19.8086789367266 -26.7254862150127 -33.6462205997061 -0.529076872929756 
-10.6 1.43827353143521 -7.05072047572592 -2.7989625430529 -1.30798473861884 -7.39939798418057 -13.496821444647 -14.2553239781631 -18.1563667425167 -22.1944539676692 -26.255989041979 -33.667461090225 -13.9765521740138 -15.1276150550849 -18.9158222107921 -11.0517947781522 -15.4552931870489 -19.9094542500486 -26.8758738716737 -33.846220599706 -0.529833136240737 
-10.4 1.42352136913109 -7.10028556452935 -2.74939745424947 -1.30883318085043 -7.4498115152156 -13.5968000644855 -14.2535843333768 -18.105062008927 -22.0935841452761 -26.1055541307825 -33.467461090225 -13.9756823516206 -15.0771801438883 -18.8158222107921 -11.0535344229384 -15.5065979206385 -20.0103240724417 -27.0263087828702 -34.046220599706 -0.530681616422938 
-10.2 1.40878498405456 -7.14979764417587 -2.69988537460296 -1.30978508535531 -7.50027549936699 -13.6967761282834 -14.2516326519629 -18.0535982478666 -21.9926083045692 -25.955066210429 -33.267461090225 -13.9747065109137 -15.0266922235348 -18.7158222107921 -11.0554861043523 -15.558061681699 -20.1112999131486 -27.1767967032237 -34.246220599706 -0.531633554751088 
-10 1.39406629700149 -7.19925026107474 -2.65043275770408 -1.31085306082119 -7.55079609173175 -13.796749337547 -14.2494431195584 -18.0019560985632 -21.8915135383669 -25.8045188273279 -33.0674610902251 -13.9736117447114 -14.9761448404337 -18.6158222107921 -11.0576756367568 -15.6097038310023 -20.2123946793508 -27.3273440863247 -34.4462205997059 -0.532701560361709 
-9.80000000000004 1.37936746192693 -7.24863617825475 -2.60104684052408 -1.31205124970237 -7.60138019779294 -13.8967193607882 -14.2469867882785 -17.9501138501033 -21.790285372727 -25.6539047445079 -32.8674610902251 -13.9723835790714 -14.9255307576137 -18.5158222107921 -11.0601319680367 -15.6615460794622 -20.3136228449908 -27.4779581691447 -34.6462205997059 -0.533899776109116 
-9.60000000000004 1.36469089405851 -7.29794728090746 -2.55173573787137 -1.31339551397096 -7.65203556471423 -13.9966858303622 -14.2442311988893 -17.8980471580614 -21.6889075780324 -25.5032158471607 -32.6674610902251 -13.9710057843768 -14.8748418602663 -18.4158222107921 -11.0628875574259 -15.7136127715041 -20.4150006396853 -27.6286470664919 -34.8462205997059 -0.535244064321896 
-9.40000000000004 1.35003930134216 -7.34717447073404 -2.50250854804478 -1.31490364308979 -7.70277088365964 -14.0966483391342 -14.2411399581957 -17.8457287275412 -21.5873619576856 -25.3524430369873 -32.4674610902251 -13.96946016403 -14.8240690500929 -18.3158222107921 -11.0659787981195 -15.7659312020243 -20.5165462600321 -27.7794198766653 -35.0462205997058 -0.536752214780621 
-9.20000000000004 1.33541571959704 -7.39630754783007 -2.45337547094875 -1.3165955867694 -7.75359590443529 -14.1966064370059 -14.2376722665798 -17.7931279588293 -21.4856281118777 -25.2015761140833 -32.2674610902251 -13.967726318222 -14.7732021271889 -18.215822210792 -11.0694464897353 -15.8185319707361 -20.61828010584 -27.9302867995692 -35.2462205997058 -0.538444177479005 
-9.00000000000004 1.32082355179281 -7.44533507871949 -2.40434794005933 -1.31849371533321 -7.80452156388852 -14.2965596273485 -14.2337823901375 -17.7402105514976 -21.3836831736565 -25.0506036449727 -32.0674610902252 -13.9657813800008 -14.7222296580783 -18.115822210792 -11.0733363661776 -15.8714493780678 -20.7202250440611 -28.0812592686798 -35.4462205997057 -0.540342322992812 
-8.80000000000004 1.30626661190063 -7.494244249022 -2.35543876975682 -1.32062311078926 -7.85556012964708 -14.3965073634096 -14.2294190713476 -17.6869380624052 -21.2815015142616 -24.8995128152753 -31.8674610902252 -13.9635997206058 -14.6711388283808 -18.015822210792 -11.0776996849674 -15.9247218671602 -20.822406703456 -28.2323500983772 -35.6462205997056 -0.542471733555015 
-8.60000000000004 1.29174917380662 -7.54302069911072 -2.3066623196681 -1.32301189198736 -7.9067253609339 -14.4964490447851 -14.2245248717025 -17.6332674126713 -21.1790544144391 -24.748289265364 -31.6674610902252 -13.9611526207832 -14.6199152784695 -17.915822210792 -11.0825938846125 -15.978392516894 -20.9248538032785 -28.3835736482884 -35.8462205997056 -0.544860528215861 
-8.40000000000004 1.27727602581385 -7.59164834099389 -2.25803467778494 -1.32569157751807 -7.95803268834778 -14.5963840140822 -14.2190354392352 -17.5791503383209 -21.0763096982054 -24.5969169072472 -31.4674610902252 -13.9584079045495 -14.5685429203526 -17.8158222107919 -11.0880833170798 -16.0325095912444 -21.0275985195121 -28.5349460064052 -36.0462205997055 -0.547540225744569 
-8.20000000000005 1.26285253129171 -7.64010915454159 -2.20957386423723 -1.32869749027559 -8.009499414653 -14.6963115539351 -14.212878693426 -17.524532778964 -20.9732313253008 -24.4453777207949 -31.2674610902252 -13.9553295316449 -14.5170037339003 -17.7158222107919 -11.0942400628889 -16.0871271506012 -21.1306768924166 -28.6864851928574 -36.2462205997054 -0.550546149194522 
-8.00000000000005 1.2484846960582 -7.68838296109152 -2.1613000576873 -1.33206920782851 -8.06114493875585 -14.7962308845879 -14.2059739196257 -17.4693541986138 -20.8697789384007 -24.2936515273449 -31.0674610902253 -13.9518771447447 -14.4652775404502 -17.6158222107919 -11.1011448366891 -16.1423057309514 -21.2341292793167 -28.8382113863074 -36.4462205997054 -0.553917876276208 
-7.80000000000005 1.2341792430952 -7.73644717241642 -2.1132358463624 -1.33585106290411 -8.11299100515635 -14.8961411623133 -14.1982307649254 -17.4135468325885 -20.7659073610505 -24.1417157386698 -30.8674610902253 -13.9480055673943 -14.4133417517748 -17.5158222107916 -11.1088879913894 -16.1981130969766 -21.3380008566668 -28.9901471749824 -36.6462205997053 -0.557699739843341 
-7.60000000000005 1.21994369519328 -7.7842765130499 -2.06540650572892 -1.34009269833208 -8.16506198121779 -14.9960414790082 -14.1895481274585 -17.3570348544882 -20.6615660423167 -23.9895450793025 -30.6674610902245 -13.9436642486612 -14.3611710924083 -17.4158222107916 -11.1175706288562 -16.2546250750768 -21.4423421754005 -29.1423178343496 -36.846220599706 -0.561941382838286 
-7.40000000000005 1.20578646609005 -7.83184271407497 -2.01784030470385 -1.34484968066406 -8.21738516457485 -15.0959308633903 -14.1798129315596 -17.2997334575642 -20.5566984443677 -23.8371112803284 -30.4674610902253 -13.9387966507112 -14.3087372934333 -17.3158222107915 -11.127305824755 -16.3119264720007 -21.5472097733495 -29.2947516333237 -37.0462205997051 -0.5666983719131 
-7.20000000000005 1.19171696059315 -7.87911417672551 -1.97056884205332 -1.35018417628131 -8.26999112284263 -15.1958082843086 -14.168898782161 -17.2415478455151 -20.451241369668 -23.6843827429782 -30.2674610902246 -13.9333395760122 -14.2560087560837 -17.2158222107914 -11.1382199741536 -16.3701120840498 -21.6526668480491 -29.4474801706738 -37.2462205997058 -0.572032873538491 
-7.00000000000005 1.17774568404369 -7.92605560460543 -1.92362741417339 -1.35616569300518 -8.32291406744643 -15.2956726567924 -14.1566644936815 -17.1823721291556 -20.3451242254286 -23.5313241708589 -30.0674610902254 -13.927222431772 -14.2029501839636 -17.1158222107913 -11.150454262633 -16.4292878004092 -21.7587839922884 -29.600538742793 -37.4462205997049 -0.578014395615561 
-6.80000000000005 1.16388436125494 -7.97262760407192 -1.8770554147069 -1.36287188885315 -8.37619226276089 -15.3955228515733 -14.1429524915467 -17.1220881275543 -20.2382682243609 -23.3778961703246 -29.8674610902246 -13.9203664307049 -14.14952218343 -17.0158222107913 -11.1641662647677 -16.4895718020104 -21.8656399933561 -29.7539667433272 -37.6462205997055 -0.584720596232797 
-6.60000000000004 1.1501460647182 -8.01878625348303 -1.8308967652958 -1.37038944739289 -8.42986847071173 -15.4953577089353 -14.1275870891919 -17.0605640757885 -20.1305855231839 -23.2240548197365 -29.6674610902254 -13.912683729527 -14.095680832841 -16.9158222107912 -11.1795316671224 -16.5510958537762 -21.973322694533 -29.9078080939152 -37.8462205997047 -0.59223815902115 
-6.40000000000004 1.13654535135298 -8.06448264373688 -1.78520037504195 -1.37881501580608 -8.48399042937877 -15.5951760578561 -14.1103726502066 -16.9976532465493 -20.0219783036908 -23.0697512099896 -29.4674610902247 -13.9040765100346 -14.0413772230948 -16.8158222107911 -11.1967461061076 -16.6140066830152 -22.0819299140259 -30.062111703662 -38.0462205997053 -0.600663731218688 
-6.20000000000004 1.12309840633218 -8.10966239504051 -1.74002062373831 -1.38825619684376 -8.53861136172008 -15.6949767415011 -14.0910916554219 -16.933192500461 -19.9123378062989 -22.9149309612941 -29.2674610902255 -13.8944360126418 -13.9865569743983 -16.715822210791 -11.2160271008922 -16.6784674291034 -22.1915704114177 -30.2169319523574 -38.2462205997044 -0.61010491562666 
-6.00000000000004 1.10982319144736 -8.15426515842434 -1.69541786035449 -1.39883257874929 -8.59379050700945 -15.7947586501743 -14.0695027089564 -16.8670007906117 -19.8015433330658 -22.7595337246771 -29.0674610902247 -13.8836415394093 -13.931159737782 -16.6158222107908 -11.2376160473575 -16.7446591389526 -22.3023648846507 -30.3723291889742 -38.446220599705 -0.620681300533141 
-5.80000000000004 1.09673959399207 -8.19822411551626 -1.65145890326256 -1.41067677720667 -8.64959366255875 -15.8945207628155 -14.0453385373249 -16.7988776618882 -19.6894612472504 -22.6034926817699 -28.8674610902255 -13.871559453593 -13.8751186948738 -16.5158222107907 -11.2617802189889 -16.8127822676759 -22.4144469704659 -30.5283702318814 -38.6462205997041 -0.63252550166194 
-5.60000000000004 1.08386957010099 -8.24146549694315 -1.60821752183568 -1.42393544952537 -8.70609371630434 -15.994262197988 -14.0183040630317 -16.7286018061682 -19.5759440101035 -22.446734063196 -28.6674610902248 -13.8580422164467 -13.8183600763005 -16.4158222107906 -11.2888146932819 -16.8830581233958 -22.5279642076128 -30.6851288504551 -38.8462205997047 -0.645784176357991 
-5.40000000000004 1.0712372737418 -8.28390814893725 -1.56577486984157 -1.43877022254097 -8.76337114131404 -16.0939822749918 -13.9880746710089 -16.6559297621513 -19.4608293140925 -22.2891767151909 -28.4674610902255 -13.8429275204348 -13.7608027282945 -16.3158222107904 -11.3190440853045 -16.9557301674126 -22.6430789036236 -30.84268619846 -39.0462205997037 -0.660618951488403 
-5.20000000000004 1.05886915895738 -8.32546318981758 -1.52421982896124 -1.45535845096949 -8.82151441062289 -16.193680585181 -13.9542948345295 -16.5805948847915 -19.3439393958524 -22.1307317560705 -28.2674610902248 -13.8260376021953 -13.7023577691747 -16.2158222107903 -11.3528239217838 -17.0310650447722 -22.7599688218635 -31.0011311575803 -39.2462205997043 -0.677207181797282 
-5.00000000000004 1.04679403836739 -8.36603381343305 -1.48364920534578 -1.47389369123711 -8.88062027450597 -16.2933570726795 -13.9165773289922 -16.5023067556387 -19.2250806430841 -21.9713023796867 -28.0674610902256 -13.8071788494261 -13.64292839279 -16.1158222107902 -11.390541427321 -17.1093531739248 -22.8788275746317 -31.1605605339639 -39.4462205997034 -0.695742423735762 
-4.80000000000004 1.03504307531114 -8.40551531556149 -1.44416770321733 -1.49458573669908 -8.94079382209639 -16.3930121223984 -13.8745033375052 -16.4207512620233 -19.1040436473402 -21.8107838818144 -27.8674610902248 -13.7861418536828 -13.5824098949183 -16.01582221079 -11.4326154188078 -17.1909086675401 -22.9998645703754 -31.321079031836 -39.646220599704 -0.716434470681301 
-4.60000000000004 1.0236496804843 -8.44379544119482 -1.40588757758401 -1.51766001451972 -9.00214822555035 -16.4926466514857 -13.8276238400393 -16.335591638924 -18.9806038986077 -21.6490640074485 -27.6674610902256 -13.7627021049493 -13.5206900205515 -15.9158222107898 -11.4794949162736 -17.2760682906391 -23.1233043191078 -31.4827989062018 -39.846220599703 -0.739508749817957 
-4.40000000000004 1.01264927697771 -8.48075517397414 -1.36892784480468 -1.54335609555632 -9.06480403936627 -16.5922621980809 -13.7754627711558 -16.2464708372613 -18.8545233641656 -21.4860237402271 -27.4674610902249 -13.7366215705078 -13.4576497533307 -15.8158222107897 -11.5316559851569 -17.3651890923018 -23.2493848535497 -31.645839173423 -40.0462205997036 -0.765204832020548 
-4.20000000000004 1.00207889132633 -8.51627011020493 -1.3334129085739 -1.57192502359621 -9.12888790363695 -16.6918609985824 -13.717522516079 -16.1530156459537 -18.7255532366272 -21.3215386764579 -27.2674610902249 -13.707651442969 -13.3931646895611 -15.7158222107894 -11.5895962402335 -17.4586442836092 -23.3783549810879 -31.810324237192 -40.2462205997034 -0.793773761092015 
-4.00000000000004 0.991976524427059 -8.55021257248028 -1.29947044629855 -1.60362514230619 -9.19453048462229 -16.7914460418431 -13.6532923651804 -16.0548430327797 -18.5934381611779 -21.1554811387333 -27.0674610902249 -13.6755363675196 -13.3271071518363 -15.6158222107892 -11.653826391132 -17.556816896783 -23.5104700565371 -31.9763817749165 -40.4462205997033 -0.825473880713024 
-3.80000000000004 0.982380257966753 -8.5824546119509 -1.26722840682792 -1.638716107844 -9.26186348963072 -16.8910210863221 -13.5822605230629 -15.9515691511916 -18.4579222401192 -20.987723178204 -26.8674610902249 -13.6400204464607 -13.2593491913068 -15.5158222107891 -11.7248582332493 -17.660090778371 -23.6459859775957 -32.1441397354457 -40.6462205997031 -0.860564847053667 
-3.60000000000004 0.973327063368501 -8.61287201009001 -1.23681100868882 -1.67745085030792 -9.33101563023375 -16.9905906250643 -13.5039301156194 -15.842821345609 -18.3187570363974 -20.8181405763431 -26.667461090225 -13.6008552427388 -13.1897665894458 -15.415822210789 -11.8031886406927 -17.7688385839535 -23.7851511813173 -32.3137223373065 -40.8462205997029 -0.899299590223268 
-3.40000000000004 0.964851305789097 -8.64134930504101 -1.20833371373781 -1.72006541995476 -9.40210749483159 -17.0901597846131 -13.4178392954234 -15.728253230462 -18.1757116262994 -20.6466178712941 -26.467461090225 -13.5578098326407 -13.1182438843967 -15.3158222107889 -11.8892794608886 -17.8834066991003 -23.9281965914152 -32.4852450423553 -41.0462205997028 -0.941914160488547 
-3.20000000000004 0.956982978990254 -8.66778572218985 -1.18189729658897 -1.76676694980872 -9.47524544183439 -17.1897341487647 -13.3235849640188 -15.6075624819085 -18.0285844605971 -20.473054288443 -26.267461090225 -13.5106826669383 -13.0446803015454 -15.2158222107888 -11.9835337922931 -18.0040974476537 -24.0753237571174 -32.6588086252064 -41.2462205997027 -0.988615690882657 
-3.00000000000004 0.949745767943426 -8.69210168352692 -1.1575813352519 -1.81772038563057 -9.55051483899331 -17.2893195072607 -13.2208488093671 -15.4805103659198 -17.8772163832713 -20.2973702497801 -26.067461090225 -13.4593145896124 -12.9689962628824 -15.1158222107887 -12.0862699469447 -18.1311495636424 -24.2266918344431 -32.8344926638692 -41.4462205997026 -1.03956912717456 
-2.80000000000004 0.943155107813695 -8.71424532917487 -1.13543768960396 -1.87303512989473 -9.62797322890541 -17.3889215428208 -13.1094233919589 -15.3469413028636 -17.7215036745672 -20.119513895428 -25.8674610902251 -13.4036018809082 -12.8911399085303 -15.0158222107886 -12.1976953643528 -18.2647186266985 -24.3824045431471 -33.0123490182212 -41.6462205997025 -1.0948838718463 
-2.60000000000004 0.937216474033107 -8.73419826248985 -1.11548475628898 -1.93275320570245 -9.70764423802811 -17.4885454852585 -12.9892351252189 -15.2068001028086 -17.5614095411972 -19.9394668287431 -25.6674610902251 -13.3435077475381 -12.8110928418453 -14.9158222107886 -12.3178836310928 -18.4048598267534 -24.5424986765171 -33.1923960849061 -41.8462205997024 -1.15460194800638 
-2.40000000000004 0.931924173800752 -8.75197961044301 -1.09770340833581 -1.99684079931265 -9.78951317959148 -17.588195774775 -12.8603605170316 -15.0601441466681 -17.3969722371036 -19.7572481766963 -25.4674610902251 -13.2790704434444 -12.7288741897984 -14.8158222107886 -12.4467582392801 -18.5515157828939 -24.7069359806107 -33.3746147369529 -42.0462205997024 -1.21868954192088 
-2.20000000000004 0.927260888959751 -8.76764755948635 -1.08203545929248 -2.06518490921367 -9.87352523853584 -17.6878757827627 -12.723032313205 -14.9071479937982 -17.2283081351903 -19.5729161257396 -25.2674610902252 -13.2104063415311 -12.6445421388417 -14.7158222107886 -12.5840864431068 -18.7045119357639 -24.875600082524 -33.5589467879095 -42.2462205997023 -1.28703365208561 
-2.00000000000004 0.923198130329467 -8.78129782906348 -1.06838518971534 -2.13759622075221 -9.95958681965151 -17.7875876334555 -12.5776333915136 -14.7480988025297 -17.0556086743446 -19.3865663953168 -25.0674610902252 -13.1377068806853 -12.5581924084189 -14.6158222107886 -12.7294853647982 -18.8635611270324 -25.0482995433697 -33.7452965183324 -42.4462205997023 -1.3594449638556 
-1.80000000000004 0.919697615300322 -8.79305904309438 -1.05662397568444 -2.21381831214939 -10.0475701250796 -17.8873321529145 -12.4246782476372 -14.5833824446224 -16.8791311024065 -19.1983276093478 -24.8674610902253 -13.0612293087472 -12.4699536224498 -14.5158222107886 -12.8824405086746 -19.0282774849397 -25.2247771153079 -33.9335353043014 -42.6462205997023 -1.43566705546233 
-1.60000000000004 0.916713411953168 -8.80308552605057 -1.04659749272825 -2.29354214059207 -10.1373204364785 -17.9871089472695 -12.2647841794621 -14.4134618934911 -16.699184068319 -19.0083540923041 -24.6674610902254 -12.9812822746596 -12.379980105406 -14.4158222107886 -13.0423345768498 -19.1981980360711 -25.4047241493955 -34.1235088213453 -42.8462205997023 -1.51539088410696 
-1.40000000000004 0.914194556186175 -8.81154850979494 -1.03813450898388 -2.37642381333806 -10.2286650929688 -18.0869165875043 -12.0986361144397 -14.2388508447243 -16.5161100358078 -18.8168170760486 -24.4674610902255 -12.8982082421484 -12.2884430891504 -14.3158222107887 -13.2084826418724 -19.372809084838 -25.5877981819068 -34.3150458376009 -43.0462205997023 -1.5982725570693 
-1.20000000000004 0.912087785675283 -8.81862694787799 -1.03105607090083 -2.4621032107492 -10.321422928463 -18.1867528610815 -11.9269498667721 -14.0600861589737 -16.3302669119741 -18.6238955141318 -24.2674610902257 -12.8123651183145 -12.1955215272335 -14.2158222107887 -13.3801688895402 -19.5515737705889 -25.7736413057407 -34.5079673995179 -43.2462205997023 -1.68395195474815 
-1.00000000000004 0.91034005897788 -8.82449905172115 -1.02518396705768 -2.55022118756327 -10.4154130091202 -18.2866150455819 -11.750438282145 -13.8777024705034 -16.1420111196607 -18.4297676179753 -24.067461090226 -12.7241093260009 -12.1013936310768 -14.1158222107888 -13.5566804741676 -19.7339574590595 -25.9618970980545 -34.7020952956748 -43.4462205997024 -1.772069931947 
-0.800000000000041 0.908900620117976 -8.82933535391519 -1.02034766486364 -2.64043370314073 -10.5104618268917 -18.3865001655474 -11.5697834909216 -13.692211377086 -15.9516837240492 -18.2346039201697 -23.8674610902264 -12.6337819303891 -12.0062299332709 -14.0158222107889 -13.7373352653915 -19.9194485524775 -26.1522244936665 -34.8972589934808 -43.6462205997025 -1.86228244814781 
-0.600000000000041 0.907722489938635 -8.8332936974961 -1.01638932128273 -2.73242205694757 -10.6064085242795 -18.4864052065161 -11.3856168652451 -13.5040864078286 -15.7596004112109 -18.0385622637505 -23.6674610902263 -12.5416986175509 -11.9101882768518 -13.9158222107889 -13.9215018910688 -20.1075735217356 -26.3443078065055 -35.0933006499008 -43.8462205997033 -1.95427080304627 
-0.400000000000041 0.906763377399301 -8.83651617412051 -1.01316684465831 -2.82589917166325 -10.7031081156196 -18.5863272744806 -11.1985067717445 -13.3137538377036 -15.5660453644615 -17.8417847403767 -23.4674610902281 -12.4481435707999 -11.8134107534764 -13.8158222107891 -14.1086119845705 -20.2979060918618 -26.5378628532561 -35.2900781732758 -44.0462205997027 -2.04774791976293 
-0.200000000000041 0.905986083256892 -8.8391277677568 -1.01055525102203 -2.92061241064783 -10.8004329482404 -18.6862637007377 -11.0089531462904 -13.1215886186132 -15.3712685517348 -17.6443963340137 -23.2674610902288 -12.3533667580727 -11.7160223471129 -13.7158222107893 -14.2981656100263 -20.4900713109538 -26.7326396659844 -35.4874665796404 -44.2462205997037 -2.14246116251244 
-4.1133763062362e-14 0.905358509054395 -8.8412363244847 -1.00844669429412 -3.01634369600182 -10.8982727903223 -18.7862120995475 -10.8173873732052 -12.9279142888001 -15.1754856651938 -17.4465048907448 -23.067461090232 -12.2575838715288 -11.6181309038411 -13.6158222107895 -14.4897313831142 -20.6837456407696 -26.9284225525281 -35.685358022912 -44.4462205997031 -2.23819245506234 
