pO2 mew_e electrons holes VO{2} VO{1} VO{0} VM{-4} VM{-3} VM{-2} VM{-1} VM{0} Oi{-2} Oi{-1} Oi{0} Mi{4} Mi{3} Mi{2} Mi{1} Mi{0} Stoich
-35 1.7502685546875 -11.2923861412692 -11.2874153856256 -16.4794733420666 -22.3597470303899 -32.0614885432736 -30.883113310724 -39.4538360926665 -48.8689906596723 -61.9849685026899 -81.0568767478067 -29.9527340972773 -29.2714261245952 -29.0351668594415 -44.2457577441056 -46.562602795128 -55.0658899719601 -66.1767561245455 -78.8251399346538 0 
-34.8 1.7502685546875 -11.2923861412692 -11.2874153856256 -16.5794733420667 -22.45974703039 -32.1614885432737 -30.6831133107231 -39.2538360926655 -48.6689906596714 -61.7849685026889 -80.8568767478057 -29.8527340972772 -29.1714261245952 -28.9351668594415 -44.4457577441065 -46.762602795129 -55.2658899719611 -66.3767561245464 -79.0251399346548 0 
-34.6 1.7502685546875 -11.2923861412692 -11.2874153856256 -16.6794733420667 -22.55974703039 -32.2614885432737 -30.4831133107221 -39.0538360926645 -48.4689906596704 -61.5849685026879 -80.6568767478048 -29.7527340972772 -29.0714261245951 -28.8351668594414 -44.6457577441075 -46.96260279513 -55.4658899719621 -66.5767561245474 -79.2251399346557 0 
-34.4 1.7502685546875 -11.2923861412692 -11.2874153856256 -16.7794733420668 -22.6597470303901 -32.3614885432738 -30.2831133107229 -38.8538360926653 -48.2689906596712 -61.3849685026887 -80.4568767478056 -29.6527340972771 -28.9714261245951 -28.7351668594414 -44.8457577441067 -47.1626027951292 -55.6658899719613 -66.7767561245467 -79.425139934655 0 
-34.2 1.7502685546875 -11.2923861412692 -11.2874153856256 -16.8794733420668 -22.7597470303901 -32.4614885432738 -30.0831133107237 -38.6538360926661 -48.068990659672 -61.1849685026895 -80.2568767478063 -29.5527340972771 -28.871426124595 -28.6351668594413 -45.045757744106 -47.3626027951284 -55.8658899719605 -66.9767561245459 -79.6251399346542 0 
-34 1.7502685546875 -11.2923861412692 -11.2874153856256 -16.9794733420664 -22.8597470303897 -32.5614885432734 -29.8831133107227 -38.4538360926651 -47.868990659671 -60.9849685026885 -80.0568767478054 -29.4527340972775 -28.7714261245954 -28.5351668594417 -45.2457577441069 -47.5626027951294 -56.0658899719615 -67.1767561245468 -79.8251399346551 0 
-33.8 1.7502685546875 -11.2923861412692 -11.2874153856256 -17.0794733420665 -22.9597470303898 -32.6614885432735 -29.6831133107235 -38.2538360926659 -47.6689906596718 -60.7849685026893 -79.8568767478061 -29.3527340972774 -28.6714261245954 -28.4351668594417 -45.4457577441061 -47.7626027951286 -56.2658899719607 -67.376756124546 -80.0251399346544 0 
-33.6 1.7502685546875 -11.2923861412692 -11.2874153856256 -17.1794733420665 -23.0597470303898 -32.7614885432735 -29.4831133107242 -38.0538360926667 -47.4689906596725 -60.5849685026901 -79.6568767478069 -29.2527340972774 -28.5714261245953 -28.3351668594416 -45.6457577441054 -47.9626027951278 -56.4658899719599 -67.5767561245453 -80.2251399346536 0 
-33.4 1.7502685546875 -11.2923861412692 -11.2874153856256 -17.2794733420666 -23.1597470303899 -32.8614885432736 -29.2831133107233 -37.8538360926657 -47.2689906596716 -60.3849685026891 -79.4568767478059 -29.1527340972773 -28.4714261245953 -28.2351668594416 -45.8457577441063 -48.1626027951288 -56.6658899719609 -67.7767561245463 -80.4251399346546 0 
-33.2 1.7502685546875 -11.2923861412692 -11.2874153856256 -17.3794733420666 -23.2597470303899 -32.9614885432736 -29.0831133107223 -37.6538360926647 -47.0689906596706 -60.1849685026881 -79.256876747805 -29.0527340972773 -28.3714261245952 -28.1351668594415 -46.0457577441073 -48.3626027951298 -56.8658899719619 -67.9767561245472 -80.6251399346555 0 
-33 1.7502685546875 -11.2923861412692 -11.2874153856256 -17.4794733420667 -23.35974703039 -33.0614885432737 -28.8831133107231 -37.4538360926655 -46.8689906596714 -59.9849685026889 -79.0568767478058 -28.9527340972772 -28.2714261245952 -28.0351668594415 -46.2457577441065 -48.562602795129 -57.0658899719611 -68.1767561245464 -80.8251399346547 0 
-32.8 1.7502685546875 -11.2923861412692 -11.2874153856256 -17.5794733420667 -23.45974703039 -33.1614885432737 -28.6831133107239 -37.2538360926663 -46.6689906596722 -59.7849685026897 -78.8568767478066 -28.8527340972772 -28.1714261245952 -27.9351668594414 -46.4457577441057 -48.7626027951282 -57.2658899719603 -68.3767561245457 -81.025139934654 0 
-32.6 1.7502685546875 -11.2923861412692 -11.2874153856256 -17.6794733420668 -23.5597470303901 -33.2614885432738 -28.4831133107229 -37.0538360926653 -46.4689906596712 -59.5849685026887 -78.6568767478056 -28.7527340972771 -28.0714261245951 -27.8351668594414 -46.6457577441067 -48.9626027951292 -57.4658899719613 -68.5767561245466 -81.2251399346549 0 
-32.4 1.7502685546875 -11.2923861412692 -11.2874153856256 -17.7794733420668 -23.6597470303901 -33.3614885432738 -28.2831133107219 -36.8538360926643 -46.2689906596702 -59.3849685026877 -78.4568767478046 -28.6527340972771 -27.9714261245951 -27.7351668594413 -46.8457577441077 -49.1626027951302 -57.6658899719623 -68.7767561245476 -81.4251399346559 0 
-32.2 1.7502685546875 -11.2923861412692 -11.2874153856256 -17.8794733420664 -23.7597470303897 -33.4614885432734 -28.0831133107245 -36.6538360926669 -46.0689906596727 -59.1849685026903 -78.2568767478071 -28.5527340972775 -27.8714261245954 -27.6351668594417 -47.0457577441052 -49.3626027951276 -57.8658899719597 -68.9767561245451 -81.6251399346534 0 
-32 1.7502685546875 -11.2923861412692 -11.2874153856256 -17.9794733420665 -23.8597470303898 -33.5614885432735 -27.8831133107235 -36.4538360926659 -45.8689906596718 -58.9849685026893 -78.0568767478062 -28.4527340972774 -27.7714261245954 -27.5351668594417 -47.2457577441061 -49.5626027951286 -58.0658899719607 -69.176756124546 -81.8251399346543 0 
-31.8 1.7502685546875 -11.2923861412692 -11.2874153856256 -18.0794733420665 -23.9597470303898 -33.6614885432735 -27.6831133107225 -36.2538360926649 -45.6689906596708 -58.7849685026883 -77.8568767478052 -28.3527340972774 -27.6714261245953 -27.4351668594416 -47.4457577441071 -49.7626027951296 -58.2658899719617 -69.376756124547 -82.0251399346553 0 
-31.6 1.7502685546875 -11.2923861412692 -11.2874153856256 -18.1794733420666 -24.0597470303899 -33.7614885432736 -27.4831133107233 -36.0538360926657 -45.4689906596716 -58.5849685026891 -77.656876747806 -28.2527340972773 -27.5714261245953 -27.3351668594416 -47.6457577441063 -49.9626027951288 -58.4658899719609 -69.5767561245462 -82.2251399346545 0 
-31.4 1.7502685546875 -11.2923861412692 -11.2874153856256 -18.2794733420666 -24.1597470303899 -33.8614885432736 -27.2831133107241 -35.8538360926665 -45.2689906596724 -58.3849685026899 -77.4568767478067 -28.1527340972773 -27.4714261245953 -27.2351668594415 -47.8457577441055 -50.162602795128 -58.6658899719601 -69.7767561245454 -82.4251399346538 0 
-31.2 1.7502685546875 -11.2923861412692 -11.2874153856256 -18.3794733420667 -24.25974703039 -33.9614885432737 -27.0831133107231 -35.6538360926655 -45.0689906596714 -58.1849685026889 -77.2568767478058 -28.0527340972772 -27.3714261245952 -27.1351668594415 -48.0457577441065 -50.362602795129 -58.8658899719611 -69.9767561245464 -82.6251399346547 0 
-31 1.7502685546875 -11.2923861412692 -11.2874153856256 -18.4794733420667 -24.35974703039 -34.0614885432737 -26.8831133107221 -35.4538360926646 -44.8689906596704 -57.9849685026879 -77.0568767478048 -27.9527340972772 -27.2714261245952 -27.0351668594414 -48.2457577441075 -50.56260279513 -59.0658899719621 -70.1767561245474 -82.8251399346557 0 
-30.8 1.7502685546875 -11.2923861412692 -11.2874153856256 -18.5794733420668 -24.4597470303901 -34.1614885432737 -26.6831133107229 -35.2538360926653 -44.6689906596712 -57.7849685026887 -76.8568767478056 -27.8527340972772 -27.1714261245951 -26.9351668594414 -48.4457577441067 -50.7626027951292 -59.2658899719613 -70.3767561245466 -83.0251399346549 0 
-30.6 1.7502685546875 -11.2923861412692 -11.2874153856256 -18.6794733420668 -24.5597470303901 -34.2614885432738 -26.4831133107237 -35.0538360926661 -44.468990659672 -57.5849685026895 -76.6568767478064 -27.7527340972771 -27.0714261245951 -26.8351668594413 -48.6457577441059 -50.9626027951284 -59.4658899719605 -70.5767561245458 -83.2251399346541 0 
-30.4 1.7502685546875 -11.2923861412692 -11.2874153856256 -18.7794733420664 -24.6597470303897 -34.3614885432734 -26.2831133107227 -34.8538360926651 -44.268990659671 -57.3849685026885 -76.4568767478054 -27.6527340972775 -26.9714261245954 -26.7351668594417 -48.8457577441069 -51.1626027951294 -59.6658899719615 -70.7767561245468 -83.4251399346551 0 
-30.2 1.7502685546875 -11.2923861412692 -11.2874153856256 -18.8794733420665 -24.7597470303898 -34.4614885432735 -26.0831133107235 -34.6538360926659 -44.0689906596718 -57.1849685026893 -76.2568767478062 -27.5527340972774 -26.8714261245954 -26.6351668594417 -49.0457577441061 -51.3626027951286 -59.8658899719607 -70.976756124546 -83.6251399346543 0 
-30 1.7502685546875 -11.2923861412692 -11.2874153856256 -18.9794733420665 -24.8597470303898 -34.5614885432735 -25.8831133107243 -34.4538360926667 -43.8689906596726 -56.9849685026901 -76.056876747807 -27.4527340972774 -26.7714261245954 -26.5351668594416 -49.2457577441053 -51.5626027951278 -60.0658899719599 -71.1767561245452 -83.8251399346535 0 
-29.8 1.7502685546875 -11.2923861412692 -11.2874153856256 -19.0794733420666 -24.9597470303899 -34.6614885432735 -25.6831133107233 -34.2538360926657 -43.6689906596716 -56.7849685026891 -75.856876747806 -27.3527340972773 -26.6714261245953 -26.4351668594416 -49.4457577441063 -51.7626027951288 -60.2658899719609 -71.3767561245462 -84.0251399346545 0 
-29.6 1.7502685546875 -11.2923861412692 -11.2874153856256 -19.1794733420666 -25.0597470303899 -34.7614885432736 -25.4831133107223 -34.0538360926648 -43.4689906596706 -56.5849685026881 -75.656876747805 -27.2527340972773 -26.5714261245953 -26.3351668594415 -49.6457577441073 -51.9626027951298 -60.4658899719618 -71.5767561245472 -84.2251399346555 0 
-29.4 1.7502685546875 -11.2923861412692 -11.2874153856256 -19.2794733420667 -25.15974703039 -34.8614885432737 -25.2831133107231 -33.8538360926655 -43.2689906596714 -56.3849685026889 -75.4568767478058 -27.1527340972773 -26.4714261245952 -26.2351668594415 -49.8457577441065 -52.162602795129 -60.6658899719611 -71.7767561245464 -84.4251399346547 0 
-29.2 1.7502685546875 -11.2923861412692 -11.2874153856256 -19.3794733420667 -25.25974703039 -34.9614885432737 -25.0831133107239 -33.6538360926663 -43.0689906596722 -56.1849685026897 -75.2568767478066 -27.0527340972772 -26.3714261245952 -26.1351668594414 -50.0457577441057 -52.3626027951282 -60.8658899719603 -71.9767561245456 -84.6251399346539 0 
-29 1.7502685546875 -11.2923861412692 -11.2874153856256 -19.4794733420668 -25.3597470303901 -35.0614885432737 -24.8831133107229 -33.4538360926653 -42.8689906596712 -55.9849685026887 -75.0568767478056 -26.9527340972772 -26.2714261245951 -26.0351668594414 -50.2457577441067 -52.5626027951292 -61.0658899719613 -72.1767561245466 -84.8251399346549 0 
-28.8 1.7502685546875 -11.2923861412692 -11.2874153856256 -19.5794733420668 -25.4597470303901 -35.1614885432738 -24.6831133107219 -33.2538360926644 -42.6689906596702 -55.7849685026877 -74.8568767478046 -26.8527340972771 -26.1714261245951 -25.9351668594413 -50.4457577441077 -52.7626027951302 -61.2658899719622 -72.3767561245476 -85.0251399346559 0 
-28.6 1.7502685546875 -11.2923861412692 -11.2874153856256 -19.6794733420664 -25.5597470303897 -35.2614885432734 -24.4831133107245 -33.0538360926669 -42.4689906596728 -55.5849685026903 -74.6568767478072 -26.7527340972775 -26.0714261245955 -25.8351668594417 -50.6457577441051 -52.9626027951276 -61.4658899719597 -72.576756124545 -85.2251399346533 0 
-28.4 1.7502685546875 -11.2923861412692 -11.2874153856256 -19.7794733420665 -25.6597470303898 -35.3614885432735 -24.2831133107235 -32.8538360926659 -42.2689906596718 -55.3849685026893 -74.4568767478062 -26.6527340972775 -25.9714261245954 -25.7351668594417 -50.8457577441061 -53.1626027951286 -61.6658899719607 -72.776756124546 -85.4251399346543 0 
-28.2 1.7502685546875 -11.2923861412692 -11.2874153856256 -19.8794733420665 -25.7597470303898 -35.4614885432735 -24.0831133107225 -32.653836092665 -42.0689906596708 -55.1849685026883 -74.2568767478052 -26.5527340972774 -25.8714261245954 -25.6351668594416 -51.0457577441071 -53.3626027951296 -61.8658899719616 -72.976756124547 -85.6251399346553 0 
-28 1.7502685546875 -11.2923861412692 -11.2874153856256 -19.9794733420666 -25.8597470303899 -35.5614885432735 -23.8831133107233 -32.4538360926657 -41.8689906596716 -54.9849685026891 -74.056876747806 -26.4527340972774 -25.7714261245953 -25.5351668594416 -51.2457577441063 -53.5626027951288 -62.0658899719609 -73.1767561245462 -85.8251399346545 0 
-27.8 1.7502685546875 -11.2923861412692 -11.2874153856256 -20.0794733420666 -25.9597470303899 -35.6614885432736 -23.6831133107241 -32.2538360926665 -41.6689906596724 -54.7849685026899 -73.8568767478068 -26.3527340972773 -25.6714261245953 -25.4351668594415 -51.4457577441055 -53.762602795128 -62.2658899719601 -73.3767561245454 -86.0251399346537 0 
-27.6 1.7502685546875 -11.2923861412692 -11.2874153856256 -20.1794733420667 -26.0597470303899 -35.7614885432736 -23.4831133107231 -32.0538360926656 -41.4689906596714 -54.5849685026889 -73.6568767478058 -26.2527340972773 -25.5714261245952 -25.3351668594415 -51.6457577441065 -53.962602795129 -62.465889971961 -73.5767561245464 -86.2251399346547 0 
-27.4 1.7502685546875 -11.2923861412692 -11.2874153856256 -20.2794733420667 -26.15974703039 -35.8614885432737 -23.2831133107221 -31.8538360926646 -41.2689906596704 -54.384968502688 -73.4568767478048 -26.1527340972772 -25.4714261245952 -25.2351668594414 -51.8457577441075 -54.1626027951299 -62.665889971962 -73.7767561245474 -86.4251399346557 0 
-27.2 1.7502685546875 -11.2923861412692 -11.2874153856256 -20.3794733420668 -26.25974703039 -35.9614885432737 -23.0831133107229 -31.6538360926654 -41.0689906596712 -54.1849685026887 -73.2568767478056 -26.0527340972772 -25.3714261245951 -25.1351668594414 -52.0457577441067 -54.3626027951292 -62.8658899719612 -73.9767561245466 -86.6251399346549 0 
-27 1.7502685546875 -11.2923861412692 -11.2874153856256 -20.4794733420668 -26.3597470303901 -36.0614885432738 -22.8831133107237 -31.4538360926661 -40.868990659672 -53.9849685026895 -73.0568767478064 -25.9527340972771 -25.2714261245951 -25.0351668594413 -52.2457577441059 -54.5626027951284 -63.0658899719605 -74.1767561245458 -86.8251399346541 0 
-26.8 1.7502685546875 -11.2923861412692 -11.2874153856256 -20.5794733420669 -26.4597470303901 -36.1614885432738 -22.6831133107227 -31.2538360926652 -40.668990659671 -53.7849685026885 -72.8568767478054 -25.8527340972771 -25.171426124595 -24.9351668594413 -52.4457577441069 -54.7626027951294 -63.2658899719614 -74.3767561245468 -87.0251399346551 0 
-26.6 1.7502685546875 -11.2923861412692 -11.2874153856256 -20.6794733420665 -26.5597470303898 -36.2614885432734 -22.4831133107235 -31.053836092666 -40.4689906596718 -53.5849685026893 -72.6568767478062 -25.7527340972775 -25.0714261245954 -24.8351668594417 -52.6457577441061 -54.9626027951286 -63.4658899719606 -74.576756124546 -87.2251399346543 0 
-26.4 1.7502685546875 -11.2923861412692 -11.2874153856256 -20.7794733420665 -26.6597470303898 -36.3614885432735 -22.2831133107243 -30.8538360926667 -40.2689906596726 -53.3849685026901 -72.456876747807 -25.6527340972774 -24.9714261245954 -24.7351668594416 -52.8457577441053 -55.1626027951278 -63.6658899719599 -74.7767561245452 -87.4251399346535 0 
-26.2 1.7502685546875 -11.2923861412692 -11.2874153856256 -20.8794733420666 -26.7597470303898 -36.4614885432735 -22.0831133107233 -30.6538360926658 -40.0689906596716 -53.1849685026891 -72.256876747806 -25.5527340972774 -24.8714261245953 -24.6351668594416 -53.0457577441063 -55.3626027951288 -63.8658899719608 -74.9767561245462 -87.6251399346545 0 
-26 1.7502685546875 -11.2923861412692 -11.2874153856256 -20.9794733420666 -26.8597470303899 -36.5614885432736 -21.8831133107223 -30.4538360926648 -39.8689906596706 -52.9849685026882 -72.056876747805 -25.4527340972773 -24.7714261245953 -24.5351668594415 -53.2457577441073 -55.5626027951297 -64.0658899719618 -75.1767561245472 -87.8251399346555 0 
-25.8 1.7502685546875 -11.2923861412692 -11.2874153856256 -21.0794733420667 -26.9597470303899 -36.6614885432736 -21.6831133107231 -30.2538360926656 -39.6689906596714 -52.7849685026889 -71.8568767478058 -25.3527340972773 -24.6714261245952 -24.4351668594415 -53.4457577441065 -55.762602795129 -64.265889971961 -75.3767561245464 -88.0251399346547 0 
-25.6 1.7502685546875 -11.2923861412692 -11.2874153856256 -21.1794733420667 -27.05974703039 -36.7614885432737 -21.4831133107239 -30.0538360926664 -39.4689906596722 -52.5849685026897 -71.6568767478066 -25.2527340972772 -24.5714261245952 -24.3351668594414 -53.6457577441057 -55.9626027951282 -64.4658899719603 -75.5767561245456 -88.2251399346539 0 
-25.4 1.7502685546875 -11.2923861412692 -11.2874153856256 -21.2794733420668 -27.15974703039 -36.8614885432737 -21.2831133107229 -29.8538360926654 -39.2689906596712 -52.3849685026887 -71.4568767478056 -25.1527340972772 -24.4714261245951 -24.2351668594414 -53.8457577441067 -56.1626027951291 -64.6658899719612 -75.7767561245466 -88.4251399346549 0 
-25.2 1.7502685546875 -11.2923861412692 -11.2874153856256 -21.3794733420668 -27.2597470303901 -36.9614885432738 -21.083113310722 -29.6538360926644 -39.0689906596703 -52.1849685026878 -71.2568767478046 -25.0527340972771 -24.3714261245951 -24.1351668594413 -54.0457577441076 -56.3626027951301 -64.8658899719622 -75.9767561245476 -88.6251399346559 0 
-25 1.7502685546875 -11.2923861412692 -11.2874153856256 -21.4794733420669 -27.3597470303901 -37.0614885432738 -20.8831133107227 -29.4538360926652 -38.868990659671 -51.9849685026886 -71.0568767478054 -24.9527340972771 -24.271426124595 -24.0351668594413 -54.2457577441069 -56.5626027951293 -65.0658899719614 -76.1767561245468 -88.8251399346551 0 
-24.8 1.7502685546875 -11.2923861412692 -11.2874153856256 -21.5794733420665 -27.4597470303897 -37.1614885432734 -20.6831133107235 -29.253836092666 -38.6689906596718 -51.7849685026893 -70.8568767478062 -24.8527340972775 -24.1714261245954 -23.9351668594417 -54.4457577441061 -56.7626027951286 -65.2658899719606 -76.376756124546 -89.0251399346543 0 
-24.6 1.7502685546875 -11.2923861412692 -11.2874153856256 -21.6794733420665 -27.5597470303898 -37.2614885432735 -20.4831133107226 -29.053836092665 -38.4689906596708 -51.5849685026884 -70.6568767478052 -24.7527340972774 -24.0714261245954 -23.8351668594416 -54.6457577441071 -56.9626027951295 -65.4658899719616 -76.576756124547 -89.2251399346553 0 
-24.4 1.7502685546875 -11.2923861412692 -11.2874153856256 -21.7794733420666 -27.6597470303898 -37.3614885432735 -20.2831133107233 -28.8538360926658 -38.2689906596716 -51.3849685026892 -70.456876747806 -24.6527340972774 -23.9714261245953 -23.7351668594416 -54.8457577441063 -57.1626027951287 -65.6658899719608 -76.7767561245462 -89.4251399346545 0 
-24.2 1.7502685546875 -11.2923861412692 -11.2874153856256 -21.8794733420666 -27.7597470303899 -37.4614885432736 -20.0831133107241 -28.6538360926666 -38.0689906596724 -51.1849685026899 -70.2568767478068 -24.5527340972773 -23.8714261245953 -23.6351668594415 -55.0457577441055 -57.362602795128 -65.86588997196 -76.9767561245454 -89.6251399346537 0 
-24 1.7502685546875 -11.2923861412692 -11.2874153856256 -21.9794733420667 -27.8597470303899 -37.5614885432736 -19.8831133107231 -28.4538360926656 -37.8689906596714 -50.984968502689 -70.0568767478058 -24.4527340972773 -23.7714261245952 -23.5351668594415 -55.2457577441065 -57.5626027951289 -66.065889971961 -77.1767561245464 -89.8251399346547 0 
-23.8 1.7502685546875 -11.2923861412692 -11.2874153856256 -22.0794733420667 -27.95974703039 -37.6614885432737 -19.6831133107222 -28.2538360926646 -37.6689906596705 -50.784968502688 -69.8568767478048 -24.3527340972772 -23.6714261245952 -23.4351668594414 -55.4457577441074 -57.7626027951299 -66.265889971962 -77.3767561245474 -90.0251399346556 0 
-23.6 1.7502685546875 -11.2923861412692 -11.2874153856256 -22.1794733420667 -28.05974703039 -37.7614885432737 -19.4831133107229 -28.0538360926654 -37.4689906596712 -50.5849685026888 -69.6568767478056 -24.2527340972772 -23.5714261245951 -23.3351668594414 -55.6457577441067 -57.9626027951291 -66.4658899719612 -77.5767561245466 -90.2251399346549 0 
-23.4 1.7502685546875 -11.2923861412692 -11.2874153856256 -22.2794733420668 -28.1597470303901 -37.8614885432738 -19.2831133107237 -27.8538360926662 -37.268990659672 -50.3849685026895 -69.4568767478064 -24.1527340972771 -23.4714261245951 -23.2351668594413 -55.8457577441059 -58.1626027951284 -66.6658899719604 -77.7767561245458 -90.4251399346541 0 
-23.2 1.7502685546875 -11.2923861412692 -11.2874153856256 -22.3794733420668 -28.2597470303901 -37.9614885432738 -19.0831133107228 -27.6538360926652 -37.0689906596711 -50.1849685026886 -69.2568767478054 -24.0527340972771 -23.371426124595 -23.1351668594413 -56.0457577441069 -58.3626027951293 -66.8658899719614 -77.9767561245468 -90.6251399346551 0 
-23 1.7502685546875 -11.2923861412692 -11.2874153856256 -22.4794733420665 -28.3597470303897 -38.0614885432734 -18.8831133107235 -27.453836092666 -36.8689906596718 -49.9849685026894 -69.0568767478062 -23.9527340972775 -23.2714261245954 -23.0351668594417 -56.2457577441061 -58.5626027951285 -67.0658899719606 -78.176756124546 -90.8251399346543 0 
-22.8 1.7502685546875 -11.2923861412692 -11.2874153856256 -22.5794733420665 -28.4597470303898 -38.1614885432735 -18.6831133107243 -27.2538360926668 -36.6689906596726 -49.7849685026901 -68.856876747807 -23.8527340972774 -23.1714261245954 -22.9351668594416 -56.4457577441053 -58.7626027951278 -67.2658899719598 -78.3767561245452 -91.0251399346535 0 
-22.6 1.7502685546875 -11.2923861412692 -11.2874153856256 -22.6794733420666 -28.5597470303898 -38.2614885432735 -18.4831133107234 -27.0538360926658 -36.4689906596716 -49.5849685026892 -68.656876747806 -23.7527340972774 -23.0714261245953 -22.8351668594416 -56.6457577441063 -58.9626027951287 -67.4658899719608 -78.5767561245462 -91.2251399346545 0 
-22.4 1.7502685546875 -11.2923861412692 -11.2874153856256 -22.7794733420666 -28.6597470303899 -38.3614885432736 -18.2831133107224 -26.8538360926648 -36.2689906596707 -49.3849685026882 -68.456876747805 -23.6527340972773 -22.9714261245953 -22.7351668594415 -56.8457577441072 -59.1626027951297 -67.6658899719618 -78.7767561245471 -91.4251399346554 0 
-22.2 1.7502685546875 -11.2923861412692 -11.2874153856256 -22.8794733420666 -28.7597470303899 -38.4614885432736 -18.0831133107232 -26.6538360926656 -36.0689906596715 -49.184968502689 -68.2568767478058 -23.5527340972773 -22.8714261245952 -22.6351668594415 -57.0457577441065 -59.3626027951289 -67.865889971961 -78.9767561245464 -91.6251399346547 0 
-22 1.7502685546875 -11.2923861412692 -11.2874153856256 -22.9794733420667 -28.85974703039 -38.5614885432737 -17.8831133107239 -26.4538360926664 -35.8689906596722 -48.9849685026898 -68.0568767478066 -23.4527340972772 -22.7714261245952 -22.5351668594415 -57.2457577441057 -59.5626027951281 -68.0658899719602 -79.1767561245456 -91.8251399346539 0 
-21.8 1.7502685546875 -11.2923861412692 -11.2874153856256 -23.0794733420667 -28.95974703039 -38.6614885432737 -17.683113310723 -26.2538360926654 -35.6689906596713 -48.7849685026888 -67.8568767478056 -23.3527340972772 -22.6714261245951 -22.4351668594414 -57.4457577441066 -59.7626027951291 -68.2658899719612 -79.3767561245466 -92.0251399346548 0 
-21.6 1.7502685546875 -11.2923861412692 -11.2874153856256 -23.1794733420668 -29.0597470303901 -38.7614885432738 -17.483113310722 -26.0538360926644 -35.4689906596703 -48.5849685026878 -67.6568767478047 -23.2527340972771 -22.5714261245951 -22.3351668594414 -57.6457577441076 -59.9626027951301 -68.4658899719622 -79.5767561245475 -92.2251399346558 0 
-21.4 1.7502685546875 -11.2923861412692 -11.2874153856256 -23.2794733420668 -29.1597470303901 -38.8614885432738 -17.2831133107228 -25.8538360926652 -35.2689906596711 -48.3849685026886 -67.4568767478055 -23.1527340972771 -22.471426124595 -22.2351668594413 -57.8457577441068 -60.1626027951293 -68.6658899719614 -79.7767561245468 -92.425139934655 0 
-21.2 1.7502685546875 -11.2923861412692 -11.2874153856256 -23.3794733420664 -29.2597470303897 -38.9614885432734 -17.0831133107236 -25.653836092666 -35.0689906596718 -48.1849685026894 -67.2568767478062 -23.0527340972775 -22.3714261245954 -22.1351668594417 -58.0457577441061 -60.3626027951285 -68.8658899719606 -79.976756124546 -92.6251399346543 0 
-21 1.7502685546875 -11.2923861412692 -11.2874153856256 -23.4794733420665 -29.3597470303898 -39.0614885432735 -16.8831133107226 -25.453836092665 -34.8689906596709 -47.9849685026884 -67.0568767478052 -22.9527340972774 -22.2714261245954 -22.0351668594417 -58.245757744107 -60.5626027951295 -69.0658899719616 -80.1767561245469 -92.8251399346552 0 
-20.8 1.7502685546875 -11.2923861412692 -11.2874153856256 -23.5794733420665 -29.4597470303898 -39.1614885432735 -16.6831133107234 -25.2538360926658 -34.6689906596717 -47.7849685026892 -66.856876747806 -22.8527340972774 -22.1714261245953 -21.9351668594416 -58.4457577441062 -60.7626027951287 -69.2658899719608 -80.3767561245462 -93.0251399346545 0 
-20.6 1.7502685546875 -11.2923861412692 -11.2874153856256 -23.6794733420666 -29.5597470303899 -39.2614885432736 -16.4831133107241 -25.0538360926666 -34.4689906596724 -47.58496850269 -66.6568767478068 -22.7527340972773 -22.0714261245953 -21.8351668594416 -58.6457577441055 -60.9626027951279 -69.46588997196 -80.5767561245454 -93.2251399346537 -15.0514997831991 
-20.4 1.7502685546875 -11.2923861412692 -11.2874153856256 -23.7794733420666 -29.6597470303899 -39.3614885432736 -16.2831133107232 -24.8538360926656 -34.2689906596715 -47.384968502689 -66.4568767478059 -22.6527340972773 -21.9714261245952 -21.7351668594415 -58.8457577441064 -61.1626027951289 -69.665889971961 -80.7767561245464 -93.4251399346547 -15.0514997831991 
-20.2 1.7502685546875 -11.2923861412692 -11.2874153856256 -23.8794733420667 -29.75974703039 -39.4614885432737 -16.0831133107222 -24.6538360926646 -34.0689906596705 -47.184968502688 -66.2568767478049 -22.5527340972772 -21.8714261245952 -21.6351668594415 -59.0457577441074 -61.3626027951299 -69.865889971962 -80.9767561245473 -93.6251399346556 -15.0514997831991 
-20 1.7502685546875 -11.2923861412692 -11.2874153856256 -23.9794733420667 -29.85974703039 -39.5614885432737 -15.883113310723 -24.4538360926654 -33.8689906596713 -46.9849685026888 -66.0568767478056 -22.4527340972772 -21.7714261245951 -21.5351668594414 -59.2457577441066 -61.5626027951291 -70.0658899719612 -81.1767561245465 -93.8251399346548 -14.8754085241434 
-19.8 1.7502685546875 -11.2923861412692 -11.2874153856256 -24.0794733420668 -29.9597470303901 -39.6614885432738 -15.6831133107238 -24.2538360926662 -33.6689906596721 -46.7849685026896 -65.8568767478064 -22.3527340972771 -21.6714261245951 -21.4351668594414 -59.4457577441058 -61.7626027951283 -70.2658899719604 -81.3767561245458 -94.0251399346541 -14.5743785284794 
-19.6 1.7502685546875 -11.2923861412692 -11.2874153856256 -24.1794733420668 -30.0597470303901 -39.7614885432738 -15.4831133107228 -24.0538360926652 -33.4689906596711 -46.5849685026886 -65.6568767478055 -22.2527340972771 -21.571426124595 -21.3351668594413 -59.6457577441068 -61.9626027951293 -70.4658899719614 -81.5767561245467 -94.225139934655 -14.3982872694237 
-19.4 1.7502685546875 -11.2923861412692 -11.2874153856256 -24.2794733420664 -30.1597470303897 -39.8614885432734 -15.2831133107236 -23.853836092666 -33.2689906596719 -46.3849685026894 -65.4568767478062 -22.1527340972775 -21.4714261245954 -21.2351668594417 -59.845757744106 -62.1626027951285 -70.6658899719606 -81.776756124546 -94.4251399346542 -14.2064017431848 
-19.2 1.7502685546875 -11.2923861412692 -11.2874153856256 -24.3794733420665 -30.2597470303898 -39.9614885432735 -15.0831133107244 -23.6538360926668 -33.0689906596727 -46.1849685026902 -65.256876747807 -22.0527340972774 -21.3714261245954 -21.1351668594417 -60.0457577441053 -62.3626027951277 -70.8658899719598 -81.9767561245452 -94.6251399346535 -13.9908019428454 
-19 1.7502685546875 -11.2923861412692 -11.2874153856256 -24.4794733420665 -30.3597470303898 -40.0614885432735 -14.8831133107234 -23.4538360926658 -32.8689906596717 -45.9849685026892 -65.056876747806 -21.9527340972774 -21.2714261245953 -21.0351668594416 -60.2457577441062 -62.5626027951287 -71.0658899719608 -82.1767561245461 -94.8251399346544 -13.7962272780958 
-18.8 1.7502685546875 -11.2923861412692 -11.2874153856256 -24.5794733420666 -30.4597470303899 -40.1614885432736 -14.6831133107224 -23.2538360926648 -32.6689906596707 -45.7849685026882 -64.8568767478051 -21.8527340972773 -21.1714261245953 -20.9351668594416 -60.4457577441072 -62.7626027951297 -71.2658899719618 -82.3767561245471 -95.0251399346554 -13.6043417518568 
-18.6 1.7502685546875 -11.2923861412692 -11.2874153856256 -24.6794733420666 -30.5597470303899 -40.2614885432736 -14.4831133107232 -23.0538360926656 -32.4689906596715 -45.584968502689 -64.6568767478059 -21.7527340972773 -21.0714261245952 -20.8351668594415 -60.6457577441064 -62.9626027951289 -71.465889971961 -82.5767561245463 -95.2251399346546 -13.4031397722181 
-18.4 1.7502685546875 -11.2923861412692 -11.2874153856256 -24.7794733420667 -30.65974703039 -40.3614885432737 -14.283113310724 -22.8538360926664 -32.2689906596723 -45.3849685026898 -64.4568767478066 -21.6527340972772 -20.9714261245952 -20.7351668594415 -60.8457577441056 -63.1626027951281 -71.6658899719602 -82.7767561245456 -95.4251399346538 -13.2033106662077 
-18.2 1.7502685546875 -11.2923861412692 -11.2874153856256 -24.8794733420667 -30.75974703039 -40.4614885432737 -14.083113310723 -22.6538360926654 -32.0689906596713 -45.1849685026888 -64.2568767478057 -21.5527340972772 -20.8714261245951 -20.6351668594414 -61.0457577441066 -63.3626027951291 -71.8658899719612 -82.9767561245465 -95.6251399346548 -13.0022817605289 
-18 1.7502685546875 -11.2923861412692 -11.2874153856256 -24.9794733420668 -30.8597470303901 -40.5614885432738 -13.883113310722 -22.4538360926645 -31.8689906596703 -44.9849685026878 -64.0568767478047 -21.4527340972771 -20.7714261245951 -20.5351668594414 -61.2457577441076 -63.5626027951301 -72.0658899719621 -83.1767561245475 -95.8251399346558 -12.8035265168373 
-17.8 1.7502685546875 -11.2923861412692 -11.2874153856256 -25.0794733420668 -30.9597470303901 -40.6614885432738 -13.6831133107228 -22.2538360926652 -31.6689906596711 -44.7849685026886 -63.8568767478055 -21.3527340972771 -20.6714261245951 -20.4351668594413 -61.4457577441068 -63.7626027951293 -72.2658899719614 -83.3767561245467 -96.025139934655 -12.6035669176069 
-17.6 1.7502685546875 -11.2923861412692 -11.2874153856256 -25.1794733420664 -31.0597470303897 -40.7614885432734 -13.4831133107236 -22.053836092666 -31.4689906596719 -44.5849685026894 -63.6568767478063 -21.2527340972775 -20.5714261245954 -20.3351668594417 -61.645757744106 -63.9626027951285 -72.4658899719606 -83.5767561245459 -96.2251399346542 -12.4041168130844 
-17.4 1.74942626953125 -11.2989168040092 -11.2808847228856 -25.2664120165865 -31.1532163676498 -40.8614885432735 -13.3092359616826 -21.8734280808851 -31.2820519851509 -44.3914991654284 -63.4568767478053 -21.1657954227574 -20.4779567873354 -20.2351668594417 -61.819635093147 -64.1430108069095 -72.6528286464816 -83.7702254618069 -96.4251399346552 -12.2299862547943 
-17.2 1.748583984375 -11.3054474667492 -11.2743540601456 -25.3533506911066 -31.2466857049098 -40.9614885432735 -13.1353586126434 -21.6930200691058 -31.0951133106317 -44.1980298281692 -63.2568767478061 -21.0788567482374 -20.3844874500753 -20.1351668594416 -61.9935124421863 -64.3234188186887 -72.8397673210008 -83.9636947990661 -96.6251399346544 -12.0560839846566 
-17 1.748583984375 -11.3054474667492 -11.2743540601456 -25.4533506911066 -31.3466857049099 -41.0614885432736 -12.9353586126442 -21.4930200691066 -30.8951133106325 -43.99802982817 -63.0568767478069 -20.9788567482373 -20.2844874500753 -20.0351668594416 -62.1935124421855 -64.5234188186879 -73.039767321 -84.1636947990654 -96.8251399346536 -11.8560152601653 
-16.8 1.7468994140625 -11.3185087922292 -11.2612927346656 -25.5272280401467 -31.4336243794299 -41.1614885432736 -12.7876039145632 -21.3322040455457 -30.7212359615915 -43.8110911536491 -62.8568767478059 -20.9049793991973 -20.1975487755552 -19.9351668594415 -62.3412671402665 -64.684234842249 -73.213644670041 -84.3506334735864 -97.0251399346546 -11.7083867283531 
-16.6 1.74521484375 -11.3315701177092 -11.2482314091856 -25.6011053891867 -31.52056305395 -41.2614885432737 -12.6398492164822 -21.1713880219847 -30.5473586125505 -43.6241524791281 -62.656876747805 -20.8311020501572 -20.1106101010352 -19.8351668594415 -62.4890218383475 -64.84505086581 -73.387522019082 -84.5375721481073 -97.2251399346556 -11.5606988311882 
-16.4 1.7435302734375 -11.3446314431892 -11.2351700837057 -25.6749827382268 -31.6075017284701 -41.3614885432737 -12.492094518403 -21.0105719984255 -30.3734812635114 -43.4372138046089 -62.4568767478058 -20.7572247011171 -20.0236714265151 -19.7351668594414 -62.6367765364268 -65.0058668893692 -73.5613993681212 -84.7245108226266 -97.4251399346548 -11.4129106999063 
-16.2 1.74100341796875 -11.3642234314091 -11.2155780954857 -25.7357987617869 -31.6879097402501 -41.4614885432737 -12.3704624712837 -20.8693479630862 -30.2126652399521 -43.2568057928297 -62.2568767478067 -20.696408677557 -19.943263414735 -19.6351668594414 -62.7584085835461 -65.1470909247085 -73.7222153916805 -84.9049188344058 -97.625139934654 -11.2913035537439 
-16 1.7384765625 -11.3838154196291 -11.1959861072657 -25.796614785347 -31.7683177520302 -41.5614885432738 -12.2488304241628 -20.7281239277453 -30.0518492163912 -43.0763977810488 -62.0568767478057 -20.635592653997 -19.862855402955 -19.5351668594413 -62.8800406306671 -65.2883149600495 -73.8830314152415 -85.0853268461868 -97.825139934655 -11.1696303113148 
-15.8 1.735107421875 -11.4099380705891 -11.1698634563057 -25.8443694834266 -31.8421951010698 -41.6614885432734 -12.1533210280035 -20.6064918806261 -29.904094518312 -42.9025204320096 -61.8568767478066 -20.5878379559173 -19.7889780539154 -19.4351668594417 -62.9755500268264 -65.4099470071688 -74.0307861133207 -85.259204195226 -98.0251399346542 -11.0741420536538 
-15.6 1.73173828125 -11.4360607215491 -11.1437408053457 -25.8921241815067 -31.9160724501099 -41.7614885432735 -12.0578116318443 -20.4848598335069 -29.7563398202328 -42.7286430829705 -61.6568767478074 -20.5400832578372 -19.7151007048753 -19.3351668594417 -63.0710594229857 -65.531579054288 -74.1785408114 -85.4330815442652 -98.2251399346534 -10.9786251863881 
-15.4 1.72794799804688 -11.4654487038791 -11.1143528230157 -25.9333482168468 -31.98668446778 -41.8614885432735 -11.9753635611633 -20.3730237804959 -29.6151157848919 -42.5580310652995 -61.4568767478065 -20.4988592224971 -19.6444886872052 -19.2351668594416 -63.1535074936668 -65.6434151072991 -74.319764846741 -85.6036935619363 -98.4251399346544 -10.8961789311212 
-15.2 1.72415771484375 -11.494836686209 -11.0849648406858 -25.9745722521869 -32.05729648545 -41.9614885432735 -11.8929154904823 -20.2611877274849 -29.4738917495509 -42.3874190476286 -61.2568767478057 -20.457635187157 -19.5738766695351 -19.1351668594416 -63.2359555643478 -65.7552511603102 -74.4609888820821 -85.7743055796073 -98.6251399346554 -10.813729908898 
-15 1.71973571777344 -11.529122665594 -11.0506788613008 -26.006000293417 -32.1230105060651 -42.0614885432736 -11.8300594080231 -20.1640456656407 -29.3424637083218 -42.2217050270145 -61.0568767478065 -20.4262071459269 -19.5081626489201 -19.0351668594415 -63.2988116468072 -65.8523932221544 -74.5924169233113 -85.9400196002215 -98.8251399346546 -10.7508716958421 
-14.8 1.71531372070313 -11.563408644979 -11.0163928819158 -26.0374283346471 -32.1887245266802 -42.1614885432736 -11.7672033255639 -20.0669036037965 -29.2110356670926 -42.0559910064003 -60.8568767478074 -20.3947791046968 -19.442448628305 -18.9351668594415 -63.3616677292665 -65.9495352839987 -74.7238449645406 -86.1057336208357 -99.0251399346538 -10.6880288309042 
-14.6 1.71089172363281 -11.597694624364 -10.9821069025309 -26.0688563758772 -32.2544385472953 -42.2614885432737 -11.7043472431029 -19.9697615419506 -29.0796076258617 -41.8902769857844 -60.6568767478065 -20.3633510634667 -19.3767346076899 -18.8351668594414 -63.4245238117276 -66.0466773458448 -74.8552730057716 -86.2714476414517 -99.2251399346548 -10.6251674815216 
-14.4 1.70625915527344 -11.6336132694339 -10.9461882574609 -26.0970190857373 -32.3185199022253 -42.3614885432737 -11.6480218233819 -19.8775174771596 -28.9514449160008 -41.7261956308535 -60.4568767478057 -20.3351883536066 -19.3126532527598 -18.7351668594414 -63.4808492314487 -66.1389214106359 -74.9834357156327 -86.4355289963828 -99.4251399346558 -10.5688405425157 
-14.2 1.70162658691406 -11.6695319145039 -10.9102696123909 -26.1251817955974 -32.3826012571554 -42.4614885432738 -11.5916964036627 -19.7852734123705 -28.8232822061416 -41.5621142759244 -60.2568767478066 -20.3070256437465 -19.2485718978298 -18.6351668594413 -63.537174651168 -66.2311654754252 -75.1115984254919 -86.599610351312 -99.625139934655 -10.5125115563408 
-14 1.69678344726563 -11.7070832252589 -10.8727183016359 -26.1500791740871 -32.4450499464 -42.5614885432734 -11.5419016466835 -19.6979273446363 -28.6983848276525 -41.3996655866803 -60.0568767478075 -20.2821282652568 -19.1861232085851 -18.5351668594417 -63.5869694081473 -66.3185115431595 -75.2364958039812 -86.7620590405563 -99.8251399346542 -10.4627184297313 
-13.8 1.69194030761719 -11.7446345360138 -10.835166990881 -26.1749765525772 -32.5074986356451 -42.6614885432734 -11.4921068897026 -19.6105812769004 -28.5734874491616 -41.2372168974345 -59.8568767478067 -20.2572308867667 -19.12367451934 -18.4351668594417 -63.6367641651284 -66.4058576108955 -75.3613931824723 -86.9245077298023 -100.025139934655 -10.4129256723943 
-13.6 1.68699188232422 -11.7830021796113 -10.7967993472835 -26.1982412653823 -32.5691309920477 -42.7614885432735 -11.4455774640934 -19.5256842076937 -28.4502227363575 -41.0755845410329 -59.6568767478077 -20.2339661739616 -19.0620421629375 -18.3351668594416 -63.6832935907378 -66.4907546801023 -75.4846578952765 -87.086140086204 -100.225139934654 -10.3663942817132 
-13.4 1.68204345703125 -11.8213698232088 -10.758431703686 -26.2215059781874 -32.6307633484503 -42.8614885432735 -11.3990480384842 -19.4407871384871 -28.3269580235534 -40.9139521846313 -59.4568767478086 -20.2107014611565 -19.0004098065349 -18.2351668594416 -63.7298230163471 -66.5756517493092 -75.6079226080808 -87.2477724426058 -100.425139934654 -10.3198667045097 
-13.2 1.67698974609375 -11.8605537996488 -10.7192477272461 -26.2431380253075 -32.6915793720104 -42.9614885432736 -11.3557839442433 -19.3583390678062 -28.2053259764325 -40.7531361610705 -59.2568767478078 -20.1890694140364 -18.9395937829748 -18.1351668594415 -63.7730871105882 -66.6580998199902 -75.7295546552018 -87.4085884661667 -100.625139934655 -10.276599785417 
-13 1.67204132080078 -11.8989214432462 -10.6808800836486 -26.2664027381126 -32.7532117284129 -43.0614885432736 -11.3092545186324 -19.2734419985979 -28.0820612636267 -40.5915038046672 -59.0568767478071 -20.1658047012313 -18.8779614265722 -18.0351668594415 -63.8196165361993 -66.7429968891988 -75.8528193680079 -87.5702208225703 -100.825139934656 -10.2300746948018 
-12.8 1.66698760986328 -11.9381054196862 -10.6416961072086 -26.2880347852327 -32.814027751973 -43.1614885432737 -11.2659904243933 -19.1909939279188 -27.9604292165076 -40.4306877811082 -58.8568767478081 -20.1441726541112 -18.8171454030122 -17.9351668594414 -63.8628806304387 -66.8254449598781 -75.9744514151272 -87.7310368461295 -101.025139934655 -10.1868107490622 
-12.6 1.66193389892578 -11.9772893961262 -10.6025121307687 -26.3096668323529 -32.8748437755331 -43.2614885432737 -11.2227263301542 -19.1085458572397 -27.8387971693886 -40.2698717575492 -58.6568767478091 -20.1225406069911 -18.7563293794521 -17.8351668594414 -63.906144724678 -66.9078930305574 -76.0960834622464 -87.8918528696888 -101.225139934654 -10.1435458933322 
-12.4 1.65688018798828 -12.0164733725661 -10.5633281543287 -26.331298879473 -32.9356597990932 -43.3614885432738 -11.1794622359134 -19.0260977865589 -27.7171651222678 -40.1090557339884 -58.4568767478084 -20.100908559871 -18.695513355892 -17.7351668594413 -63.9494088189191 -66.9903411012385 -76.2177155093675 -88.0526688932498 -101.425139934655 -10.1002812987772 
-12.2 1.65172119140625 -12.0564736818486 -10.5233278450462 -26.3512982609076 -32.9956594898103 -43.4614885432734 -11.1394634730443 -18.9460987144074 -27.5971657408338 -39.949056043272 -58.2568767478095 -20.0809091784363 -18.6355136651749 -17.6351668594417 -63.9894075817884 -67.0703401733903 -76.3377148908018 -88.2126685839665 -101.625139934654 -10.0602825707497 
-12 1.64666748046875 -12.0956576582886 -10.4841438686062 -26.3729303080277 -33.0564755133704 -43.5614885432734 -11.0961993788053 -18.8636506437284 -27.4755336937149 -39.7882400197131 -58.0568767478106 -20.0592771313162 -18.5746976416148 -17.5351668594417 -64.0326716760278 -67.1527882440696 -76.459346937921 -88.3734846075258 -101.825139934653 -10.0170177201141 
-11.8 1.64150848388672 -12.135657967571 -10.4441435593238 -26.3929296894629 -33.116475204088 -43.6614885432735 -11.0562006159345 -18.7836515715752 -27.3555343122792 -39.6282403289949 -57.8568767478099 -20.0392777498811 -18.5146979508972 -17.4351668594416 -64.0726704388989 -67.2327873162232 -76.5793463193571 -88.5334842982443 -102.025139934654 -9.97701979517302 
-11.6 1.63640213012695 -12.1752501104323 -10.4045514164626 -26.4137454037405 -33.1768830612268 -43.7614885432735 -11.0145691873788 -18.7024280001582 -27.234718598001 -39.4678324718555 -57.6568767478093 -20.0184620356035 -18.4542900937584 -17.3351668594416 -64.114301867455 -67.3140108876405 -76.7001620336356 -88.693892155384 -102.225139934655 -9.93538704504218 
-11.4 1.63129577636719 -12.2148422532935 -10.3649592736013 -26.4345611180181 -33.2372909183656 -43.8614885432736 -10.9729377588249 -18.6212044287431 -27.1139028837247 -39.3074246147179 -57.4568767478105 -19.9976463213258 -18.3938822366195 -17.2351668594415 -64.1559332960093 -67.3952344590561 -76.8209777479124 -88.854300012522 -102.425139934655 -9.89375750817675 
-11.2 1.62613677978516 -12.2548425625759 -10.3249589643189 -26.4545604994532 -33.2972906090832 -43.9614885432736 -10.932938995956 -18.5412053565917 -26.9939035022908 -39.1474249240016 -57.2568767478118 -19.9776469398907 -18.333882545902 -17.1351668594415 -64.1959320588787 -67.4752335312079 -76.9409771293467 -89.0142997032388 -102.625139934654 -9.8537576017616 
-11 1.62103042602539 -12.2944347054372 -10.2853668214577 -26.4753762137308 -33.357698466222 -44.0614885432737 -10.8913075674004 -18.4599817851749 -26.8730877880128 -38.9870170668624 -57.0568767478113 -19.9568312256131 -18.2734746887631 -17.0351668594414 -64.2375634874348 -67.5564571026252 -77.0617928436252 -89.1747075603785 -102.825139934655 -9.81212521641698 
-10.8 1.61587142944336 -12.3344350147196 -10.2453665121752 -26.4953755951659 -33.4176981569396 -44.1614885432737 -10.8513088045298 -18.3799827130219 -26.7530884065773 -38.8270173761444 -56.8568767478109 -19.936831844178 -18.2134749980455 -16.9351668594414 -64.2775622503059 -67.6364561747788 -77.1817922250613 -89.334707251097 -103.025139934656 -9.77212832376302 
-10.6 1.61073875427246 -12.3742312407915 -10.2055702861033 -26.5157831430223 -33.4779019308678 -44.2614885432738 -10.8104937088186 -18.2993713912388 -26.6326808587224 -38.6668136022176 -56.6568767478122 -19.9164242963216 -18.1532712241173 -16.8351668594413 -64.3183773460177 -67.7170674965624 -77.3021997729168 -89.4949110250244 -103.225139934655 -9.73131193979579 
-10.4 1.60560607910156 -12.4140274668633 -10.1657740600315 -26.5361906908782 -33.5381057047956 -44.3614885432734 -10.7696786131074 -18.2187600694558 -26.5122733108675 -38.5066098282909 -56.4568767478137 -19.8960167484657 -18.0930674501896 -16.7351668594417 -64.3591924417296 -67.7976788183462 -77.4226073207723 -89.6551147989518 -103.425139934654 -9.69049669040744 
-10.2 1.60044708251953 -12.4540277761458 -10.125773750749 -26.5561900723133 -33.5981053955132 -44.4614885432734 -10.729679850237 -18.1387609973029 -26.3922739294322 -38.3466101375731 -56.2568767478134 -19.8760173670306 -18.033067759472 -16.6351668594417 -64.3991912046007 -67.8776778904997 -77.5426067022084 -89.8151144896703 -103.625139934655 -9.65049839075505 
-10 1.5952880859375 -12.4940280854282 -10.0857734414666 -26.5761894537484 -33.6581050862308 -44.5614885432735 -10.6896810873685 -18.0587619251519 -26.2722745479987 -38.1866104468572 -56.056876747815 -19.8560179855955 -17.9730680687544 -16.5351668594416 -64.43918996747 -67.9576769626515 -77.6626060836426 -89.9751141803871 -103.825139934654 -9.61049944593948 
-9.80000000000004 1.59012908935547 -12.5340283947107 -10.0457731321841 -26.5961888351835 -33.7181047769483 -44.6614885432735 -10.6496823245 -17.9787628530009 -26.1522751665653 -38.0266107561413 -55.8568767478166 -19.8360186041604 -17.9130683780368 -16.4351668594416 -64.4791887303394 -68.0376760348033 -77.7826054650769 -90.1351138711038 -104.025139934654 -9.57050099244507 
-9.60000000000004 1.58499641418457 -12.5738246207826 -10.0059769061123 -26.6165963830399 -33.7783085508765 -44.7614885432736 -10.6088672287873 -17.8981515312164 -26.0318676187089 -37.8664069822131 -55.6568767478166 -19.815611056304 -17.8528646041086 -16.3351668594415 -64.520003826053 -68.1182873565888 -77.9030130129342 -90.2953176450329 -104.225139934655 -9.52968592959765 
-9.40000000000004 1.57983741760254 -12.613824930065 -9.96597659682979 -26.636595764475 -33.8383082415941 -44.8614885432736 -10.5688684659173 -17.8181524590639 -25.9118682372739 -37.7064072914956 -55.4568767478167 -19.7956116748689 -17.792864913391 -16.2351668594415 -64.5600025889241 -68.1982864287424 -78.0230123943702 -90.4553173357514 -104.425139934656 -9.48968609677348 
-9.20000000000004 1.57467842102051 -12.6538252393475 -9.92597628754732 -26.6565951459101 -33.8983079323117 -44.9614885432737 -10.528869703049 -17.7381533869132 -25.7918688558408 -37.54640760078 -55.2568767478186 -19.7756122934338 -17.7328652226735 -16.1351668594414 -64.6000013517934 -68.2782855008942 -78.1430117758045 -90.6153170264682 -104.625139934655 -9.44968741030374 
-9.00000000000004 1.56951942443848 -12.69382554863 -9.88597597826486 -26.6765945273452 -33.9583076230293 -45.0614885432737 -10.4888709401809 -17.6581543147626 -25.6718694744077 -37.3864079100645 -55.0568767478206 -19.7556129119987 -17.6728655319559 -16.0351668594414 -64.6400001146628 -68.358284573046 -78.2630111572388 -90.7753167171849 -104.825139934654 -9.40968867990391 
-8.80000000000004 1.56436042785645 -12.7338258579124 -9.84597566898239 -26.6965939087804 -34.0183073137469 -45.1614885432738 -10.4488721773112 -17.5781552426104 -25.551870092973 -37.2264082193473 -54.856876747821 -19.7356135305636 -17.6128658412383 -15.9351668594414 -64.6799988775339 -68.4382836451996 -78.3830105386749 -90.9353164079034 -105.025139934655 -9.36969026345245 
-8.60000000000004 1.55921459197998 -12.7737241255896 -9.80607740130523 -26.7167973734256 -34.0784090460693 -45.2614885432734 -10.4084652480221 -17.4978500456442 -25.4316666283296 -37.0663064870268 -54.6568767478233 -19.7154100659183 -17.5527641089159 -15.8351668594417 -64.7204058068245 -68.5185888421673 -78.5032140033198 -91.0954181402255 -105.225139934654 -9.32928308241709 
-8.40000000000004 1.55405559539795 -12.8137244348721 -9.76607709202276 -26.7367967548608 -34.1384087367869 -45.3614885432734 -10.3684664851544 -17.417850973494 -25.311667246897 -36.9063067963117 -54.4568767478257 -19.6954106844832 -17.4927644181983 -15.7351668594417 -64.7604045696938 -68.5985879143191 -78.6232133847541 -91.2554178309422 -105.425139934653 -9.28928388819537 
-8.20000000000005 1.54889659881592 -12.8537247441545 -9.7260767827403 -26.7567961362959 -34.1984084275045 -45.4614885432735 -10.3284677222851 -17.3378519013422 -25.1916678654628 -36.746307105595 -54.2568767478265 -19.6754113030481 -17.4327647274807 -15.6351668594416 -64.8004033325649 -68.6785869864727 -78.7432127661901 -91.4154175216608 -105.625139934654 -9.24928518711181 
-8.00000000000005 1.54373760223389 -12.893725053437 -9.68607647345783 -26.776795517731 -34.2584081182221 -45.5614885432735 -10.2884689594159 -17.2578528291906 -25.0716684840287 -36.5863074148784 -54.0568767478275 -19.6554119216129 -17.3727650367631 -15.5351668594416 -64.840402095436 -68.7585860586263 -78.8632121476261 -91.5754172123793 -105.825139934655 -9.20928601893349 
-7.80000000000005 1.53857860565186 -12.9337253627195 -9.64607616417536 -26.7967948991661 -34.3184078089396 -45.6614885432736 -10.2484701965488 -17.177853757041 -24.9516691025966 -36.4263077241638 -53.8568767478304 -19.6354125401778 -17.3127653460455 -15.4351668594416 -64.8804008583054 -68.8385851307781 -78.9832115290604 -91.735416903096 -106.025139934655 -9.16928756003569 
-7.60000000000005 1.53341960906982 -12.9737256720019 -9.60607585489289 -26.8167942806012 -34.3784074996572 -45.7614885432736 -10.2084714336818 -17.0978546848915 -24.8316697211646 -36.2663080334494 -53.6568767478336 -19.6154131587427 -17.252765655328 -15.3351668594415 -64.9203996211747 -68.9185842029299 -79.1032109104947 -91.8954165938128 -106.225139934654 -9.12928857062352 
-7.40000000000005 1.52826719284058 -13.0136749604817 -9.56612656641308 -26.8368957036416 -34.4384582111775 -45.8614885432737 -10.1682685876027 -17.0177025503326 -24.7115682981259 -36.1062573219309 -53.4568767478352 -19.5953117357023 -17.1927149438077 -15.2351668594415 -64.9606024672564 -68.9987363374914 -79.223312333536 -92.0554673053339 -106.425139934655 -9.08908545751945 
-7.20000000000005 1.52310819625855 -13.0536752697642 -9.52612625713061 -26.8568950850768 -34.498457901895 -45.9614885432737 -10.1282698247344 -16.9377034781818 -24.5915689166927 -35.9462576312152 -53.2568767478371 -19.5753123542672 -17.1327152530901 -15.1351668594414 -65.0006012301275 -69.078735409645 -79.3433117149721 -92.2154669960524 -106.625139934656 -9.04908617932907 
-7.00000000000005 1.51794919967651 -13.0936755790467 -9.48612594784814 -26.8768944665119 -34.5584575926126 -46.0614885432738 -10.0882710618682 -16.8577044060332 -24.4715695352615 -35.7862579405016 -53.056876747841 -19.5553129728321 -17.0727155623726 -15.0351668594414 -65.0405999929969 -69.1587344817968 -79.4633110964063 -92.3754666867692 -106.825139934655 -9.00908750638484 
-6.80000000000005 1.51279020309448 -13.1336758883291 -9.44612563856568 -26.8968938479465 -34.6184572833298 -46.1614885432734 -10.0482722990023 -16.7777053338848 -24.3515701538307 -35.6262582497883 -52.8568767478452 -19.5353135913974 -17.0127158716554 -14.9351668594418 -65.0805987558662 -69.2387335539486 -79.5833104778406 -92.5354663774859 -107.025139934654 -8.96908803090828 
-6.60000000000004 1.50763120651245 -13.1736761976116 -9.40612532928321 -26.9168932293816 -34.6784569740473 -46.2614885432734 -10.0082735361349 -16.6977062617349 -24.2315707723984 -35.4662585590735 -52.656876747848 -19.5153142099623 -16.9527161809378 -14.8351668594417 -65.1205975187373 -69.3187326261022 -79.7033098592767 -92.6954660682044 -107.225139934655 -8.92908892589618 
-6.40000000000004 1.50247220993042 -13.2136765068941 -9.36612502000074 -26.9368926108168 -34.7384566647649 -46.3614885432735 -9.96827477326965 -16.6177071895872 -24.1115713909682 -35.3062588683609 -52.4568767478529 -19.4953148285272 -16.8927164902203 -14.7351668594417 -65.1605962816067 -69.398731698254 -79.823309240711 -92.8554657589212 -107.425139934654 -8.88908967719211 
-6.20000000000004 1.49731321334839 -13.2536768161765 -9.32612471071827 -26.9568919922519 -34.7984563554825 -46.4614885432735 -9.92827601040482 -16.5377081174399 -23.9915720095384 -35.1462591776486 -52.2568767478582 -19.4753154470921 -16.8327167995027 -14.6351668594416 -65.200595044476 -69.4787307704058 -79.9433086221452 -93.0154654496379 -107.625139934654 -8.8490903492451 
-6.00000000000004 1.49215421676636 -13.293677125459 -9.2861244014358 -26.976891373687 -34.8584560462001 -46.5614885432736 -9.88827724753866 -16.4577090452913 -23.8715726281073 -34.9862594869351 -52.0568767478621 -19.4553160656569 -16.7727171087851 -14.5351668594416 -65.2405938073471 -69.5587298425594 -80.0633080035813 -93.1754651403565 -107.825139934655 -8.80909092439198 
-5.80000000000004 1.48699522018433 -13.3336774347415 -9.24612409215333 -26.9968907551221 -34.9184557369177 -46.6614885432736 -9.84827848467297 -16.3777099731432 -23.7515732466767 -34.826259796222 -51.8568767478666 -19.4353166842218 -16.7127174180675 -14.4351668594415 -65.2805925702182 -69.638728914713 -80.1833073850173 -93.335464831075 -108.025139934656 -8.76909147194482 
-5.60000000000004 1.48183622360229 -13.3736777440239 -9.20612378287087 -27.0168901365572 -34.9784554276352 -46.7614885432737 -9.80827972180958 -16.2977109009973 -23.6315738652484 -34.6662601055112 -51.6568767478733 -19.4153173027867 -16.6527177273499 -14.3351668594415 -65.3205913330876 -69.7187279868648 -80.3033067664516 -93.4954645217917 -108.225139934655 -8.72909171480179 
-5.40000000000004 1.47668051719666 -13.4136525429051 -9.16614898398973 -27.036940538795 -35.0384806287541 -46.8614885432737 -9.76817891734145 -16.217635297648 -23.511523463018 -34.5062349043996 -51.4568767478806 -19.395266900549 -16.592692526231 -14.2351668594414 -65.3606921375622 -69.7988035902206 -80.4233571686885 -93.6554897229098 -108.425139934654 -8.68898997740691 
-5.20000000000004 1.47152152061462 -13.4536528521876 -9.12614867470726 -27.0569399202301 -35.0984803194717 -46.9614885432738 -9.72818015447749 -16.1376362255016 -23.3915240815891 -34.3462352136882 -51.2568767478868 -19.3752675191138 -16.5326928355135 -14.1351668594414 -65.4006909004333 -69.8788026623742 -80.5433565501246 -93.8154894136283 -108.625139934655 -8.64899019284036 
-5.00000000000004 1.46636252403259 -13.49365316147 -9.08614836542479 -27.0769393016648 -35.1584800101889 -47.0614885432734 -9.68818139161598 -16.0576371533576 -23.2715247001626 -34.1862355229793 -51.0568767478954 -19.3552681376792 -16.4726931447963 -14.0351668594418 -65.4406896633027 -69.958801734526 -80.6633559315589 -93.975489104345 -108.825139934654 -8.6089901476169 
-4.80000000000004 1.46120352745056 -13.5336534707525 -9.04614805614233 -27.0969386830999 -35.2184797009064 -47.1614885432734 -9.64818262875522 -15.9776380812144 -23.151525318737 -34.0262358322712 -50.8568767479048 -19.3352687562441 -16.4126934540787 -13.9351668594417 -65.480688426172 -70.0388008066778 -80.7833553129931 -94.1354887950618 -109.025139934653 -8.56898993063268 
-4.60000000000004 1.45604453086853 -13.573653780035 -9.00614774685986 -27.116938064535 -35.278479391624 -47.2614885432735 -9.60818386589354 -15.8976390090702 -23.0315259373103 -33.8662361415621 -50.6568767479132 -19.315269374809 -16.3526937633612 -13.8351668594417 -65.5206871890431 -70.1187998788314 -80.9033546944292 -94.2954884857803 -109.225139934654 -8.52898949761231 
-4.40000000000004 1.4508855342865 -13.6136540893174 -8.96614743757739 -27.1369374459701 -35.3384790823416 -47.3614885432735 -9.56818510303276 -15.817639936927 -22.9115265558846 -33.7062364508539 -50.4568767479226 -19.2952699933738 -16.2926940726436 -13.7351668594416 -65.5606859519142 -70.1987989509849 -81.0233540758652 -94.4554881764988 -109.425139934655 -8.48898881490625 
-4.20000000000004 1.44572653770447 -13.6536543985999 -8.92614712829492 -27.1569368274052 -35.3984787730592 -47.4614885432736 -9.52818634017473 -15.7376408647865 -22.7915271744617 -33.5462367601485 -50.2568767479347 -19.2752706119387 -16.232694381926 -13.6351668594416 -65.6006847147836 -70.2787980231368 -81.1433534572995 -94.6154878672156 -109.625139934655 -8.44898776377955 
-4.00000000000004 1.44056754112244 -13.6936547078824 -8.88614681901245 -27.1769362088403 -35.4584784637768 -47.5614885432736 -9.48818757731782 -15.6576417926471 -22.6715277930398 -33.3862370694442 -50.0568767479479 -19.2552712305036 -16.1726946912084 -13.5351668594415 -65.6406834776529 -70.3587970952886 -81.2633528387338 -94.7754875579323 -109.825139934654 -8.40898654358668 
-3.80000000000004 1.43540854454041 -13.7336550171648 -8.84614650972999 -27.1969355902754 -35.5184781544943 -47.6614885432736 -9.44818881446032 -15.5776427205071 -22.5515284116174 -33.2262373787393 -49.8568767479605 -19.2352718490685 -16.1126950004908 -13.4351668594415 -65.680682240524 -70.4387961674421 -81.3833522201698 -94.9354872486508 -110.025139934655 -8.36898485629079 
-3.60000000000004 1.43024954795837 -13.7736553264473 -8.80614620044752 -27.2169349717105 -35.5784778452119 -47.7614885432737 -9.40819005160415 -15.4976436483685 -22.4315290301963 -33.0662376880357 -49.6568767479745 -19.2152724676334 -16.0526953097733 -13.3351668594414 -65.7206810033952 -70.5187952395957 -81.5033516016059 -95.0954869393693 -110.225139934656 -8.32898271640617 
-3.40000000000004 1.42509055137634 -13.8136556357298 -8.76614589116505 -27.2369343531457 -35.6384775359295 -47.8614885432738 -9.36819128875117 -15.4176445762331 -22.3115296487783 -32.9062379973353 -49.4568767479916 -19.1952730861983 -15.9926956190557 -13.2351668594414 -65.7606797662645 -70.5987943117475 -81.6233509830402 -95.2554866300861 -110.425139934655 -8.28898011480722 
-3.20000000000004 1.41993155479431 -13.8536559450122 -8.72614558188258 -27.2569337345808 -35.6984772266471 -47.9614885432738 -9.32819252589977 -15.3376455040992 -22.191530267362 -32.7462383066365 -49.2568767480103 -19.1752737047632 -15.9326959283381 -13.1351668594414 -65.8006785291339 -70.6787933838994 -81.7433503644745 -95.4154863208028 -110.625139934654 -8.2489769268642 
-3.00000000000004 1.41477255821228 -13.8936562542947 -8.68614527260011 -27.2769331160154 -35.7584769173642 -48.0614885432734 -9.28819376304834 -15.2576464319653 -22.0715308859457 -32.5862386159377 -49.056876748029 -19.1552743233285 -15.872696237621 -13.0351668594418 -65.840677292005 -70.7587924560529 -81.8633497459105 -95.5754860115214 -110.825139934655 -8.20897310482636 
-2.80000000000004 1.40961356163025 -13.9336565635772 -8.64614496331765 -27.2969324974506 -35.8184766080818 -48.1614885432734 -9.24819500020058 -15.1776473598351 -21.9515315045329 -32.4262389252425 -48.8568767480514 -19.1352749418934 -15.8126965469034 -12.9351668594417 -65.8806760548743 -70.8387915282048 -81.9833491273448 -95.7354857022381 -111.025139934654 -8.16896855727449 
-2.60000000000004 1.40445456504822 -13.9736568728596 -8.60614465403518 -27.3169318788857 -35.8784762987994 -48.2614885432735 -9.20819623735489 -15.0976482877069 -21.8315321231223 -32.2662392345494 -48.6568767480759 -19.1152755604583 -15.7526968561858 -12.8351668594417 -65.9206748177437 -70.9187906003566 -82.1033485087791 -95.8954853929549 -111.225139934654 -8.1289631053189 
-2.40000000000004 1.39929556846619 -14.0136571821421 -8.56614434475271 -27.3369312603208 -35.938475989517 -48.3614885432736 -9.16819747450973 -15.0176492155793 -21.7115327417122 -32.1062395438568 -48.4568767481008 -19.0952761790232 -15.6926971654683 -12.7351668594417 -65.9606735806148 -70.9987896725102 -82.2233478902151 -96.0554850836734 -111.425139934655 -8.08895669345845 
-2.20000000000004 1.39413657188416 -14.0536574914246 -8.52614403547024 -27.3569306417559 -35.9984756802345 -48.4614885432736 -9.12819871166707 -14.9376501434541 -21.5915333603046 -31.9462398531668 -48.2568767481283 -19.0752767975881 -15.6326974747507 -12.6351668594416 -66.0006723434859 -71.0787887446638 -82.3433472716512 -96.2154847743919 -111.625139934656 -8.04894914143079 
-2.00000000000004 1.38897757530212 -14.093657800707 -8.48614372618777 -27.376930023191 -36.0584753709521 -48.5614885432736 -9.08819994882892 -14.8576510713335 -21.4715339789015 -31.7862401624812 -48.0568767481603 -19.055277416153 -15.5726977840332 -12.5351668594416 -66.0406711063553 -71.1587878168156 -82.4633466530855 -96.3754844651087 -111.825139934655 -8.00894031593299 
-1.80000000000004 1.38381857872009 -14.1336581099895 -8.44614341690531 -27.3969294046261 -36.1184750616697 -48.6614885432737 -9.04820118599376 -14.7776519992159 -21.3515345975015 -31.6262404717987 -47.8568767481952 -19.035278034718 -15.5126980933156 -12.4351668594416 -66.0806698692247 -71.2387868889675 -82.5833460345198 -96.5354841558255 -112.025139934654 -7.96892996256881 
-1.60000000000004 1.37865958213806 -14.173658419272 -8.40614310762284 -27.4169287860612 -36.1784747523873 -48.7614885432737 -9.00820242316016 -14.6976529270998 -21.2315352161029 -31.4662407811177 -47.6568767482318 -19.0152786532829 -15.4526984025981 -12.3351668594416 -66.1206686320958 -71.3187859611211 -82.7033454159559 -96.695483846544 -112.225139934655 -7.92891794071945 
-1.40000000000004 1.37350058555603 -14.2136587285544 -8.36614279834037 -27.4369281674963 -36.2384744431049 -48.8614885432738 -8.96820366033017 -14.6176538549874 -21.111535834708 -31.3062410904403 -47.4568767482719 -18.9952792718478 -15.3926987118806 -12.2351668594416 -66.160667394967 -71.3987850332747 -82.823344797392 -96.8554835372626 -112.425139934656 -7.88890394074762 
-1.20000000000004 1.368341588974 -14.2536590378369 -8.3261424890579 -27.456927548931 -36.298474133822 -48.9614885432734 -8.92820489750767 -14.5376547828824 -20.9915364533205 -31.1462413997704 -47.2568767483195 -18.9752798904132 -15.3326990211635 -12.135166859442 -66.2006661578346 -71.4787841054248 -82.9433441788246 -97.0154832279777 -112.625139934654 -7.84888769350337 
-1.00000000000004 1.36318259239197 -14.2936593471194 -8.28614217977543 -27.4769269303661 -36.3584738245396 -49.0614885432734 -8.888206134686 -14.4576557107783 -20.8715370719339 -30.9862417091013 -47.056876748368 -18.9552805089782 -15.272699330446 -12.0351668594421 -66.2406649207058 -71.5587831775784 -83.0633435602607 -97.1754829186962 -112.825139934655 -7.80886885921003 
-0.800000000000041 1.35802359580994 -14.3336596564019 -8.24614187049296 -27.4969263118012 -36.4184735152572 -49.1614885432735 -8.84820737186909 -14.3776566386789 -20.7515376905521 -30.826242018437 -46.8568767484212 -18.9352811275432 -15.2126996397285 -11.9351668594421 -66.280663683577 -71.6387822497321 -83.1833429416968 -97.3354826094149 -113.025139934656 -7.76884703064614 
-0.600000000000041 1.35286459922791 -14.3736599656843 -8.2061415612105 -27.5169256932363 -36.4784732059748 -49.2614885432735 -8.80820860905918 -14.2976575665865 -20.6315383091772 -30.6662423277796 -46.6568767484814 -18.9152817461082 -15.1526999490111 -11.8351668594422 -66.3206624464465 -71.7187813218841 -83.3033423231313 -97.4954823001317 -113.225139934655 -7.72882183657591 
-0.400000000000041 1.3477058082819 -14.4136586805667 -8.16614284632811 -27.5369282634716 -36.5384744910924 -49.3614885432736 -8.76820346865468 -14.2176537112996 -20.511535739008 -30.506241042728 -46.4568767485474 -18.8952791758731 -15.0926986638936 -11.7351668594423 -66.3606675869163 -71.7987851772363 -83.4233448933659 -97.6554835852487 -113.425139934655 -7.6887863210749 
-0.200000000000041 1.34254681169987 -14.4536589898492 -8.12614253704565 -27.5569276449067 -36.59847418181 -49.4614885432736 -8.72820470585502 -14.1376546392175 -20.3915363576434 -30.3462413520809 -46.2568767486178 -18.8752797944382 -15.0326989731762 -11.6351668594425 -66.4006663497877 -71.8787842493901 -83.5433442748021 -97.8154832759675 -113.625139934656 -7.64875270980518 
-4.1133763062362e-14 1.33738781511784 -14.4936592991316 -8.08614222776318 -27.5769270263418 -36.6584738725276 -49.5614885432737 -8.68820594306226 -14.0576555671423 -20.2715369762857 -30.1862416614408 -46.0568767486952 -18.8552804130033 -14.9726992824589 -11.5351668594427 -66.440665112659 -71.9587833215439 -83.6633436562384 -97.9754829666862 -113.825139934657 -7.6087139522355