pO2 mew_e electrons holes VO{2} VO{1} VO{0} VM{-4} VM{-3} VM{-2} VM{-1} VM{0} Oi{-2} Oi{-1} Oi{0} Mi{4} Mi{3} Mi{2} Mi{1} Mi{0} Stoich
-35 5.99369329220356 2.1123306615156 -13.0242620547891 0.14943166243878 2.10276557119763 5.05060194958852 -9.51758570552264 -19.658583976071 -30.5809969916321 -42.197233398668 -54.3173691372102 -11.650090058879 -24.7712295814902 -22.2567551657334 -32.2124655597483 -25.2961146723708 -19.3718916770654 -9.65913810557255 -7.62833985757837 5.82924802962949 
-34.8 5.97407714397522 2.06290013860944 -12.974831531883 0.148292708251072 2.05219609410376 4.95060194958848 -9.51530779714694 -19.6068755447891 -30.4798580374441 -42.0466639215738 -54.1173691372098 -11.6489511046913 -24.7206601043964 -22.1567551657334 -32.214743468124 -25.3478231036527 -19.4730306312534 -9.80970758266674 -7.82833985757873 5.72930840813908 
-34.6 5.9544871805152 2.01353559842196 -12.9254669916955 0.147021788625985 2.00156063429119 4.85060194958844 -9.51276595789647 -19.5549691653512 -30.3785871178187 -41.896028461761 -53.9173691372094 -11.6476801850662 -24.6700246445838 -22.0567551657334 -32.2172853073744 -25.3997294830906 -19.5743015508788 -9.96034304247963 -8.02833985757909 5.62937613617793 
-34.4 5.93492625888481 1.96424424043152 -12.876175633705 0.145604504606971 1.95085199228174 4.75060194958855 -9.50993138985902 -19.5028432393233 -30.2771698338003 -41.7453198197522 -53.7173691372102 -11.6462629010472 -24.6193160025743 -21.9567551657335 -32.2201198754119 -25.4518554091185 -19.6757188348971 -10.1110516844884 -8.22833985757831 5.52945211341066 
-34.2 5.91539750571214 1.91503394339493 -12.8269653366684 0.144025098680122 1.9000622893183 4.65060194958851 -9.50677257800503 -19.4504741304327 -30.1755904278732 -41.5945301167884 -53.5173691372099 -11.6446834951203 -24.5685262996109 -21.8567551657334 -32.2232786872659 -25.5042245180091 -19.7772982408243 -10.2618413874522 -8.42833985757867 5.42953734761472 
-34 5.89590433275819 1.86591330457236 -12.7778446978459 0.142266376325208 1.84918292814082 4.55060194958847 -9.50325513329492 -19.3978360469 -30.0738317055179 -41.4436507556106 -53.3173691372095 -11.6429247727654 -24.5176469384334 -21.7567551657334 -32.226796131976 -25.5568626015418 -19.8790569631795 -10.41272074863 -8.62833985757903 5.32963296846025 
-33.8 5.87645045100947 1.81689167523922 -12.7288230685127 0.140309634991467 1.79820455747393 4.45060194958844 -9.49934165062773 -19.3449009348997 -29.9718749641844 -41.292672384944 -53.1173691372097 -11.6409680314317 -24.4666685677665 -21.6567551657334 -32.2307096146432 -25.6097977135421 -19.981013704513 -10.5636991192966 -8.82833985757882 5.22974024279192 
-33.6 5.8570398826124 1.76797919075937 -12.6799105840329 0.138134603951264 1.74711704195388 4.35060194958854 -9.49499158854732 -19.2916383883395 -29.8696999331443 -41.141584869424 -52.9173691372099 -11.6387930003915 -24.4155810522465 -21.5567551657335 -32.2350596767236 -25.6630602601024 -20.0831887355531 -10.7147866348166 -9.02833985757861 5.12986059168868 
-33.4 5.83767696985765 1.71918679322481 -12.6311181864983 0.135719399020341 1.6959094394884 4.25060194958851 -9.49016117868519 -19.2380155809428 -29.7672847282131 -40.9903772669582 -52.7173691372096 -11.6363777954605 -24.364373449781 -21.4567551657334 -32.2398900865857 -25.716683067499 -20.1856039404844 -10.8659942372824 -9.22833985757897 5.02999560958414 
-33.2 5.81836638032374 1.67052624441694 -12.5824576376905 0.133040496636044 1.64456998829624 4.15060194958847 -9.48480337391688 -19.1839972273666 -29.664605825829 -40.8390378157663 -52.5173691372098 -11.6336988930762 -24.3130339985888 -21.3567551657334 -32.245247891354 -25.7707014210752 -20.2882828428684 -11.0173336884743 -9.42833985757876 4.93014708575804 
-33 5.79911310720406 1.62201012663058 -12.5339415199041 0.13007273220874 1.59308610608257 4.05060194958843 -9.47886784506256 -19.1295455807259 -29.561638061402 -40.6875539335529 -52.31736913721 -11.6307311286489 -24.2615501163752 -21.2567551657334 -32.2511834202083 -25.8251530677159 -20.3912506072955 -11.1688175706877 -9.62833985757854 4.83031702853946 
-32.8 5.77992246378478 1.57365182875893 -12.4855832220324 0.126789327952143 1.54144440395432 3.95060194958854 -9.47230103654879 -19.0746204743405 -29.4583546571449 -40.5359122314242 -52.1173691372096 -11.6274477243923 -24.2099084142469 -21.1567551657335 -32.2577502287221 -25.8800781741013 -20.4945340115525 -11.3204592728164 -9.8283398575789 4.73050769261334 
-32.6 5.76080007102243 1.52546551499044 -12.437396908264 0.123161955489075 1.48963071772277 3.8506019495885 -9.46504629162294 -19.0191794156461 -29.3547272846821 -40.3840985451929 -51.9173691372098 -11.6238203519293 -24.1580947280154 -21.0567551657334 -32.265004973648 -25.9355192327957 -20.5981613840154 -11.4722729590477 -10.0283398575787 4.63072160987495 
-32.4 5.74175183720603 1.47746607355966 -12.3893974668332 0.119160838350607 1.43763015915351 3.75060194958846 -9.45704405734629 -18.9631777399387 -29.2507261675439 -40.2320979866239 -51.71736913721 -11.6198192347908 -24.1060941694461 -20.9567551657334 -32.2730072079246 -25.9915209085031 -20.7021625011536 -11.6242735176167 -10.2283398575785 4.53096162434878 
-32.2 5.7227839287909 1.42966904325167 -12.3416004365252 0.114754898966539 1.38542718946146 3.65060194958843 -9.44823217857787 -18.9065688308623 -29.1463202281595 -40.0798950169315 -51.5173691372097 -11.6154132954067 -24.0538911997541 -20.8567551657334 -32.281819086693 -26.0481298175795 -20.806568440538 -11.7764764873091 -10.4283398575788 4.43123093176375 
-32 5.70390273167563 1.38209051582426 -12.2940219090978 0.109911953821474 1.33300571688898 3.55060194958853 -9.43854628828774 -18.8493044131448 -29.0414772830145 -39.9274735443591 -51.3173691372099 -11.6105703502617 -24.0014697271816 -20.7567551657335 -32.2915049769832 -26.105394235297 -20.9114113856829 -11.9288979598815 -10.6283398575786 4.33153312447563 
-31.8 5.68511480246455 1.33474701319485 -12.2466784064684 0.104598959080252 1.28034921951835 3.45060194958849 -9.42792029880558 -18.7913349210332 -28.9361642882736 -39.7748170469888 -51.1173691372101 -11.6052573555204 -23.948813229811 -20.6567551657334 -32.3021309664653 -26.1633637274086 -21.0167243804239 -12.0815544572518 -10.8283398575784 4.23187224253092 
-31.6 5.6664268096228 1.28765533915765 -12.1995867324312 0.0987823071546266 1.22744089355552 3.35060194958846 -9.41628699495404 -18.7326099431444 -28.8303476363476 -39.6219087210256 -50.9173691372098 -11.5994407035948 -23.8959049038481 -20.5567551657334 -32.3137642703169 -26.2220887052974 -21.1225410323499 -12.234462783215 -11.0283398575788 4.13225283179325 
-31.4 5.64784546487796 1.2408324065235 -12.152763799797 0.0924281724228853 1.17426382618963 3.25060194958842 -9.40357872549028 -18.6730787410465 -28.7239935016156 -39.4687316536594 -50.7173691372094 -11.5930865688631 -23.8427278364822 -20.4567551657334 -32.3264725397806 -26.2816199073953 -21.2288951670819 -12.3876398505812 -11.2283398575791 4.03268001018551 
-31.2 5.6293774457411 1.19429504188137 -12.1062264351549 0.0855029017072517 1.12080119083187 3.15060194958853 -9.38972818405958 -18.6126908349737 -28.6170682309006 -39.3152690183023 -50.5173691372102 -11.5861612981474 -23.7892652011245 -20.3567551657335 -32.3403230812113 -26.3420078134681 -21.3358204377969 -12.5411024859383 -11.4283398575784 3.93315954325737 
-31 5.61102931057643 1.14805977158341 -12.0599911648569 0.0779734423031349 1.06703646112979 3.05060194958849 -9.37466926525106 -18.5513966458672 -28.5095387714962 -39.1615042885999 -50.3173691372098 -11.5786318387433 -23.7355004714224 -20.2567551657334 -32.3553820000198 -26.4033020025746 -21.4433498972013 -12.6948672156407 -11.6283398575787 3.83369793044832 
-30.8 5.59280740820935 1.10214259396703 -12.0140739872405 0.0698077975358597 1.01295363874614 2.95060194958845 -9.35833797571622 -18.489148178716 -28.4013731267286 -39.0074214662159 -50.1173691372095 -11.5704661939761 -23.6814176490387 -20.1567551657334 -32.3717132895547 -26.4655504697258 -21.5515155419689 -12.8489500380247 -11.8283398575791 3.73430250359443 
-30.6 5.57471778457463 1.05655874411886 -11.9684901373924 0.0609754972321615 0.958537488594268 2.85060194958841 -9.34067337510911 -18.4258997282607 -28.2925408264251 -38.8530053160643 -49.9173691372097 -11.5616338936724 -23.6270014988869 -20.0567551657333 -32.3893778901618 -26.5287989201811 -21.6603478422724 -13.0033661881763 -12.0283398575789 3.63498153940182 
-30.4 5.5567660893241 1.01132245853637 -11.9232538518099 0.051448068397234 0.903773774176857 2.75060194958852 -9.32161851743926 -18.3616085850084 -28.1830133975903 -38.698241601647 -49.7173691372099 -11.5521064648374 -23.5722377844695 -19.9567551657334 -32.4084327478316 -26.5930900634334 -21.7698752711072 -13.1581299025936 -12.2283398575787 3.53574438779506 
-30.2 5.53895748558237 0.966446747722231 -11.8783781409957 0.0411994900254832 0.848649484990963 2.65060194958848 -9.30112136069547 -18.2962357174505 -28.0727648192182 -38.5431173124608 -49.5173691372095 -11.5418578864657 -23.5171134952836 -19.8567551657334 -32.4289299045754 -26.6584629309913 -21.8801238494793 -13.3132541917798 -12.428339857579 3.4366016182161 
-30 5.52129656612338 0.921943184958547 -11.8338745782321 0.0302066155528155 0.793153047754611 2.55060194958845 -9.27913561175042 -18.2297464057417 -27.9617719447458 -38.3876208752247 -49.3173691372097 -11.530865011993 -23.4616170580472 -19.7567551657334 -32.4509156535205 -26.7249522427001 -21.9911167239517 -13.4687506290159 -12.6283398575788 3.33756518610623 
-29.8 5.50378727911328 0.877821719187161 -11.7897531124607 0.0184495470955494 0.737274513525959 2.45060194958841 -9.25562147483618 -18.1621108030561 -27.8500148762888 -38.2317423409963 -49.1173691372099 -11.5191079435357 -23.4057385238186 -19.6567551657333 -32.4744297904347 -26.7925878453857 -22.1028737924087 -13.6246291632443 -12.8283398575786 3.23864862191792 
-29.6 5.4864328662256 0.834090519066625 -11.7460219123401 0.0059119473367267 0.681005713646601 2.35060194958851 -9.23054627531796 -18.0933044034173 -27.7374772765295 -38.0754735411164 -48.9173691372096 -11.5065703437769 -23.3494697239392 -19.5567551657334 -32.4995049899529 -26.8613942450245 -22.215411392168 -13.7808979631242 -13.028339857579 3.13986724507671 
-29.4 5.46923581539865 0.790755853926217 -11.7026872471997 -0.0074187223824933 0.624340378786972 2.25060194958848 -9.2038849358798 -18.0233083988388 -27.6241466068105 -37.9188082062571 -48.7173691372098 -11.4932396740577 -23.2928043890796 -19.4567551657334 -32.5261663293911 -26.931390249603 -22.3287420618869 -13.9375632979835 -13.2283398575787 3.04123840530215 
-29.2 5.45219782981819 0.747822015605541 -11.6597534088791 -0.0215510457411776 0.567274217107611 2.15060194958844 -9.17562028916272 -17.952109913801 -27.5100142834521 -37.7617420445779 -48.51736913721 -11.479107350699 -23.2357382274002 -19.3567551657334 -32.5544309761082 -27.0025887346408 -22.4428743852454 -14.0946294596626 -13.4283398575785 2.9427817535864 
-29 5.43531981392198 0.705291283187709 -11.6172226764612 -0.0364895809055524 0.509804949525405 2.0506019495884 -9.14574321883369 -17.8797021110542 -27.3950757482874 -37.6042727769954 -48.3173691372096 -11.4641688155346 -23.178268959818 -19.2567551657333 -32.5843080464372 -27.0749965373876 -22.5578129204101 -14.2520987272452 -13.6283398575789 2.84451954486349 
-28.8 5.41860187641096 0.663163930587034 -11.5750953238606 -0.0522348757040962 0.451932302126186 1.95060194958851 -9.1142526292366 -17.8060841688564 -27.2793304534889 -37.4464001295963 -48.1173691372099 -11.4484235207361 -23.1203963124188 -19.1567551657334 -32.6157986360343 -27.1486144795854 -22.6735582152085 -14.4099713746443 -13.8283398575787 2.74647697394796 
-28.6 5.40204334947432 0.621438274994197 -11.5333696682677 -0.0687835645184592 0.393657957718986 1.85060194958847 -9.08115525160816 -17.7312611356351 -27.1627817646748 -37.2881257851894 -47.9173691372101 -11.4318748319217 -23.0621219680116 -19.0567551657334 -32.6488960136627 -27.2234375128067 -22.7901069040226 -14.5682457190512 -14.0283398575785 2.6486825455964 
-28.4 5.38564282275807 0.580110762473166 -11.4920421557467 -0.0861285394764339 0.33498547023998 1.75060194958843 -9.04646530169192 -17.6552436731978 -27.0454367897165 -37.12945329771 -47.7173691372097 -11.4145298569638 -23.0034494805326 -18.9567551657334 -32.683585963579 -27.299454975244 -22.9074518789809 -14.7269182065306 -14.2283398575788 2.55116847848728 
-28.2 5.36939819006826 0.539176085648315 -11.4511074789218 -0.104259185826627 0.275920147064937 1.65060194958854 -9.01020400899154 -17.5780477036726 -26.9273061433664 -36.9703879745351 -47.5173691372099 -11.3963992106136 -22.9443841573575 -18.8567551657335 -32.7198472562794 -27.3766509447692 -23.025582525331 -14.8859835297055 -14.4283398575786 2.45397114141303 
-28 5.35330670643352 0.498627327495464 -11.410558720769 -0.123161669520961 0.216468905217751 1.5506019495885 -8.97239904160316 -17.4996939781314 -26.8084036596724 -36.8109367326882 -47.3173691372101 -11.3774967269192 -22.8849329155104 -18.7567551657334 -32.7576522236677 -27.4550046703104 -23.1444850090251 -15.0454347715524 -14.6283398575784 2.35713151794607 
-27.8 5.33736505295632 0.45845612476014 -11.3703875180337 -0.142819264050351 0.156640107953037 1.45060194958847 -8.93308385254409 -17.420207586337 -26.6887460651426 -36.6511079354231 -47.1173691372098 -11.3578391323898 -22.8251041182456 -18.6567551657334 -32.7969674127268 -27.5344910621048 -23.2641426035548 -15.2052635688175 -14.8283398575788 2.26069569314924 
-27.6 5.32156940685808 0.418652844463309 -11.3305842377368 -0.163212703456727 0.0964433882498308 1.35060194958843 -8.89229697373105 -17.3396174272271 -26.5683526257359 -36.4909112157196 -46.9173691372094 -11.3374456929835 -22.7649073985424 -18.5567551657334 -32.8377542915399 -27.6150812212147 -23.3845360429615 -15.365460288521 -15.0283398575791 2.16471535243704 
-27.4 5.30591551423833 0.379206767246514 -11.29113816052 -0.18432054902303 0.0358894654667322 1.25060194958853 -8.85008128259902 -17.2579556588783 -26.4472447801703 -36.3303572929372 -46.7173691372102 -11.3163378474172 -22.7043534757593 -18.4567551657335 -32.8799699826719 -27.6967429895635 -23.5056438885271 -15.5260142113034 -15.2283398575783 2.06924827837395 
-27.2 5.290398763296 0.340106271881389 -11.2520376651549 -0.206119558292817 -0.0250100391681798 1.1506019495885 -8.80648326405916 -17.1752571449733 -26.3254457709002 -36.1694577883019 -46.5173691372098 -11.2945388381474 -22.6434539711244 -18.3567551657334 -32.9235680012117 -27.7794415034685 -23.6274428977973 -15.6869137159387 -15.4283398575787 1.97435882594487 
-27 5.27501425606827 0.301339016043596 -11.2132704093171 -0.228585046617269 -0.0862427833304246 1.05060194958846 -8.76155228740997 -17.0915589124863 -26.2029802825754 -36.0082250441394 -46.3173691372095 -11.2720733498229 -22.5822212269622 -18.2567551657334 -32.9684989778609 -27.8631397359555 -23.749908386122 -15.8481464601012 -15.6283398575791 1.88011835068548 
-26.8 5.25975687708773 0.262892109321286 -11.1748235025948 -0.251691233172686 -0.147795876608152 0.950601949588423 -8.71533991429942 -17.0068996326535 -26.0798740960203 -35.8466719508619 -46.1173691372097 -11.2489671632675 -22.5206681336845 -18.1567551657334 -33.0147113509715 -27.9477990157883 -23.8730145726772 -16.0096995533787 -15.8283398575788 1.78660555714205 
-26.6 5.2446213577221 0.224752275344185 -11.1366836686177 -0.275411565218377 -0.209656042630944 0.850601949588529 -8.66789925020804 -16.921319134585 -25.9561537639747 -35.6848117848392 -45.9173691372099 -11.2252468312218 -22.4588079676617 -18.0567551657335 -33.0621520150629 -28.0333795138568 -23.9967349047228 -16.1715597194014 -16.0283398575786 1.69390672777318 
-26.4 5.22960233530931 0.186906000797221 -11.0988373940707 -0.299719016124487 -0.271809768084018 0.750601949588491 -8.61928434839553 -16.8348579582255 -25.8318463130683 -35.5226580593858 -45.7173691372095 -11.2009393803157 -22.3966542422086 -17.9567551657334 -33.1107669168754 -28.1198406902163 -24.1210423556292 -16.3337134448548 -16.228339857579 1.6021157851494 
-26.2 5.21469440652189 0.149339669893107 -11.0612710631666 -0.324586354316296 -0.334243437179941 0.650601949588454 -8.5695496720122 -16.7475569509381 -25.7069789748767 -35.3602243902901 -45.5173691372097 -11.1760720421239 -22.3342205731127 -17.8567551657334 -33.1605015932587 -28.2071416975037 -24.2459096938208 -16.4961471139505 -16.4283398575788 1.51133413401525 
-26 5.19989217467432 0.112039683581499 -11.023971076855 -0.349986381693118 -0.39694345086837 0.550601949588417 -8.51874961725884 -16.6594569098731 -25.5815789475001 -35.1975243766019 -45.31736913721 -11.1506720147471 -22.2715205594242 -17.7567551657333 -33.2113016480121 -28.2952417385687 -24.3713097211973 -16.6588471276386 -16.6283398575786 1.42167022562054 
-25.8 5.18519029092131 0.0749925633641216 -10.9869239566376 -0.375892141258257 -0.459896330650887 0.450601949588523 -8.46693809812799 -16.5705982705249 -25.4556731879345 -35.034571496819 -45.1173691372096 -11.1247662551819 -22.2085676796417 -17.6567551657335 -33.2631131671429 -28.3841003779169 -24.497215480763 -16.8218000074216 -16.8283398575789 1.33323878621906 
-25.6 5.17058348948139 0.0381850400543914 -10.9501164333279 -0.402277094638834 -0.523088807341194 0.350601949588486 -8.41416819136712 -16.4810208404543 -25.3292882345542 -34.8713790201289 -44.9173691372098 -11.0983813018014 -22.1453752029514 -17.5567551657334 -33.3158830739038 -28.4736778079875 -24.6236004341433 -16.9849924841117 -17.0283398575787 1.24615965648443 
-25.4 5.15606661716109 0.00160412817498666 -10.9135355214485 -0.429115270880062 -0.586507895461827 0.250601949588448 -8.36049183888495 -16.3907635760927 -25.2024500583132 -34.7079599320085 -44.71736913721 -11.0715431255601 -22.0819561148308 -17.4567551657334 -33.3695594263859 -28.5639350723491 -24.7504386103843 -17.1484115722321 -17.2283398575785 1.16055620056497 
-25.2 5.14163465755596 -0.0347628130582356 -10.8771685802153 -0.456381388413655 -0.650140954228641 0.150601949588411 -8.30595960381748 -16.299864399792 -25.0751839407793 -34.5443268732414 -44.5173691372097 -11.0442770080265 -22.018323056064 -17.3567551657333 -33.4240916614534 -28.6548342486498 -24.8777047279182 -17.3120446309992 -17.4283398575789 1.07655326400218 
-25 5.12728275036755 -0.0709280310595514 -10.841003362214 -0.484050952410916 -0.71397573622722 0.0506019495885172 -8.25062047582296 -16.2083600537962 -24.9475143767821 -34.3804920912429 -44.3173691372099 -11.0166074440293 -21.9544882740654 -17.2567551657334 -33.4794307894479 -28.7463385946456 -25.0053742919153 -17.4758794129977 -17.6283398575787 0.994274689436594 
-24.8 5.113006206313 -0.106903342302834 -10.8050280509707 -0.512100329924388 -0.778000424983974 -0.04939805041152 -8.1945217207963 -16.1162859875262 -24.8194649992689 -34.2164674024864 -44.1173691372101 -10.9885580665158 -21.8904635853086 -17.1567551657334 -33.5355295444746 -28.8384126609156 -25.1334236694286 -17.6399041017542 -17.8283398575784 0.913840437225952 
-24.6 5.09880051811482 -0.142700104628653 -10.7692312886449 -0.540506805272787 -0.842203662658192 -0.149398050411557 -8.13770877009922 -16.0236762745033 -24.6910585239202 -34.0522641648119 -43.9173691372097 -10.9601515911674 -21.8262603476344 -17.0567551657334 -33.5923424951717 -28.9310223739385 -25.2618301447773 -17.8041073394287 -18.0283398575788 0.835363402374215 
-24.4 5.08466136805163 -0.178329198217101 -10.7336021950564 -0.569248618095787 -0.906574569069639 -0.249398050411451 -8.08022514445322 -15.9305635552689 -24.5623167110973 -33.8878932584005 -43.7173691372099 -10.9314097783444 -21.761889441223 -16.9567551657335 -33.6498261208177 -29.0241350931729 -25.3905719576002 -17.9684782458401 -18.2283398575786 0.758946065029049 
-24.2 5.07058463253028 -0.213801014066602 -10.6981303792069 -0.598304986396821 -0.971102753220174 -0.349398050411489 -8.02211240785144 -15.8369790028176 -24.4332603427965 -33.7233650742502 -43.5173691372101 -10.9023534100434 -21.6973612570724 -16.8567551657334 -33.7079388574195 -29.1177196456242 -25.519628325901 -18.1330064299904 -18.4283398575784 0.684677152989628 
-24 5.05656638411708 -0.249125448875456 -10.6628059443981 -0.627656116779151 -1.03577831841136 -0.449398050411526 -7.96341014708649 -15.7429523072438 -24.3039092124139 -33.5586895090587 -43.3173691372098 -10.873002279661 -21.6326856918812 -16.7567551657334 -33.7666411181844 -29.211746341198 -25.6489794562836 -18.2976819951819 -18.6283398575787 0.612628523837037 
-23.8 5.04260289142304 -0.284311905331044 -10.6276194879425 -0.657283203868012 -1.10059186195581 -0.549398050411563 -7.90415597290848 -15.6485116766102 -24.1742821253247 -33.393875965514 -43.1173691372094 -10.8433751925722 -21.5678721483368 -16.6567551657334 -33.8258952923624 -29.3061869718316 -25.7786065433728 -18.4624955387266 -18.8283398575791 0.542852484502013 
-23.6 5.02869061720922 -0.319369296884057 -10.5925620963895 -0.687168420761879 -1.16553447040269 -0.649398050411457 -7.84438553912132 -15.55368385127 -24.0443969084315 -33.2289333570678 -42.9173691372102 -10.8134899756783 -21.5029295398899 -16.5567551657335 -33.8856657261496 -29.4010147971718 -25.908491760266 -18.6274381471728 -19.0283398575783 0.475379752296854 
-23.4 5.01482621503479 -0.354306056195103 -10.5576253370784 -0.717294902139825 -1.23059771109168 -0.749398050411494 -7.78413257636514 -15.4584941292028 -23.9142704270532 -33.0638701163784 -42.7173691372099 -10.7833634943004 -21.4378662992009 -16.4567551657334 -33.9459186889058 -29.496204519239 -26.0386182416443 -18.7925013878622 -19.2283398575787 0.410218222307736 
-23.2 5.00100652473788 -0.38913014652242 -10.5228012467511 -0.747646721485229 -1.2957736207644 -0.849398050411531 -7.72342893767405 -15.3629664001844 -23.7839186077075 -32.8986942067054 -42.5173691372095 -10.753011674955 -21.3726903895282 -16.3567551657334 -34.0066223275969 -29.5917322482574 -26.16897006099 -18.9576772975352 -19.428339857579 0.347352644698223 
-23 4.98722856699532 -0.423849075430686 -10.4880823178428 -0.778208863668733 -1.36105469185617 -0.949398050411569 -7.66230465330732 -15.2671231869094 -23.6533564655242 -32.7334131356139 -42.3173691372097 -10.7224495327715 -21.3074093184364 -16.2567551657334 -34.0677466119636 -29.6875754615324 -26.2995322031732 -19.1229583686267 -19.6283398575788 0.286745239517814 
-22.8 4.97348953718701 -0.458469910252205 -10.4534614830213 -0.808967194025589 -1.42643385703455 -1.04939805041146 -7.60078799259361 -15.1709856913742 -23.5225981351675 -32.5680339704356 -42.1173691372099 -10.6916912024146 -21.2420301532581 -16.1567551657335 -34.1292632726773 -29.7837129570676 -26.43029053353 -19.288337533805 -19.8283398575786 0.22833719662706 
-22.6 4.95978679874449 -0.492999294847799 -10.4189320984257 -0.839908424834439 -1.49190447243899 -1.1493980504115 -7.53890553097563 -15.0745738451606 -23.3916569043583 -32.4025633550308 -41.9173691372095 -10.6607499716058 -21.1765595378536 -16.0567551657334 -34.1911457342953 -29.8801248032812 -26.5612317643392 -19.4538081492098 -20.028339857579 0.172050935963925 
-22.4 4.94611787614526 -0.527443467260168 -10.3844879260133 -0.871020080009738 -1.55746030002666 -1.24939805041154 -7.47668222062532 -14.9779063623979 -23.2605452491833 -32.2370075274434 -41.7173691372098 -10.6296383164305 -21.1110037102659 -15.9567551657334 -34.2533690446456 -29.9767922860439 -26.6923434195142 -19.6193639767972 -20.2283398575788 0.117792948357812 
-22.2 4.93248044768808 -0.561808277919587 -10.3501231153539 -0.902290458690936 -1.62309548936727 -1.34939805041157 -7.41414146326321 -14.8810007943764 -23.1292748705023 -32.071372338103 -41.51736913721 -10.5983679377493 -21.0453685209253 -15.8567551657334 -34.3159098020077 -30.0736978540654 -26.8236137981952 -19.7849991661375 -20.4283398575786 0.0654570057930298 
-22 4.9188723381582 -0.596099208126488 -10.315832185147 -0.93370859827703 -1.68880455916027 -1.44939805041147 -7.35130518409044 -14.7838735849967 -22.9978567309157 -31.9056632683096 -41.3173691372096 -10.5669497981632 -20.9796594511323 -15.7567551657335 -34.3787460811805 -30.1708250634451 -26.9550319377817 -19.950708235931 -20.6283398575789 0.0149275241236531 
-21.8 4.90529151147261 -0.630321388584764 -10.2816100046888 -0.965264237360513 -1.75458237870203 -1.54939805041151 -7.28819390592376 -14.6865401263718 -22.8663010918325 -31.7398854487681 -41.1173691372098 -10.5353941590797 -20.9138816315906 -15.6567551657334 -34.4418573593471 -30.26815852207 -27.086587576865 -20.1164860554725 -20.8283398575787 -0.0339171219479421 
-21.6 4.89173606338486 -0.664479617784777 -10.2474517754887 -0.996947778960526 -1.82042414950205 -1.64939805041154 -7.22482682272402 -14.589014813972 -22.7346175502328 -31.5740436779683 -40.91736913721 -10.5037106174797 -20.8480398607905 -15.5567551657334 -34.5052244425469 -30.3656838344698 -27.2182711184647 -20.2823278262723 -21.0283398575785 -0.0812014980978498 
-21.4 4.87820421430048 -0.698578380107638 -10.2133530131659 -1.02875025431484 -1.88632538717923 -1.74939805041158 -7.16122187201511 -14.4913111009402 -22.6028150748781 -31.4081424402908 -40.7173691372097 -10.4719081421254 -20.7821386231134 -15.4567551657333 -34.5688293932558 -30.4633875475016 -27.3500735938194 -20.4482290639498 -21.2283398575789 -0.127050346829657 
-21.2 4.86469430225543 -0.732621863518834 -10.1793095297547 -1.06066328749234 -1.95228190376793 -1.84939805041147 -7.0973958056601 -14.393441551174 -22.4709020417007 -31.2421859237022 -40.5173691372099 -10.4399951089478 -20.7161821065247 -15.3567551657335 -34.6326554596108 -30.5612570972678 -27.4819866269968 -20.6141855805384 -21.4283398575786 -0.171586238247473 
-21 4.85120477609077 -0.76661397676726 -10.1453174165063 -1.09267906099553 -2.01828979051954 -1.94939805041151 -7.03336425865402 -14.2954178909195 -22.3388862681978 -31.0761780369509 -40.3173691372101 -10.4079793354447 -20.6501742197731 -15.2567551657334 -34.6966870066169 -30.6592807575223 -27.6140024004997 -20.7801934672897 -21.6283398575784 -0.214927669479912 
-20.8 4.83773418884991 -0.800558366023378 -10.1113730272501 -1.12479028248333 -2.08434540126346 -2.04939805041155 -6.96914181567813 -14.1972510586875 -22.2067750467097 -30.9101224262066 -40.1173691372097 -10.3758681139569 -20.5841186090291 -15.1567551657334 -34.7609094495928 -30.7574475897543 -27.7461136219878 -20.946249078034 -21.8283398575788 -0.257187611382386 
-20.6 4.82428119140828 -0.834458430931855 -10.0774729623417 -1.15699015266627 -2.15044533635488 -2.14939805041144 -6.90474207531225 -14.0989512534132 -22.0745751765268 -30.7440224911153 -39.91736913721 -10.3436682437739 -20.5180186739377 -15.0567551657335 -34.8253091899587 -30.8557473950286 -27.8783134921706 -21.1123490131253 -22.0283398575786 -0.298472474307085 
-20.4 4.81084452635669 -0.868317340024709 -10.0436140532488 -1.1892723344806 -2.21658642726206 -2.24939805041148 -6.84017771168388 -14.0005279806919 -21.9422929947127 -30.5778814002084 -39.7173691372102 -10.3113860619596 -20.4518775830305 -14.9567551657335 -34.889873553587 -30.9541706677499 -28.0105956739847 -21.2784901040322 -22.2283398575784 -0.338881447098196 
-20.2 4.79742302213302 -0.902138045508801 -10.0097933477647 -1.22163092351245 -2.282765721778 -2.34939805041152 -6.77546053361989 -13.9019900971438 -21.8099344056806 -30.4117021056921 -39.5173691372098 -10.2790274729277 -20.3856982885146 -14.8567551657334 -34.954590731651 -31.052708551298 -28.1429542630169 -21.4446693985485 -22.4283398575787 -0.378506153830109 
-20 4.7840155874064 -0.935923297417199 -9.97600809585632 -1.25406041969569 -2.34898046986964 -2.44939805041155 -6.71060154125312 -13.8033458528687 -21.677504909497 -30.2454873576001 -39.3173691372094 -10.2465979767445 -20.319483540423 -14.7567551657334 -35.0194497240178 -31.1513527955731 -28.2753837592005 -21.6108841466405 -22.6283398575791 -0.41743056990521 
-19.8 4.77062120569637 -0.969675657168182 -9.94225573610534 -1.28655570019362 -2.41522811011855 -2.54939805041145 -6.64561098025784 -13.7046029321224 -21.5450096289998 -30.0792397173519 -39.1173691372102 -10.2141026962466 -20.253235900174 -14.6567551657335 -35.0844402850131 -31.2500957163194 -28.4078790396977 -21.7771317868887 -22.8283398575783 -0.455731140893389 
-19.6 4.75723893023136 -1.00339751052135 -9.90853388275217 -1.31911199348732 -2.48150625676542 -2.64939805041149 -6.58049839367015 -13.6057684921816 -21.4124533357057 -29.9129615707047 -38.9173691372099 -10.1815464029529 -20.1869577535272 -14.5567551657334 -35.1495528716008 -31.3489301562602 -28.5404353329917 -21.9434099335359 -23.0283398575787 -0.493477052603878 
-19.4 4.74386787901519 -1.03709108000944 -9.87484031326408 -1.35172485451119 -2.54781268727738 -2.74939805041152 -6.51527267162213 -13.5068492006455 -21.2798404746815 -29.7466551401924 -38.7173691372095 -10.148933541929 -20.1206513230152 -14.4567551657334 -35.2147785936488 -31.4478494477964 -28.6730481940159 -22.1097163640482 -23.228339857579 -0.530730607458865 
-19.2 4.7305072300885 -1.0707584368791 -9.84117295639441 -1.38439014077189 -2.61414533040775 -2.84939805041156 -6.44994209910101 -13.4078512712547 -21.1471751884211 -29.5803224970623 -38.5173691372097 -10.1162682556683 -20.0543186798849 -14.3567551657334 -35.2801091661699 -31.5468473771871 -28.8057134802764 -22.2760490071783 -23.4283398575788 -0.567547669726944 
-19 4.7171562169503 -1.10440151262805 -9.80752988064547 -1.41710398927389 -2.68050225465869 -2.94939805041145 -6.38451440209701 -13.3087804985017 -21.0144613399192 -29.4139655728115 -38.3173691372099 -10.0835544071663 -19.9879617556339 -14.2567551657335 -35.3455368631739 -31.6459181499401 -28.9384273287783 -22.4424059314291 -23.6283398575786 -0.603978149380935 
-18.8 4.70381412412862 -1.13802211016642 -9.7739092831071 -1.44986279419718 -2.74688165712036 -3.04939805041149 -6.31899679225013 -13.2096422911165 -20.8817025349956 -29.2475861703495 -38.1173691372096 -10.050795602243 -19.9215823531722 -14.1567551657334 -35.4110544730208 -31.7450563573253 -29.0711861337019 -22.6087853338911 -23.828339857579 -0.640066501206289 
-18.6 4.69048028282339 -1.17162191479643 -9.74030947847709 -1.4826631849372 -2.81328185249039 -3.14939805041153 -6.25339601077038 -13.1104417050067 -20.7489021442558 -29.0811859749797 -37.9173691372098 -10.017995211503 -19.8551821578022 -14.0567551657334 -35.4766552545005 -31.8442569434351 -29.2039865244417 -22.7751855292609 -24.0283398575788 -0.675852221397852 
-18.4 4.67715406662614 -1.20520250499805 -9.70672888827546 -1.51550200453399 -2.8797012622888 -3.24939805041157 -6.18771837157709 -13.0111834756118 -20.6160633246593 -28.9147665651815 -37.71736913721 -9.9851563919062 -19.7887627480038 -13.9567551657334 -35.5423328936938 -31.94351517283 -29.3368253440382 -22.9416049390591 -24.2283398575785 -0.711370329292995 
-18.2 4.6638348872038 -1.23876536330559 -9.67316602996793 -1.54837628791882 -2.94613840398116 -3.34939805041146 -6.12196980480687 -12.911872050534 -20.483189041274 -28.7483294234887 -37.5173691372096 -9.95228210852138 -19.7223256063114 -13.8567551657335 -35.608081460464 -32.0428265979078 -29.4696996274235 -23.1080420807519 -24.4283398575789 -0.746651825435008 
-18 4.65052218992964 -1.27231188731698 -9.63961950595654 -1.58128323989607 -3.0125918799698 -3.4493980504115 -6.05615590085265 -12.8125116225684 -20.350282089297 -28.5818759475003 -37.3173691372098 -9.91937515654412 -19.6558721303228 -13.7567551657334 -35.6738953644183 -32.1421870258734 -29.6026065794005 -23.2744955567403 -24.6283398575787 -0.781724120915562 
-17.8 4.63721544934096 -1.30584340114011 -9.60608799213341 -1.61422021224985 -3.07906036614671 -3.54939805041153 -5.99028195614538 -12.713106164038 -20.2173451169434 -28.4154074613237 -37.1173691372101 -9.88643818419034 -19.5894036441459 -13.6567551657334 -35.7397693091255 -32.2415924844038 -29.735543551754 -23.4409640429169 -24.8283398575785 -0.816611435011081 
-17.6 4.6239141643443 -1.33936116747506 -9.57257022579846 -1.64718467958 -3.1455425998118 -3.64939805041157 -5.9243530214848 -12.6136594630425 -20.084380649613 -28.2489252276582 -36.9173691372097 -9.85347371686019 -19.5229214104808 -13.5567551657334 -35.8056982437861 -32.3410391853993 -29.8685080190845 -23.6074462765824 -25.0283398575788 -0.851335160309619 
-17.4 4.61061785303918 -1.37286640065765 -9.53906499261587 -1.6801742132147 -3.2120373666291 -3.74939805041147 -5.85837395421539 -12.5141751625905 -19.9513911159784 -28.082430460841 -36.7173691372099 -9.82048418322549 -19.4564266436635 -13.4567551657335 -35.8716773110555 -32.4405234858513 -30.0014975527191 -23.7739410433995 -25.2283398575786 -0.885914195776171 
-17.2 4.59732604699275 -1.40636028108691 -9.5055711121866 -1.71318645235621 -3.27854348619988 -3.8493980504115 -5.79234947593265 -12.4146568038785 -19.8183788768371 -27.9159243412705 -36.5173691372101 -9.78747194408398 -19.3899205240927 -13.3567551657334 -35.9377017893383 -32.5400418445633 -30.1345097918604 -23.9404471629701 -25.4283398575784 -0.920365249155286 
-17 4.58403828479022 -1.43984397147699 -9.47208742179653 -1.74621907157609 -3.34505979580984 -3.94939805041154 -5.7262842374926 -12.3151078750484 -19.6853462576169 -27.7494080316602 -36.3173691372098 -9.7544393248641 -19.3234042144828 -13.2567551657334 -36.0037670277783 -32.6395907733934 -30.2675424110806 -24.1069634725804 -25.6283398575788 -0.954703110944492 
-16.8 4.57075410465345 -1.47331863545774 -9.43861275781578 -1.7792697436145 -3.41158513182899 -4.04939805041143 -5.66018289341579 -12.2155318669908 -19.5522955855786 -27.5828826956412 -36.11736913721 -9.72138865282569 -19.2568788784636 -13.1567551657335 -36.0698683718551 -32.739166781451 -30.4005930831189 -24.2734888085994 -25.8283398575786 -0.988940902717343 
-16.6 4.55747303575563 -1.50678545946061 -9.40514593381291 -1.8123360956088 -3.47811830782615 -4.14939805041147 -5.59405018942748 -12.1159323389996 -19.4192292335846 -27.4163495196443 -35.9173691372102 -9.68832230083139 -19.1903457024665 -13.0567551657335 -36.1360010758434 -32.8387663094422 -30.5336594351129 -24.4400219845963 -26.0283398575783 -1.02309030236659 
-16.4 4.54419458796597 -1.54024567856096 -9.37168571471256 -1.84541565740813 -3.54465808872584 -4.24939805041151 -5.52789106582853 -12.0163129963003 -19.2861496717849 -27.2498097387443 -35.7173691372098 -9.65524273903206 -19.1238059215668 -12.9567551657334 -36.2021601994424 -32.9383856521415 -30.6667389969126 -24.6065617654963 -26.2283398575787 -1.05716174993823 
-16.2 4.53091823953332 -1.57370060751394 -9.33823078575958 -1.87850579950221 -3.6112031597729 -4.34939805041155 -5.46171078164009 -11.9166777831589 -19.1530595296905 -27.0832646676969 -35.5173691372095 -9.62215259693798 -19.0572608505197 -12.8567551657334 -36.2683404836308 -33.0380208652829 -30.799829139007 -24.7731068365437 -26.4283398575791 -1.09116463723372 
-16 4.5176434221401 -1.60715167841697 -9.30477971485655 -1.91160365769603 -3.67775208886976 -4.44939805041144 -5.39551506525301 -11.8170309958688 -19.0199616714973 -26.9167157386007 -35.3173691372102 -9.58905473874416 -18.9907119214228 -12.7567551657335 -36.3345362000179 -33.137667652573 -30.9329269972001 -24.9396557656399 -26.6283398575783 -1.12510748466726 
-15.8 4.50436950266903 -1.64060048665554 -9.27133090661798 -1.94470604121893 -3.74430328063122 -4.54939805041148 -5.32931029820693 -11.7173774205841 -18.8868592879741 -26.7501645468389 -35.1173691372099 -9.55595235522126 -18.9241607296614 -12.6567551657335 -36.400740967064 -33.2373212278577 -31.0660293807233 -25.1062069574017 -26.8283398575786 -1.15899810927164 
-15.6 4.49109576086448 -1.67404884719415 -9.23788254607936 -1.97780932014174 -3.81085492009265 -4.64939805041151 -5.26310374036102 -11.6177225021996 -18.753756009051 -26.5836129073772 -34.9173691372095 -9.52284907629845 -18.8576090902 -12.5567551657334 -36.4669475249099 -33.3369761462422 -31.1991326596465 -25.2727585968634 -27.028339857579 -1.19284378797227 
-15.4 4.47782136179812 -1.70749886395979 -9.20443252931373 -2.01090928661051 -3.87740490332705 -4.74939805041155 -5.19690380742377 -11.5180725524967 -18.6206560425825 -26.417062924143 -34.7173691372097 -9.48974910982968 -18.7910591069656 -12.4567551657334 -36.5331474578471 -33.4366260959451 -31.332232626115 -25.4393085800976 -27.2283398575788 -1.22665142015372 
-15.2 4.46454532191292 -1.74095301540735 -9.17097837786617 -2.04400098371528 -3.94395075187938 -4.84939805041145 -5.13072041321423 -11.4184350068396 -18.4875643454778 -26.2505170755908 -34.5173691372099 -9.45665741272491 -18.7245132584132 -12.3567551657335 -36.5993308520567 -33.5362636416022 -31.4653243232197 -25.6058544286498 -27.4283398575786 -1.26042769437176 
-15 4.45126646721401 -1.77441425987398 -9.13751713339954 -2.07707849478206 -4.01048950741279 -4.94939805041148 -5.06456539108038 -11.3188187402392 -18.3544868344107 -26.083978320057 -34.3173691372096 -9.42357990165813 -18.6579745028798 -12.2567551657334 -36.6654858741905 -33.6358799082026 -31.5984018342868 -25.7723931841835 -27.6283398575789 -1.29417926482418 
-14.8 4.43798338165088 -1.80788616565026 -9.10404522762326 -2.11013468322954 -4.07701760163655 -5.04939805041152 -4.9984530141857 -11.2192344575682 -18.2214306459635 -25.9174502258335 -34.1173691372098 -9.39052371321065 -18.5914464086561 -12.1567551657334 -36.7315982510852 -33.7354641908736 -31.731458022734 -25.9389212784071 -27.8283398575787 -1.3279129425851 
-14.6 4.42469434370469 -1.84137307077322 -9.0705583225003 -2.14316087298366 -4.14353069651363 -5.14939805041156 -4.93240063467776 -11.1196951729373 -18.0884044562096 -25.7509371309567 -33.91736913721 -9.35749752345653 -18.524933313779 -12.0567551657334 -36.7976506305931 -33.8350034755045 -31.8644842124879 -26.1054343732839 -28.0283398575785 -1.36163590864386 
-14.4 4.41139724880613 -1.87488027852457 -9.03705111474895 -2.17614645748085 -4.21002348876217 -5.24939805041145 -4.86642946568281 -11.020216796191 -17.955418871712 -25.5844443387077 -33.7173691372096 -9.32451193895935 -18.4584405215304 -11.9567551657335 -36.8636217995881 -33.9344818522508 -31.9974697969855 -26.2719271655329 -28.2283398575789 -1.39535595600853 
-14.2 4.39808951474351 -1.9084142957921 -9.00351709748142 -2.20907842294583 -4.27648947149468 -5.34939805041149 -4.80056553475313 -10.9208188479938 -17.8224869062472 -25.4179783559754 -33.5173691372099 -9.29157997349436 -18.3919745387979 -11.8567551657334 -36.9294857305178 -34.033879800448 -32.1304017624503 -26.4383931482652 -28.4283398575787 -1.4290817676118 
-14 4.38476796746436 -1.94198312083679 -8.96994827243673 -2.24194077285649 -4.34292064645003 -5.44939805041153 -4.73484083493209 -10.8215253231281 -17.6896245563368 -25.2515471810203 -33.3173691372101 -9.2587176235837 -18.3255433638426 -11.7567551657334 -36.9952104303388 -34.1331733253137 -32.2632641123607 -26.6048243232202 -28.6283398575785 -1.46282323890642 
-13.8 4.37142870446351 -1.97559658753981 -8.9363348057337 -2.27471383945047 -4.40930717974704 -5.54939805041156 -4.66929470174384 -10.7223657232368 -17.5568514897425 -25.085160647723 -33.1173691372097 -9.22594455698972 -18.2591568305456 -11.6567551657334 -37.0607565635271 -34.232332925205 -32.396037178955 -26.7712108565176 -28.8283398575788 -1.49659185209941 
-13.6 4.35806693366048 -2.0092667714137 -8.90266462185982 -2.30737347170259 -4.47563699587305 -5.64939805041146 -4.6039754372396 -10.6233762748587 -17.4241918574905 -24.9188308315971 -32.9173691372099 -9.1932849247376 -18.1928270144196 -11.5567551657335 -37.1260758280313 -34.3313223735831 -32.528696811207 -26.9375406726435 -29.0283398575786 -1.53040110852644 
-13.4 4.34467678676756 -2.04300845989418 -8.86892293337933 -2.33989009474166 -4.5418953073926 -5.74939805041149 -4.53894219116175 -10.5246013403003 -17.2916752344517 -24.7525725200778 -32.7173691372101 -9.16076830169853 -18.1265687029 -11.4567551657334 -37.1911090741091 -34.4300973081415 -32.6612134342458 -27.1037989841628 -29.2283398575784 -1.56426702210067 
-13.2 4.33125110843557 -2.07683968366936 -8.83509170960416 -2.37222764719134 -4.60806408361746 -5.84939805041153 -4.4742670862621 -10.4260950116255 -17.1593376820017 -24.5864037438526 -32.5173691372098 -9.12843074924885 -18.0603999266751 -11.3567551657334 -37.2557841790088 -34.5286036368163 -32.7935509866958 -27.269967760388 -29.4283398575788 -1.5982086715295 
-13 4.31778122612632 -2.11078229657585 -8.80114909669767 -2.4043424213784 -4.674121470711 -5.94939805041157 -4.4100375378877 -10.3279228503446 -17.0272229078143 -24.4203463567587 -32.3173691372094 -9.09631597506179 -17.9943425395816 -11.2567551657334 -37.3200137273832 -34.6267757980972 -32.9256657608832 -27.4360251474818 -29.6283398575791 -1.6322487999006 
-12.8 4.30425671110825 -2.14486257786316 -8.76706881541035 -2.43618185880367 -4.74004118942359 -6.04939805041146 -4.34635866303773 -10.2301636942073 -16.8953834703897 -24.2544266380468 -32.1173691372102 -9.06447653763652 -17.928422820869 -11.1567551657335 -37.3836926022332 -34.7245349542345 -33.0575051983078 -27.6019448661937 -29.8283398575783 -1.66641443604952 
-12.6 4.29066514872829 -2.17911181108328 -8.73281958219023 -2.46768339236347 -4.8057919562035 -6.1493980504115 -4.28335559591785 -10.1329113938673 -16.7638819368296 -24.0886758712666 -31.9173691372098 -9.03297500407672 -17.8626720540891 -11.0567551657334 -37.446695669353 -34.8217872545745 -33.1890067318679 -27.767695632974 -30.0283398575787 -1.70073749315246 
-12.4 4.27699194585475 -2.21356676931329 -8.69836462396022 -2.49877347590348 -4.87133699797353 -6.24939805041154 -4.22117542883754 -10.036276268557 -16.6327918532892 -23.9231308294963 -31.7173691372095 -9.00188492053671 -17.7971270123191 -10.9567551657334 -37.5088758364334 -34.9184223798848 -33.3200968154082 -27.9332406747443 -30.2283398575791 -1.73525527502987 
-12.2 4.26322021443757 -2.24827000857059 -8.66366138470293 -2.52936699738879 -4.93663375871613 -6.34939805041143 -4.15998838586749 -9.94038598632966 -16.5021983318046 -23.7578340687543 -31.5173691372103 -8.9712913990514 -17.7318302515765 -10.8567551657335 -37.5700628794034 -35.0143126621121 -33.4506903368929 -28.0985374354863 -30.4283398575783 -1.77001079259404 
-12 4.24933078064023 -2.2832698448015 -8.62866154847202 -2.55936732492701 -5.00163392248526 -6.44939805041147 -4.09998773079076 -9.84538549502203 -16.3721980042661 -23.5928339049849 -31.3173691372099 -8.94129107151318 -17.6668300878073 -10.7567551657335 -37.6300635344801 -35.1093131534198 -33.5806906644314 -28.2635375992557 -30.6283398575786 -1.80505276825494 
-11.8 4.23530237410141 -2.31861987696286 -8.59331151631066 -2.58866726060432 -5.06628389032393 -6.54939805041151 -4.04138785943586 -9.75143559150576 -16.2428980685884 -23.4281839371459 -31.1173691372095 -8.91199113583587 -17.6021801199687 -10.6567551657334 -37.688663405835 -35.203263056936 -33.709990600109 -28.4281875670947 -30.828339857579 -1.84043518735747 
-11.6 4.22111204894427 -2.35437792612526 -8.55755346714825 -2.61715116227955 -5.13052584116157 -6.64939805041154 -3.98442005608569 -9.65870973899319 -16.1144141669134 -23.2639419863085 -30.9173691372098 -8.88350723416064 -17.537938169131 -10.5567551657334 -37.7456312091852 -35.2959889094486 -33.838474501784 -28.5924295179321 -31.0283398575788 -1.87621626943519 
-11.4 4.20673586873345 -2.39060430945711 -8.52132708381641 -2.64469839561576 -5.19429945782962 -6.74939805041144 -3.92932558941327 -9.56738888898893 -15.9868669335773 -23.1001683696406 -30.71736913721 -8.85596000082443 -17.474164552463 -10.4567551657335 -37.8007256758576 -35.3873097594529 -33.9660217351201 -28.7562031346 -31.2283398575786 -1.91245677367649 
-11.2 4.19214985151848 -2.42735945881985 -8.48457193445367 -2.67118809689032 -5.25754430846692 -6.84939805041147 -3.87634618686387 -9.47765433707679 -15.8603772323025 -22.9369235190029 -30.5173691372096 -8.82947029954987 -17.4109197018257 -10.3567551657335 -37.853705078407 -35.477044311365 -34.092511436395 -28.9194479852377 -31.4283398575789 -1.9492176451712 
-11 4.17733112015012 -2.46470102209809 -8.44723037117543 -2.69650497033388 -5.32020274518871 -6.94939805041151 -3.82571243997704 -9.38967902691171 -15.7350603588591 -22.7742650822814 -30.3173691372098 -8.80415342610631 -17.3482612651039 -10.2567551657334 -37.9043388252939 -35.5650196215301 -34.2178283098383 -29.0821064219592 -31.6283398575787 -1.9865571391016 
-10.8 4.16225914691131 -2.50268072686734 -8.40925066640618 -2.72054556079541 -5.3822230404195 -7.04939805041155 -3.77763125905425 -9.30361814121968 -15.6110197683979 -22.6122447870508 -30.11736913721 -8.78011283564478 -17.2862409698731 -10.1567551657334 -37.9524200062166 -35.6510805072221 -34.3418689002996 -29.2441267171897 -31.8283398575785 -2.0245276937974 
-10.6 4.14691694059402 -2.54134138909165 -8.37059000418187 -2.74322423634668 -5.44356237819508 -7.14939805041144 -3.73227390795114 -9.21960012789226 -15.4883410928461 -22.4509054492748 -29.9173691372097 -8.75743416009351 -17.2249016320975 -10.0567551657335 -37.9977773573198 -35.7350985205495 -34.4645475758513 -29.4054660549658 -32.0283398575789 -2.06317293712373 
-10.4 4.13129201268021 -2.58071447845458 -8.33121691481894 -2.76447805762087 -5.50418928883219 -7.24939805041148 -3.68976626540306 -9.13771939598125 -15.3670872715722 -22.2902785386379 -29.7173691372099 -8.73618033881933 -17.1642747214604 -9.95675516573345 -38.0402849998678 -35.8169792524606 -34.5858013971253 -29.5660929656027 -32.2283398575787 -2.1025252357928 
-10.2 4.115376988567 -2.6208185781393 -8.29111281513421 -2.78426985825145 -5.5640851891475 -7.34939805041152 -3.65018266414218 -9.05803169503564 -15.2472954709419 -22.1303826383229 -29.5173691372101 -8.71638853818874 -17.1043788211451 -9.85675516573341 -38.0798686011287 -35.8966669534062 -34.7055931977556 -29.7259888659177 -32.4283398575784 -2.1426041251097 
-10 4.09916979375484 -2.66165891565519 -8.25027247761833 -2.80258918321971 -5.62324485163165 -7.44939805041155 -3.61354401420537 -8.98055270758294 -15.1289761459733 -21.9712229758384 -29.3173691372097 -8.69806921322048 -17.045219158661 -9.75675516573338 -38.1165072510655 -35.9741459408589 -34.8239125227242 -29.8851485284022 -32.6283398575788 -2.18341580511257 
-9.80000000000004 4.08267342181134 -2.7032279475431 -8.20870344573041 -2.81945111944378 -5.68167581974363 -7.54939805041145 -3.57982014175724 -8.9052598032469 -15.0121142097493 -21.8127920077265 -29.1173691372099 -8.68120727699642 -16.986788190549 -9.65675516573348 -38.1502311235137 -36.0494388451949 -34.9407744589482 -30.0435794965141 -32.8283398575786 -2.22495368576388 
-9.60000000000004 4.06589536009524 -2.74550680648752 -8.16642458678599 -2.83489340155497 -5.73939696079925 -7.64939805041149 -3.54893557753513 -8.83209638008037 -14.8966719276384 -21.6550708666712 -28.9173691372102 -8.66576499488522 -16.9290670494934 -9.55675516573344 -38.1811156877358 -36.1226022683614 -35.0562167410591 -30.2013006375694 -33.0283398575784 -2.26719980086565 
-9.40000000000004 4.04884678950257 -2.78846731786767 -8.12346407540584 -2.84897237879471 -5.79643644941914 -7.74939805041152 -3.52077762305537 -8.76097791422046 -14.7825929503983 -21.4980313780509 -28.7173691372098 -8.65168601764548 -16.8720275608735 -9.45675516573341 -38.2092736422155 -36.1937207342213 -35.1702957182992 -30.3583401261896 -33.2283398575787 -2.31012679797864 
-9.20000000000004 4.0315416835736 -2.83207426990833 -8.07985712336519 -2.86175847471344 -5.85282949737852 -7.84939805041156 -3.49520543121762 -8.69179877034205 -14.6698068544792 -21.3416383300912 -28.5173691372094 -8.63889992172675 -16.8156345129141 -9.35675516573337 -38.2348458340533 -36.2628998780998 -35.2830818142182 -30.5147331741493 -33.4283398575791 -2.35370018914494 
-9.00000000000004 4.01399591558875 -2.87628766369928 -8.03564372957424 -2.87333168713143 -5.90861610358746 -7.94939805041145 -3.47205900638223 -8.62443895171571 -14.5582336420619 -21.185851723883 -28.3173691372102 -8.62732670930876 -16.7598479067051 -9.25675516573348 -38.2579922588887 -36.3302596967261 -35.3946550266355 -30.6705197803576 -33.6283398575783 -2.39788059575464 
-8.80000000000004 3.99622645045892 -2.92106474954231 -7.99086664373121 -2.88377751544541 -5.96383901774447 -8.04939805041149 -3.45116734975398 -8.55877020924443 -14.4477878137476 -21.0306288097256 -28.1173691372099 -8.61688088099478 -16.7046249925481 -9.15675516573344 -38.2788839155169 -36.3959284391974 -35.5051008549498 -30.8257426945149 -33.8283398575787 -2.44262578799579 
-8.60000000000004 3.97825066483929 -2.96636174018923 -7.94556965308429 -2.8931835341516 -6.01854202709758 -8.14939805041153 -3.4323553123413 -8.49466118118483 -14.3383817950411 -20.8759258003722 -27.9173691372095 -8.60747486228859 -16.649921983195 -9.0567551657334 -38.2976959529296 -36.460037467257 -35.6145068736563 -30.9804457038684 -34.028339857579 -2.4878924023654 
-8.40000000000004 3.96008581135575 -3.01213516093184 -7.89979623234168 -2.90163669266628 -6.07276860635487 -8.24939805041142 -3.41544899531252 -8.43198144341344 -14.2299286365271 -20.7216992211156 -27.7173691372103 -8.59902170377391 -16.5956954039377 -8.95675516573351 -38.3146022699584 -36.5227172050284 -35.7229600321703 -31.134672283125 -34.2283398575782 -2.53363731176163 
-8.20000000000005 3.94174862132968 -3.05834285069168 -7.85358854258183 -2.90922131314663 -6.12656091659506 -8.34939805041146 -3.40027975435153 -8.37060451269261 -14.1223440160464 -20.5679069108751 -27.5173691372099 -8.59143708329356 -16.5419030936975 -8.85675516573347 -38.3297715109194 -36.5840941357492 -35.830544652651 -31.2884645933655 -34.4283398575786 -2.57981864086547 
-8.00000000000005 3.92325503024476 -3.10494465381323 -7.80698673946028 -2.91601770690357 -6.17995911347355 -8.4493980504115 -3.38668696683737 -8.3104099220569 -14.0155476222892 -20.4145087139963 -27.3173691372096 -8.58464068953662 -16.4885048968191 -8.75675516573343 -38.3433642984335 -36.6442887263849 -35.9373410464083 -31.4418627902443 -34.628339857579 -2.62639648148567 
-7.80000000000005 3.90462000420812 -3.15190285736262 -7.7600285359109 -2.92210129980483 -6.2330009099242 -8.54939805041153 -3.37451978103512 -8.25128453270527 -13.9094640293882 -20.2614669175459 -27.1173691372098 -8.57855709663536 -16.4354631003684 -8.6567551657334 -38.3555314842358 -36.7034141157365 -36.0434246393093 -31.5949045866947 -34.8283398575788 -2.67333335400547 
-7.60000000000005 3.88585744541378 -3.19918242934921 -7.71274896392431 -2.92754215583154 -6.2857213379375 -8.64939805041143 -3.36363806898171 -8.19312324866526 -13.8040231733616 -20.1087464895327 -26.91736913721 -8.57311624060865 -16.3827426723551 -8.5567551657335 -38.3664131962892 -36.7615753997766 -36.1488654953359 -31.7476250147079 -35.0283398575786 -2.72059446707097 
-7.40000000000005 3.86698015699112 -3.24675110730377 -7.66518028596975 -2.93240479992247 -6.33815265998299 -8.74939805041147 -3.35391278079956 -8.13582928252856 -13.6991605292703 -19.9563151674869 -26.7173691372096 -8.56825359651772 -16.3303113503096 -8.45675516573347 -38.3761384844713 -36.8188693659133 -36.2537281394272 -31.9000563367537 -35.2283398575789 -2.76814784139048 
-7.20000000000005 3.84799984988422 -3.29457938094305 -7.61735201233047 -2.93674825264394 -6.39032438634374 -8.8493980504115 -3.34522587535691 -8.07931410344663 -13.5948170765491 -19.8041434411264 -26.5173691372098 -8.56391014379625 -16.2781396239489 -8.35675516573343 -38.384825389914 -36.8753845449952 -36.3580715921484 -32.0522280631142 -35.4283398575787 -2.81596432298324 
-7.00000000000005 3.82892717866925 -3.34264040191407 -7.56929099135945 -2.94062621070193 -6.44226336537276 -8.94939805041154 -3.33746995924121 -8.0234971663599 -13.4909391184913 -19.6522044620976 -26.31736913721 -8.56003218573826 -16.2262006449198 -8.25675516573339 -38.3925813060297 -36.9312014820819 -36.4619495502061 -32.204167042143 -35.6283398575785 -2.86401753893263 
-6.80000000000005 3.8097717956356 -3.39090984751569 -7.52102154575783 -2.94408731949859 -6.49399391977103 -9.04939805041143 -3.33054774164732 -7.96830550316439 -13.3874780096942 -19.5004739076989 -26.1173691372097 -8.5565710769416 -16.1744700905216 -8.15675516573349 -38.3995035236236 -36.9863931452774 -36.5654106590032 -32.3558975965417 -35.8283398575788 -2.91228381020385 
-6.60000000000004 3.7905424156299 -3.43936575729874 -7.47256563597478 -2.94717549993252 -6.54553800998802 -9.14939805041147 -3.32437138077974 -7.91367323251376 -13.2843898292605 -19.3489298174821 -25.9173691372099 -8.55348289650767 -16.1229260003046 -8.05675516573346 -38.4056798844912 -37.041025415928 -36.6684988394369 -32.5074416867585 -36.0283398575786 -2.96074205397611 
-6.40000000000004 3.77124688620388 -3.4879883563012 -7.42394303697232 -2.94993030192765 -6.5969154109856 -9.24939805041151 -3.31886177678978 -7.85954102952134 -13.1816350272657 -19.1975524164848 -25.7173691372101 -8.55072809451254 -16.071548599307 -7.95675516573342 -38.4111894884811 -37.0951576189205 -36.7712536414318 -32.6588190877558 -36.2283398575784 -3.00937370527115 
-6.20000000000004 3.75189225887189 -3.53675987548722 -7.3751715177863 -2.95238726355564 -6.64814389179961 -9.34939805041155 -3.31394785353351 -7.80585558707905 -13.0791780656374 -19.0463239356705 -25.5173691372097 -8.54827113288455 -16.020320118493 -7.85675516573338 -38.4161034117374 -37.1488430613628 -36.8737106030601 -32.8100475685701 -36.4283398575788 -3.05816265055661 
-6.00000000000004 3.73248485925869 -3.58566437498233 -7.32626701829118 -2.95457826456531 -6.69923939230439 -9.44939805041144 -3.30956585151418 -7.75256908556461 -12.9769870646278 -18.8952284351658 -25.31736913721 -8.54608013187488 -15.9692246179882 -7.75675516573349 -38.4204854137567 -37.2021295628772 -36.9759016040697 -32.9611430690748 -36.6283398575786 -3.10709522034694 
-5.80000000000004 3.71303035422934 -3.63468757491372 -7.2772438183598 -2.95653186470258 -6.75021619237305 -9.54939805041148 -3.30565865123992 -7.69963868535896 -12.8750334644908 -18.7442516350974 -25.1173691372102 -8.54412653173761 -15.9182478179196 -7.65675516573345 -38.424392614031 -37.2550599630828 -37.0778552042067 -33.1121198691432 -36.8283398575784 -3.15616024319702 
-5.60000000000004 3.6935338150688 -3.68381669620438 -7.22811469706913 -2.95827362212129 -6.80108707108242 -9.64939805041151 -3.30217513640222 -7.6470260492306 -12.7732917070717 -18.5933807563877 -24.9173691372098 -8.5423847743189 -15.8673769392102 -7.55675516573342 -38.4278761288687 -37.3076725992112 -37.1795969616257 -33.2629907478529 -37.0283398575787 -3.20534918958619 
-5.40000000000004 3.67399977628993 -3.73304031238373 -7.17889108088979 -2.95982638976262 -6.85186345490311 -9.74939805041155 -3.29906960111925 -7.59469689776828 -12.6717389394301 -18.4426043725667 -24.7173691372094 -8.54083200667757 -15.8166005553895 -7.45675516573338 -38.4309816641516 -37.3600017506735 -37.2811497292674 -33.4137671316739 -37.2283398575791 -3.2546564550781 
-5.20000000000004 3.65443228973672 -3.78234821325322 -7.1295831800203 -2.96121058802354 -6.90255555403351 -9.84939805041145 -3.296301204598 -7.54262060037754 -12.5703547411698 -18.2919122734369 -24.5173691372102 -8.53944780841665 -15.7659084562591 -7.35675516573348 -38.4337500606729 -37.4120780480643 -37.3825339275276 -33.5644592308036 -37.4283398575783 -3.30407981632079 
-5.00000000000004 3.63483497398301 -3.83173128040722 -7.08020011286629 -2.96244445371557 -6.95317248687955 -9.94939805041148 -3.29383347321365 -7.49076980183919 -12.4691208754775 -18.1412953405906 -24.3173691372099 -8.53821394272462 -15.7152915234131 -7.25675516573345 -38.4362177920572 -37.4639288466026 -37.48376779322 -33.71507616365 -37.6283398575787 -3.35362111833224 
-4.80000000000004 3.61521105931497 -3.88118137388205 -7.03075001939147 -2.96354426676596 -7.00372239340476 -10.0493980504115 -3.29163384711259 -7.4391200822633 -12.3680210624268 -17.990745434065 -24.1173691372095 -8.53711412967423 -15.6647416168878 -7.15675516573341 -38.4384174181583 -37.5155785661785 -37.5848676062707 -33.8656260701756 -37.828339857579 -3.40328730870691 
-4.60000000000004 3.59556342838623 -3.93069122970949 -6.98124016356403 -2.96452455511111 -7.05421253757735 -10.1493980504116 -3.28967327042256 -7.38764964974584 -12.2670407740819 -17.8402552898927 -23.9173691372097 -8.53613384132908 -15.6142514727152 -7.05675516573337 -38.4403779948483 -37.567048998696 -37.6858478946156 -34.0161162143479 -38.0283398575788 -3.45309192458488 
-4.40000000000004 3.57589465296733 -3.9802543673124 -6.93167702596112 -2.96539827990518 -7.10464939997434 -10.2493980504115 -3.28792582083442 -7.33633906255478 -12.1661670492879 -17.6898184274958 -23.7173691372099 -8.53526011653501 -15.5638146103183 -6.95675516573348 -38.4421254444365 -37.618359585887 -37.7867216194096 -34.1665530767448 -38.2283398575786 -3.50305724873208 
-4.20000000000004 3.5562070269003 -4.02986500646266 -6.88206638681086 -2.96617700160471 -7.15503876082412 -10.3493980504115 -3.28636837743508 -7.28517098000518 -12.065388327588 -17.5394290666457 -23.5173691372096 -8.53448139483548 -15.5134252494685 -6.85675516573344 -38.4436828878358 -37.6695276684366 -37.8875003411094 -34.3169424375949 -38.428339857579 -3.55321735512018 
-4.00000000000004 3.53650259581336 -4.07951799240352 -6.83241340086999 -2.96687102972301 -7.20538577488329 -10.4493980504115 -3.28498032119877 -7.23412993782801 -11.96469429947 -17.3890820525868 -23.3173691372098 -8.53378736671718 -15.4630782354093 -6.7567551657334 -38.4450709440721 -37.7205687106138 -37.9881943692275 -34.4672894516538 -38.6283398575787 -3.60362249783159 
-3.80000000000004 3.51678318375088 -4.12920872874503 -6.78272266452848 -2.96748955704003 -7.25569503854182 -10.5493980504116 -3.28374326656501 -7.18320214685274 -11.8640757721532 -17.2387727889285 -23.11736913721 -8.53316883940016 -15.4127689717508 -6.65675516573337 -38.4463079987059 -37.7714965015891 -38.0888128965442 -34.6175987153121 -38.8283398575785 -3.65434538846053 
-3.60000000000004 3.49705041685192 -4.17893311779669 -6.73299827547682 -2.96804077893661 -7.30597064949005 -10.6493980504115 -3.28264082277129 -7.13237531400736 -11.7635245502562 -17.0884971779798 -22.9173691372096 -8.53261761750358 -15.3624933608026 -6.55675516573347 -38.4474104424996 -37.8223233344344 -38.1893641184413 -34.7678743262608 -39.0283398575789 -3.70549013930754 
-3.40000000000004 3.47730574476518 -4.2286875066042 -6.68324388666932 -2.96853200132163 -7.35621626068258 -10.7493980504115 -3.28165837800152 -7.08163848043008 -11.6630333278714 -16.9382515667875 -22.7173691372099 -8.53212639511856 -15.31224774961 -6.45675516573344 -38.4483928872694 -37.8730601680117 -38.2898553408261 -34.9181199374531 -39.2283398575787 -3.75720532951993 
-3.20000000000004 3.45755045966725 -4.2784686390255 -6.63346275424802 -2.96896973647907 -7.40643512826132 -10.8493980504115 -3.28078290768693 -7.03098187769419 -11.5625955927142 -16.788032699209 -22.5173691372101 -8.53168865996112 -15.2620288820313 -6.3567551657334 -38.449268357584 -37.9237167707476 -38.3902930759833 -35.0683388050315 -39.4283398575785 -3.8097030747054 
-3.00000000000004 3.4377857131949 -4.32827361306341 -6.58365778021011 -2.96935978840314 -7.45663015422331 -10.9493980504114 -3.28000280383822 -6.98039679980757 -11.4622055407897 -16.6378376732466 -22.3173691372097 -8.53129860803705 -15.2118338560693 -6.2567551657335 -38.4500484614327 -37.9743018486342 -38.4906831279078 -35.218533830994 -39.6283398575788 -3.86328734212872 
-2.80000000000004 3.41801253173508 -4.37809984233636 -6.53383155093716 -2.96970732985728 -7.50680392495039 -11.0493980504115 -3.27930772093023 -6.92987548762663 -11.3618579993358 -16.4876639025198 -22.1173691372099 -8.53095106658291 -15.1616600853422 -6.15675516573347 -38.4507435443407 -38.0248231608152 -38.5910306693617 -35.3687076017208 -39.8283398575786 -3.91839707371828 
-2.60000000000004 3.39823182991749 -4.42794502207869 -6.48398637119482 -2.97001697037265 -7.55695874520809 -11.1493980504115 -3.27868843989978 -6.87941102685385 -11.2615483588207 -16.3375090822623 -21.9173691372101 -8.53064142606754 -15.1115052650845 -6.05675516573343 -38.4513628253711 -38.075287621588 -38.6913403098768 -35.5188624219783 -40.0283398575784 -3.97567340151875 
-2.40000000000004 3.37844442268688 -4.47780709871989 -6.43412429455363 -2.9702928170903 -7.60709666856694 -11.2493980504115 -3.27813674646418 -6.82899725677706 -11.1612725121027 -16.1873711589031 -21.7173691372098 -8.53036557934989 -15.0613673417257 -5.95675516573339 -38.4519145188067 -38.1257013916647 -38.7916161565948 -35.6690003453375 -40.2283398575788 -4.03606862638662 
-2.20000000000004 3.35865103613251 -4.52768424259531 -6.38424715067821 -2.97053852933935 -7.65721952469141 -11.3493980504114 -3.27764532196609 -6.77862868840355 -11.0610267998538 -16.0372483027788 -21.51736913721 -8.53011986710084 -15.0112444856012 -5.8567551657335 -38.4524059433048 -38.1760699600383 -38.8918618688437 -35.8191232014618 -40.4283398575786 -4.10103187441588 
-2.00000000000004 3.33885231698623 -4.57757482401224 -6.33435656926128 -2.97075736650552 -7.70732894327451 -11.4493980504115 -3.27720764763404 -6.72830043265456 -10.9608079626878 -15.8871388841959 -21.3173691372102 -8.52990102993467 -14.9611350670181 -5.75675516573346 -38.4528436176369 -38.2263982157872 -38.9920807060096 -35.9692326200447 -40.6283398575783 -4.17284637859927 
-1.80000000000004 3.31904884134383 -4.62747739127308 -6.28445400200044 -2.97095223198388 -7.75742637601371 -11.5493980504115 -3.27681791667703 -6.67800813443671 -10.8606130972091 -15.7370414514564 -21.1173691372098 -8.52970616445631 -14.9110376342789 -5.65675516573342 -38.4532333485939 -38.2766905140051 -39.0922755714883 -36.1193300527842 -40.8283398575787 -4.25529897797552 
-1.60000000000004 3.29924112221015 -4.67739065166238 -6.23454074161114 -2.97112571120533 -7.80751311562446 -11.6493980504115 -3.27647095823385 -6.62774791560424 -10.7604396179874 -15.5869547118453 -20.9173691372095 -8.52953268523486 -14.8609508946681 -5.55675516573339 -38.4535803070371 -38.3269507328376 -39.1924490507101 -36.2694167923953 -41.0283398575791 -4.35517705492945 
-1.40000000000004 3.27942961626759 -4.72731345439102 -6.18461793888249 -2.97128010574792 -7.8575903128957 -11.7493980504114 -3.27616216914923 -6.57751632379096 -10.6602852234455 -15.4368775145748 -20.7173691372103 -8.52937829069227 -14.8108736973969 -5.45675516573349 -38.4538890961217 -38.3771823246508 -39.292603445252 -36.4194939896658 -41.2283398575783 -4.48625570696 
-1.20000000000004 3.25961472997878 -4.77724477521815 -6.13468661805536 -2.9714174640937 -7.90765899206861 -11.8493980504115 -3.27588745245739 -6.52731028627199 -10.5601478650994 -15.2868088354015 -20.5173691372099 -8.52924093234649 -14.760805018224 -5.35675516573346 -38.4541638128135 -38.4273883621698 -39.3927408035981 -36.5695626688391 -41.4283398575786 -4.68342037754214 
-1.00000000000004 3.2397968249792 -4.82718370286241 -6.08474769041111 -2.97153960880524 -7.95772006442439 -11.9493980504115 -3.27564316303403 -6.47712706920439 -10.4600257203875 -15.1367477630454 -20.3173691372095 -8.52911878763496 -14.7107439458682 -5.25675516573342 -38.4544081022369 -38.4775715792374 -39.49286294831 -36.7196237411952 -41.628339857579 -5.0951498055703 
-0.800000000000041 3.21997622282615 -4.87712942703494 -6.03480196623858 -2.9716481604602 -8.0077743402519 -12.0493980504115 -3.27542605972439 -6.42696424172221 -10.3599171687328 -14.9866934872182 -20.1173691372097 -8.52901023597999 -14.6606896700407 -5.15675516573338 -38.4546252055465 -38.5277344067196 -39.5929714999647 -36.8696780170224 -41.8283398575788 -5.22972664244977 
-0.600000000000041 3.20015320934835 -4.92708122747902 -5.9848501657945 -2.97174455957194 -8.05782253980771 -12.1493980504114 -3.27523326150091 -6.37681964305466 -10.2598207696212 -14.8366452876625 -19.91736913721 -8.52891383686825 -14.6106414704849 -5.05675516573349 -38.45481800377 -38.5778790053872 -39.6930678990763 -37.0197262165781 -42.0283398575786 -4.66606496158037 
-0.400000000000041 3.18032803828537 -4.97703846479902 -5.9348929284745 -2.97183008493198 -8.10786530248775 -12.2493980504115 -3.27506221078054 -6.32669135501429 -10.1597352442608 -14.6866025249821 -19.7173691372096 -8.52882831150821 -14.5605987078049 -4.95675516573345 -38.4549890544904 -38.6280072934275 -39.7931534244367 -37.1697689792585 -42.2283398575789 -4.4016929725345 
-0.200000000000041 3.16050093486046 -5.02700057145723 -5.88493082181629 -2.97190587161559 -8.15790319582957 -12.3493980504115 -3.27491063741361 -6.27657767498914 -10.0596594575774 -14.5365646316405 -19.5173691372098 -8.5287525248246 -14.510560814463 -4.85675516573341 -38.4551406278573 -38.6781209734527 -39.89322921112 -37.3198068726001 -42.4283398575787 -4.21521526432413 
-4.1133763062362e-14 3.14067209857676 -5.07696704472787 -5.83496434854565 -2.97197292507436 -8.20793672255898 -12.4493980504116 -3.27477653049636 -6.22647709480126 -9.95959240411891 -14.3865311049114 -19.31736913721 -8.52868547136583 -14.4605272877336 -4.75675516573338 -38.4552747347745 -38.7282215536406 -39.9932962645786 -37.4698403993292 -42.6283398575785 -4.06374974627141