plusU a b c alpha beta gamma bandgap
0	5.183934771	5.236433974	5.375631826	90.0000	99.6667	90.0000	3.35
0.1	5.18475918	5.236947392	5.376152117	90.0000	99.6579	90.0000	3.4
0.2	5.185835996	5.23689275	5.377611059	90.0000	99.6453	90.0000	3.4
0.3	5.187504632	5.236553413	5.378899351	90.0000	99.6492	90.0000	3.4
0.4	5.188330957	5.237438049	5.378850658	90.0000	99.6429	90.0000	3.4
0.5	5.189582911	5.237836874	5.3792904	90.0000	99.6377	90.0000	3.4
0.6	5.190411771	5.238131643	5.37967236	90.0000	99.6308	90.0000	3.4
0.7	5.192661569	5.238105595	5.38131389	90.0000	99.6389	90.0000	3.45
0.8	5.193978242	5.237638049	5.382828041	90.0000	99.6362	90.0000	3.45
0.9	5.195002846	5.237584326	5.383559198	90.0000	99.6390	90.0000	3.45
1	5.19677699	5.237554689	5.384559728	90.0000	99.6334	90.0000	3.45
1.1	5.197932645	5.23837145	5.384999537	90.0000	99.6315	90.0000	3.45
1.2	5.199798059	5.237452875	5.387025795	90.0000	99.6323	90.0000	3.45
1.3	5.20101996	5.238216168	5.387318301	90.0000	99.6314	90.0000	3.5
1.4	5.202665545	5.237805658	5.388646538	90.0000	99.6335	90.0000	3.5
1.5	5.203883179	5.238858565	5.388599592	90.0000	99.6289	90.0000	3.5
1.6	5.205322717	5.238808259	5.389738503	90.0000	99.6278	90.0000	3.5
1.7	5.207219334	5.2381718	5.391571091	90.0000	99.6283	90.0000	3.5
1.8	5.208356349	5.239647306	5.390934743	90.0000	99.6283	90.0000	3.55
1.9	5.210295832	5.238503349	5.393349175	90.0000	99.6292	90.0000	3.55
2	5.211928982	5.238644174	5.394343903	90.0000	99.6282	90.0000	3.55
2.1	5.213500392	5.239238721	5.394763826	90.0000	99.6268	90.0000	3.55
2.2	5.214618372	5.239450388	5.395968342	90.0000	99.6202	90.0000	3.55
2.3	5.215790256	5.240443081	5.396492702	90.0000	99.6160	90.0000	3.6
2.4	5.217441945	5.240907849	5.397452306	90.0000	99.6131	90.0000	3.55
2.5	5.219001497	5.241895331	5.397708346	90.0000	99.6028	90.0000	3.6
2.6	5.221174139	5.240446062	5.400558079	90.0000	99.6143	90.0000	3.6
2.7	5.222869628	5.24081902	5.401287942	90.0000	99.6104	90.0000	3.6
2.8	5.225128642	5.240888528	5.401988282	90.0000	99.6062	90.0000	3.65
2.9	5.227278829	5.24011596	5.403837182	90.0000	99.6063	90.0000	3.6
3	5.228835668	5.241598847	5.403422052	90.0000	99.6071	90.0000	3.65
3.1	5.231170726	5.240645058	5.405365283	90.0000	99.6093	90.0000	3.65
3.2	5.233044174	5.241792157	5.405917185	90.0000	99.6150	90.0000	3.7
3.3	5.234600228	5.241318396	5.407355722	90.0000	99.6063	90.0000	3.65
3.4	5.23672763	5.24018666	5.409632669	90.0000	99.6036	90.0000	3.7
3.5	5.238364793	5.241691371	5.409676161	90.0000	99.5994	90.0000	3.7
3.6	5.24027605	5.241952594	5.410394516	90.0000	99.6052	90.0000	3.75
3.7	5.24207379	5.241970977	5.412144536	90.0000	99.5921	90.0000	3.7
3.8	5.244389636	5.241384079	5.413973096	90.0000	99.5950	90.0000	3.75
3.9	5.246015863	5.242299394	5.414708825	90.0000	99.5852	90.0000	3.75
4	5.248117088	5.242038499	5.416557369	90.0000	99.5846	90.0000	3.8
4.1	5.250142673	5.242599906	5.417433821	90.0000	99.5798	90.0000	3.75
4.2	5.252208589	5.243080791	5.418503903	90.0000	99.5736	90.0000	3.8
4.3	5.253795896	5.242464792	5.420624348	90.0000	99.5576	90.0000	3.8
4.4	5.256626173	5.242759945	5.421940666	90.0000	99.5665	90.0000	3.85
4.5	5.258657011	5.243651951	5.42269846	90.0000	99.5639	90.0000	3.8
4.6	5.26064991	5.24362182	5.424288494	90.0000	99.5539	90.0000	3.85
4.7	5.262999016	5.24383889	5.425678623	90.0000	99.5521	90.0000	3.9
4.8	5.265220277	5.244026273	5.427140403	90.0000	99.5471	90.0000	3.85
4.9	5.267603123	5.244895686	5.428054571	90.0000	99.5485	90.0000	3.9
5	5.270024464	5.245550018	5.429393078	90.0000	99.5437	90.0000	3.9
5.1	5.272057578	5.244493024	5.431856581	90.0000	99.5303	90.0000	3.95
5.2	5.274532949	5.244875283	5.433402265	90.0000	99.5366	90.0000	3.9
5.3	5.276917802	5.245510993	5.434837131	90.0000	99.5263	90.0000	3.95
5.4	5.27936758	5.245356829	5.436045978	90.0000	99.5235	90.0000	4
5.5	5.281993348	5.245531782	5.438093159	90.0000	99.5147	90.0000	3.95
5.6	5.284702941	5.246821319	5.438845266	90.0000	99.5174	90.0000	4
5.7	5.286938377	5.245270815	5.442012485	90.0000	99.5005	90.0000	4
5.8	5.289909512	5.247054931	5.442548692	90.0000	99.5151	90.0000	4
5.9	5.292298241	5.247194641	5.444111792	90.0000	99.4988	90.0000	4
6	5.294801036	5.248397672	5.445552067	90.0000	99.4975	90.0000	4.05
6.1	5.297339657	5.247933566	5.448006014	90.0000	99.4802	90.0000	4
6.2	5.300463712	5.248219579	5.449889926	90.0000	99.4642	90.0000	4.05
6.3	5.302924584	5.249573312	5.450816866	90.0000	99.4816	90.0000	4.1
6.4	5.305286421	5.249638209	5.453190495	90.0000	99.4646	90.0000	4.05
6.5	5.308055037	5.249970483	5.455031082	90.0000	99.4524	90.0000	4.1
6.6	5.31074821	5.251205767	5.45668406	90.0000	99.4528	90.0000	4.15
6.7	5.313577937	5.251495029	5.458416325	90.0000	99.4415	90.0000	4.1
6.8	5.316422025	5.251793189	5.460678267	90.0000	99.4284	90.0000	4.15
6.9	5.31944401	5.251994066	5.462532315	90.0000	99.4239	90.0000	4.15
7	5.322316139	5.252638417	5.464457335	90.0000	99.4128	90.0000	4.15
7.1	5.32532726	5.253982705	5.466016376	90.0000	99.4096	90.0000	4.2
7.2	5.327873571	5.254092754	5.468255486	90.0000	99.3850	90.0000	4.2
7.3	5.331229872	5.255784663	5.469873697	90.0000	99.3910	90.0000	4.2
7.4	5.334252149	5.255961028	5.472208931	90.0000	99.3737	90.0000	4.25
7.5	5.337277393	5.257089035	5.474046559	90.0000	99.3653	90.0000	4.25
7.6	5.340547765	5.258585336	5.475787349	90.0000	99.3608	90.0000	4.25
7.7	5.343780632	5.258934666	5.478226394	90.0000	99.3422	90.0000	4.3
7.8	5.346886929	5.259236624	5.480683337	90.0000	99.3276	90.0000	4.3
7.9	5.349993944	5.260228047	5.482447882	90.0000	99.3145	90.0000	4.3
8	5.353531063	5.26231965	5.484326707	90.0000	99.3101	90.0000	4.35
8.1	5.356703304	5.262295731	5.486583245	90.0000	99.2928	90.0000	4.3
8.2	5.360160691	5.263766135	5.488600861	90.0000	99.2860	90.0000	4.35
8.3	5.363460943	5.264349818	5.491041459	90.0000	99.2642	90.0000	4.35
8.4	5.367109267	5.266262053	5.492951067	90.0000	99.2564	90.0000	4.35
8.5	5.37053663	5.267553531	5.495094301	90.0000	99.2415	90.0000	4.4
8.6	5.373809428	5.268600161	5.49784298	90.0000	99.2046	90.0000	4.35
8.7	5.377640487	5.269680921	5.49988077	90.0000	99.2099	90.0000	4.4
8.8	5.380819975	5.270601775	5.502705794	90.0000	99.1665	90.0000	4.4
8.9	5.384880321	5.272426403	5.504425455	90.0000	99.1650	90.0000	4.4
9	5.389170779	5.274463515	5.506329547	90.0000	99.1754	90.0000	4.4
9.1	5.392519853	5.275448124	5.509268956	90.0000	99.1280	90.0000	4.4
9.2	5.396158364	5.276591504	5.511891555	90.0000	99.0976	90.0000	4.4
9.3	5.400543846	5.277879325	5.513431438	90.0000	99.1193	90.0000	4.45
9.4	5.40402771	5.279485527	5.516295438	90.0000	99.0774	90.0000	4.4
9.5	5.408582659	5.281805456	5.517841566	90.0000	99.0746	90.0000	4.45
9.6	5.412213969	5.283222469	5.521195141	90.0000	99.0240	90.0000	4.4
9.7	5.41603251	5.284835867	5.524445856	90.0000	98.9694	90.0000	4.45
9.8	5.420054923	5.286429288	5.527656135	90.0000	98.9204	90.0000	4.4
9.9	5.424450772	5.288539544	5.531155893	90.0000	98.8680	90.0000	4.45
10	5.429024629	5.290476037	5.532343867	90.0000	98.8845	90.0000	4.45
10.1	5.433569621	5.29268934	5.534839546	90.0000	98.8670	90.0000	4.45
10.2	5.438012478	5.294563144	5.537428243	90.0000	98.8393	90.0000	4.4
10.3	5.442602923	5.296664411	5.541051959	90.0000	98.7668	90.0000	4.4
10.4	5.447524623	5.298571647	5.543725959	90.0000	98.7375	90.0000	4.45
10.5	5.453999239	5.296764124	5.568971401	90.0000	97.9448	90.0000	4.45
10.6	5.650405022	4.977401533	6.075408601	90.0006	90.0008	89.9992	4.7
10.7	5.463834394	5.304730949	5.567467604	90.0000	98.1500	90.0013	4.4
10.8	5.662828345	4.979348397	6.086601732	90.0000	89.9993	90.0002	4.65
10.9	5.669194149	4.980299936	6.092730352	90.0000	90.0014	89.9997	4.65
11	5.675474978	4.981566284	6.098135591	90.0000	90.0107	90.0000	4.6
11.1	5.681184537	4.982685878	6.104017178	90.0000	89.9986	90.0000	4.6
11.2	5.687953926	4.983115644	6.110248685	90.0000	90.0048	90.0000	4.55
11.3	5.694900182	4.983444446	6.116486206	90.0000	90.0048	90.0000	4.55
11.4	5.700873465	4.985075027	6.122450551	90.0000	90.0015	90.0000	4.5
11.5	5.707351608	4.985684628	6.128944705	90.0000	90.0012	90.0000	4.5
11.6	5.713193155	4.988324396	6.134439043	90.0000	89.9979	90.0000	4.45
11.7	5.719596902	4.98889044	6.140694813	90.0000	90.0049	90.0000	4.45
11.8	5.725774357	4.990419534	6.146935677	90.0000	89.9961	90.0000	4.4
11.9	5.732815532	4.990871535	6.153012864	90.0000	89.9990	90.0000	4.4
12	5.739068013	4.992063812	6.159861655	90.0000	90.0027	90.0000	4.3