plusU a b c alpha beta gamma bandgap
0	3.617408582	3.617408582	5.279406121	90.0000	90.0000	90.0000	3.95
0.1	3.617866213	3.617866212	5.278913992	90.0000	90.0000	90.0000	3.95
0.2	3.618385138	3.618385137	5.278199897	90.0000	90.0000	90.0000	3.95
0.3	3.618922721	3.61892272	5.278000213	90.0000	90.0000	90.0000	4
0.4	3.619312718	3.619312718	5.276895732	90.0000	90.0000	90.0000	3.95
0.5	3.619804812	3.619804811	5.276418585	90.0000	90.0000	90.0000	3.95
0.6	3.620233505	3.620233505	5.275869295	90.0000	90.0000	90.0000	4
0.7	3.620767823	3.620767823	5.275508131	90.0000	90.0000	90.0000	4
0.8	3.621275433	3.621275433	5.27498902	90.0000	90.0000	90.0000	4
0.9	3.621720619	3.621720619	5.274107979	90.0000	90.0000	90.0000	4
1	3.622251012	3.622251013	5.273287294	90.0000	90.0000	90.0000	4
1.1	3.622808106	3.622808106	5.271959049	90.0000	90.0000	90.0000	4
1.2	3.623256928	3.62325693	5.2717519	90.0000	90.0000	90.0000	4
1.3	3.623811028	3.623811025	5.270766714	90.0000	90.0000	90.0000	4.05
1.4	3.624332624	3.624332628	5.269985242	90.0000	90.0000	90.0000	4
1.5	3.624904186	3.624904188	5.268917734	90.0000	90.0000	90.0000	4
1.6	3.62544618	3.625446181	5.268197659	90.0000	90.0000	90.0000	4.05
1.7	3.625996946	3.625996965	5.267530325	90.0000	90.0000	90.0000	4.05
1.8	3.626515507	3.626515479	5.267057387	90.0000	90.0000	90.0000	4.05
1.9	3.627075259	3.627075342	5.26650239	90.0000	90.0000	90.0000	4.05
2	3.627653167	3.627653391	5.26525321	90.0000	90.0000	90.0000	4.05
2.1	3.628230251	3.628230892	5.264263439	90.0000	90.0000	90.0000	4.05
2.2	3.628792964	3.628792959	5.262909121	90.0000	90.0000	90.0000	4.1
2.3	3.629455934	3.629456391	5.261897107	90.0000	90.0000	90.0000	4.05
2.4	3.630008142	3.630008214	5.261169239	90.0000	90.0000	90.0000	4.05
2.5	3.630652241	3.630652248	5.259774986	90.0000	90.0000	90.0000	4.1
2.6	3.631202102	3.63120211	5.258368064	90.0000	90.0000	90.0000	4.1
2.7	3.631831192	3.631831175	5.257260998	90.0000	90.0000	90.0000	4.1
2.8	3.63257039	3.632570388	5.255582459	90.0000	90.0000	90.0000	4.1
2.9	3.633221529	3.63322153	5.256598195	90.0000	90.0000	90.0000	4.1
3	3.633817698	3.633817698	5.253469762	90.0000	90.0000	90.0000	4.1
3.1	3.634549553	3.63454957	5.252779792	90.0000	90.0000	90.0000	4.1
3.2	3.635194619	3.635194624	5.25067914	90.0000	90.0000	90.0000	4.15
3.3	3.635908011	3.635908018	5.246951239	90.0000	90.0000	90.0000	4.15
3.4	3.636583547	3.636583538	5.247626621	90.0000	90.0000	90.0000	4.15
3.5	3.637320452	3.63732047	5.245994116	90.0000	90.0000	90.0000	4.15
3.6	3.638112096	3.638112098	5.244043537	90.0000	90.0000	90.0000	4.15
3.7	3.638766692	3.63876669	5.242425059	90.0000	90.0000	90.0000	4.15
3.8	3.639566903	3.639566894	5.240007727	90.0000	90.0000	90.0000	4.15
3.9	3.640411478	3.640411474	5.238189978	90.0000	90.0000	90.0000	4.2
4	3.641178173	3.641178179	5.235698152	90.0000	90.0000	90.0000	4.15
4.1	3.642006864	3.642006868	5.234118482	90.0000	90.0000	90.0000	4.2
4.2	3.642558478	3.64255848	5.230365505	90.0000	90.0000	90.0000	4.15
4.3	3.643491244	3.643491243	5.231434356	90.0000	90.0000	90.0000	4.2
4.4	3.644436712	3.644436711	5.232517005	90.0000	90.0000	90.0000	4.2
4.5	3.645691085	3.645691085	5.224312834	90.0000	90.0000	90.0000	4.15
4.6	3.646430439	3.646430442	5.222581055	90.0000	90.0000	90.0000	4.2
4.7	3.647439739	3.647439752	5.219386804	90.0000	90.0000	90.0000	4.15
4.8	3.648339898	3.648339898	5.217920397	90.0000	90.0000	90.0000	4.15
4.9	3.649439998	3.649439996	5.213653235	90.0000	90.0000	90.0000	4.15
5	3.650562356	3.650562356	5.213673812	90.0000	90.0000	90.0000	4.15
5.1	3.651638886	3.651638889	5.206669283	90.0000	90.0000	90.0000	4.15
5.2	3.652754385	3.65275439	5.204187133	90.0000	90.0000	90.0000	4.1
5.3	3.653887569	3.653887569	5.20025636	90.0000	90.0000	90.0000	4.1
5.4	3.655101889	3.655101895	5.196565639	90.0000	90.0000	90.0000	4.1
5.5	3.65628224	3.656282234	5.192234552	90.0000	90.0000	90.0000	4.05
5.6	3.657890482	3.657890482	5.188243205	90.0000	90.0000	90.0000	4.05
5.7	3.659178572	3.659203731	5.183640349	89.9984	89.9994	90.0002	4.05
5.8	3.660385929	3.660385934	5.18143027	90.0000	90.0000	90.0000	4
5.9	3.661880786	3.661868122	5.180325335	90.0000	90.0000	90.0000	4.05
6	3.663236501	3.663236501	5.180616203	90.0000	90.0000	90.0000	4
6.1	3.664431948	3.664431949	5.182501517	90.0000	90.0000	90.0000	4.05
6.2	3.665643076	3.665643075	5.183792774	90.0000	90.0000	90.0000	4.1
6.3	3.666698024	3.666698029	5.185863855	90.0000	90.0000	90.0000	4.1
6.4	3.668071787	3.668071787	5.187678425	90.0000	90.0000	90.0000	4.1
6.5	3.669316245	3.669316244	5.1894602	90.0000	90.0000	90.0000	4.15
6.6	3.670580685	3.670580682	5.191046075	90.0000	90.0000	90.0000	4.2
6.7	3.671812097	3.671812095	5.192997293	90.0000	90.0000	90.0000	4.2
6.8	3.67315278	3.673152787	5.195214048	90.0000	90.0000	90.0000	4.2
6.9	3.674323095	3.674359891	5.196670887	90.0000	90.0002	90.0000	4.25
7	3.675710172	3.675710171	5.198530319	90.0000	90.0000	90.0000	4.25
7.1	3.676758435	3.676759743	5.200485002	90.0000	90.0000	90.0000	4.3
7.2	3.678614867	3.678614867	5.202472877	90.0000	90.0000	90.0000	4.3
7.3	3.679736297	3.679736297	5.204356695	90.0000	90.0000	90.0000	4.35
7.4	3.681200156	3.681200155	5.20624673	90.0000	90.0000	90.0000	4.35
7.5	3.682640243	3.682640243	5.208161021	90.0000	90.0000	90.0000	4.4
7.6	3.684015828	3.684015828	5.210099891	90.0000	90.0000	90.0000	4.4
7.7	3.685364606	3.685364606	5.212116646	90.0000	90.0000	90.0000	4.4
7.8	3.686820085	3.686820085	5.21418233	90.0000	90.0000	90.0000	4.4
7.9	3.68831246	3.68831246	5.216384222	90.0000	90.0000	90.0000	4.4
8	3.689700279	3.689700279	5.218320711	90.0000	90.0000	90.0000	4.45
8.1	3.691192302	3.691192302	5.220470213	90.0000	90.0000	90.0000	4.4
8.2	3.692640659	3.692640658	5.222513674	90.0000	90.0000	90.0000	4.45
8.3	3.694195353	3.694195353	5.224582328	90.0000	90.0000	90.0000	4.45
8.4	3.695670261	3.695670261	5.226671691	90.0000	90.0000	90.0000	4.5
8.5	3.697162592	3.697162591	5.228757455	90.0000	90.0000	90.0000	4.45
8.6	3.698708334	3.698708334	5.230935723	90.0000	90.0000	90.0000	4.45
8.7	3.700274597	3.700274596	5.233153413	90.0000	90.0000	90.0000	4.45
8.8	3.70181066	3.70181066	5.235336212	90.0000	90.0000	90.0000	4.45
8.9	3.703376842	3.703376842	5.237555851	90.0000	90.0000	90.0000	4.45
9	3.704940016	3.704940017	5.239782677	90.0000	90.0000	90.0000	4.4
9.1	3.706521818	3.706521818	5.242024649	90.0000	90.0000	90.0000	4.4
9.2	3.708134023	3.708134023	5.244264937	90.0000	90.0000	90.0000	4.4
9.3	3.709757588	3.709757588	5.246608911	90.0000	90.0000	90.0000	4.4
9.4	3.711291568	3.711291568	5.248747929	90.0000	90.0000	90.0000	4.35
9.5	3.712962279	3.712962279	5.251121921	90.0000	90.0000	90.0000	4.35
9.6	3.714675895	3.714675892	5.253287008	90.0000	90.0000	90.0000	4.35
9.7	3.716222073	3.716222073	5.255770376	90.0000	90.0000	90.0000	4.35
9.8	3.717859675	3.717859675	5.258111797	90.0000	90.0000	90.0000	4.3
9.9	3.719590515	3.719590515	5.260505439	90.0000	90.0000	90.0000	4.3
10	3.721239771	3.721239772	5.262840358	90.0000	90.0000	90.0000	4.3
10.1	3.722912357	3.722912358	5.26520372	90.0000	90.0000	90.0000	4.3
10.2	3.724577321	3.724577321	5.267558686	90.0000	90.0000	90.0000	4.3
10.3	3.726236431	3.726236432	5.269907656	90.0000	90.0000	90.0000	4.25
10.4	3.727800468	3.727800469	5.272122283	90.0000	90.0000	90.0000	4.25
10.5	3.729511277	3.729511277	5.274554792	90.0000	90.0000	90.0000	4.25
10.6	3.731180177	3.731180177	5.276920529	90.0000	90.0000	90.0000	4.25
10.7	3.732765624	3.732765624	5.279358297	90.0000	90.0000	90.0000	4.2
10.8	3.734444397	3.734444396	5.281770057	90.0000	90.0000	90.0000	4.2
10.9	3.736352734	3.736352734	5.283991451	90.0000	90.0000	90.0000	4.2
11	3.738049711	3.738049711	5.286534089	90.0000	90.0000	90.0000	4.2
11.1	3.739757337	3.739757337	5.288711091	90.0000	90.0000	90.0000	4.2
11.2	3.741283136	3.741283136	5.29125217	90.0000	90.0000	90.0000	4.15
11.3	3.742991654	3.742991654	5.293629883	90.0000	90.0000	90.0000	4.15
11.4	3.744696177	3.744696178	5.296013854	90.0000	90.0000	90.0000	4.15
11.5	3.746383329	3.746383329	5.29846378	90.0000	90.0000	90.0000	4.15
11.6	3.748242621	3.748242621	5.300629684	90.0000	90.0000	90.0000	4.1
11.7	3.749929204	3.749929204	5.303363391	90.0000	90.0000	90.0000	4.1
11.8	3.751680974	3.751680974	5.305425247	90.0000	90.0000	90.0000	4.1
11.9	3.753175543	3.753175543	5.30817966	90.0000	90.0000	90.0000	4.1
12	3.75489392	3.75489392	5.31051441	90.0000	90.0000	90.0000	4.1