plusU a b c alpha beta gamma bandgap
0	5.111305727	5.111305837	5.111305762	90.0000	90.0000	90.0000	3.5
0.1	5.112085992	5.112085991	5.112086127	90.0000	90.0000	90.0000	3.5
0.2	5.112874758	5.112874753	5.11287487	90.0000	90.0000	90.0000	3.5
0.3	5.113677162	5.113677057	5.113677058	90.0000	90.0000	90.0000	3.55
0.4	5.114482327	5.114482329	5.114482426	90.0000	90.0000	90.0000	3.55
0.5	5.115296937	5.115296936	5.115297029	90.0000	90.0000	90.0000	3.55
0.6	5.11613849	5.116138553	5.116138487	90.0000	90.0000	90.0000	3.6
0.7	5.116972061	5.116972003	5.116972004	90.0000	90.0000	90.0000	3.55
0.8	5.117814703	5.117814716	5.117814719	90.0000	90.0000	90.0000	3.55
0.9	5.11866902	5.118668975	5.118668975	90.0000	90.0000	90.0000	3.6
1	5.119542607	5.119542574	5.119542576	90.0000	90.0000	90.0000	3.6
1.1	5.120421932	5.120421957	5.120421931	90.0000	90.0000	90.0000	3.6
1.2	5.121309061	5.121309085	5.121309059	90.0000	90.0000	90.0000	3.65
1.3	5.122203948	5.122203947	5.122203939	90.0000	90.0000	90.0000	3.6
1.4	5.123101554	5.123101555	5.123101547	90.0000	90.0000	90.0000	3.65
1.5	5.123981825	5.123981846	5.123981825	90.0000	90.0000	90.0000	3.65
1.6	5.124875265	5.124875286	5.124875287	90.0000	90.0000	90.0000	3.65
1.7	5.12590349	5.125903501	5.125903503	90.0000	90.0000	90.0000	3.7
1.8	5.12687932	5.126879321	5.126879323	90.0000	90.0000	90.0000	3.7
1.9	5.127999783	5.127999783	5.127999783	90.0000	90.0000	90.0000	3.7
2	5.128827879	5.128827879	5.128827882	90.0000	90.0000	90.0000	3.7
2.1	5.129812944	5.129812945	5.129812944	90.0000	90.0000	90.0000	3.7
2.2	5.130835912	5.1308359	5.130835908	90.0000	90.0000	90.0000	3.75
2.3	5.131953655	5.131953628	5.131953623	90.0000	90.0000	90.0000	3.75
2.4	5.132885565	5.132885555	5.132885558	90.0000	90.0000	90.0000	3.8
2.5	5.133927558	5.133927557	5.133927534	90.0000	90.0000	90.0000	3.75
2.6	5.134970696	5.134970694	5.134970684	90.0000	90.0000	90.0000	3.8
2.7	5.13603908	5.13603908	5.136039073	90.0000	90.0000	90.0000	3.8
2.8	5.137123735	5.137123736	5.137123727	90.0000	90.0000	90.0000	3.8
2.9	5.138227512	5.138227513	5.138227501	90.0000	90.0000	90.0000	3.85
3	5.139337459	5.139337458	5.139337445	90.0000	90.0000	90.0000	3.85
3.1	5.140462149	5.140462151	5.140462136	90.0000	90.0000	90.0000	3.85
3.2	5.141608704	5.141608707	5.141608692	90.0000	90.0000	90.0000	3.85
3.3	5.142763311	5.142763314	5.142763296	90.0000	90.0000	90.0000	3.9
3.4	5.143941353	5.143941348	5.14394134	90.0000	90.0000	90.0000	3.9
3.5	5.145175804	5.145175809	5.14517584	90.0000	90.0000	90.0000	3.95
3.6	5.146386864	5.146386901	5.146386847	90.0000	90.0000	90.0000	3.9
3.7	5.147609927	5.147609883	5.147609893	90.0000	90.0000	90.0000	3.95
3.8	5.148850314	5.148850245	5.148850224	90.0000	90.0000	90.0000	3.95
3.9	5.150110679	5.150110758	5.150110655	90.0000	90.0000	90.0000	4
4	5.151380175	5.151380175	5.151380235	90.0000	90.0000	90.0000	4
4.1	5.152693148	5.152693154	5.152693095	90.0000	90.0000	90.0000	4
4.2	5.15401522	5.154015189	5.15401521	90.0000	90.0000	90.0000	4
4.3	5.155348683	5.155348686	5.15534856	90.0000	90.0000	90.0000	4.05
4.4	5.15669207	5.156692221	5.156692015	90.0000	90.0000	90.0000	4.05
4.5	5.158065511	5.158065489	5.158065421	90.0000	90.0000	90.0000	4.1
4.6	5.159450167	5.15945029	5.159450119	90.0000	90.0000	90.0000	4.05
4.7	5.160858953	5.160858896	5.160858843	90.0000	90.0000	90.0000	4.1
4.8	5.162269073	5.162269091	5.162269015	90.0000	90.0000	90.0000	4.15
4.9	5.163667399	5.163667376	5.163667459	90.0000	90.0000	90.0000	4.15
5	5.165129713	5.165129727	5.165129794	90.0000	90.0000	90.0000	4.2
5.1	5.166602142	5.166602143	5.166602213	90.0000	90.0000	90.0000	4.15
5.2	5.168105706	5.168105709	5.16810574	90.0000	90.0000	90.0000	4.2
5.3	5.169617313	5.169617332	5.169617387	90.0000	90.0000	90.0000	4.25
5.4	5.171165546	5.171165556	5.171165618	90.0000	90.0000	90.0000	4.25
5.5	5.172740055	5.17274005	5.17274012	90.0000	90.0000	90.0000	4.3
5.6	5.17431964	5.174319649	5.174319695	90.0000	90.0000	90.0000	4.25
5.7	5.175923332	5.175923276	5.175923386	90.0000	90.0000	90.0000	4.3
5.8	5.177549035	5.177549014	5.177548953	90.0000	90.0000	90.0000	4.35
5.9	5.179179402	5.179179394	5.179179443	90.0000	90.0000	90.0000	4.35
6	5.180844637	5.180844704	5.180844794	90.0000	90.0000	90.0000	4.35
6.1	5.182452508	5.182452929	5.182452714	90.0000	90.0000	90.0000	4.4
6.2	5.184236657	5.184236622	5.18423661	90.0000	90.0000	90.0000	4.4
6.3	5.185947182	5.185947157	5.185946964	90.0000	90.0000	90.0000	4.45
6.4	5.187660896	5.187660892	5.187661025	90.0000	90.0000	90.0000	4.5
6.5	5.189436053	5.189435964	5.189436151	90.0000	90.0000	90.0000	4.45
6.6	5.191429218	5.191429145	5.191429593	90.0000	90.0000	90.0000	4.5
6.7	5.193241935	5.193241965	5.193241881	90.0000	90.0000	90.0000	4.55
6.8	5.195061783	5.19506162	5.1950618	90.0000	90.0000	90.0000	4.55
6.9	5.196585243	5.196585189	5.196585354	90.0000	90.0000	90.0000	4.55
7	5.198461793	5.198461797	5.198461944	90.0000	90.0000	90.0000	4.6
7.1	5.200279303	5.200279386	5.20027959	90.0000	90.0000	90.0000	4.65
7.2	5.202198148	5.202198965	5.202197359	90.0000	90.0000	90.0000	4.65
7.3	5.204154127	5.2041541	5.204154394	90.0000	90.0000	90.0000	4.65
7.4	5.206095927	5.206095935	5.20609573	90.0000	90.0000	90.0000	4.65
7.5	5.208085583	5.208085564	5.208085717	90.0000	90.0000	90.0000	4.7
7.6	5.210082883	5.210082822	5.210083878	90.0000	90.0000	90.0000	4.7
7.7	5.212172704	5.212172673	5.212173406	90.0000	90.0000	90.0000	4.7
7.8	5.21420601	5.214205798	5.214206363	90.0000	90.0000	90.0000	4.7
7.9	5.21626096	5.216260982	5.216261176	90.0000	90.0000	90.0000	4.7
8	5.218322262	5.218322387	5.218322432	90.0000	90.0000	90.0000	4.75
8.1	5.220396359	5.22039578	5.220396436	90.0000	90.0000	90.0000	4.75
8.2	5.222490855	5.222490534	5.222491106	90.0000	90.0000	90.0000	4.7
8.3	5.22466971	5.224669931	5.224670015	90.0000	90.0000	90.0000	4.75
8.4	5.22666878	5.226668812	5.226668896	90.0000	90.0000	90.0000	4.75
8.5	5.228825318	5.228824967	5.228825303	90.0000	90.0000	90.0000	4.75
8.6	5.230902095	5.230902097	5.230902085	90.0000	90.0000	90.0000	4.7
8.7	5.23314369	5.233143129	5.23314346	90.0000	90.0000	90.0000	4.75
8.8	5.235416949	5.235416643	5.235417064	90.0000	90.0000	90.0000	4.75
8.9	5.237584885	5.237584977	5.237585151	90.0000	90.0000	90.0000	4.75
9	5.239854332	5.239854099	5.239853351	90.0000	90.0000	90.0000	4.7
9.1	5.242071379	5.242071428	5.242071062	90.0000	90.0000	90.0000	4.75
9.2	5.244316289	5.244316328	5.244316545	90.0000	90.0000	90.0000	4.75
9.3	5.24657908	5.246579129	5.246579474	90.0000	90.0000	90.0000	4.75
9.4	5.248861205	5.248861177	5.248861398	90.0000	90.0000	90.0000	4.75
9.5	5.251169636	5.251169582	5.251169793	90.0000	90.0000	90.0000	4.7
9.6	5.253476083	5.253476151	5.253475965	90.0000	90.0000	90.0000	4.7
9.7	5.255809511	5.255809517	5.255809829	90.0000	90.0000	90.0000	4.75
9.8	5.258116961	5.258116962	5.25811689	90.0000	90.0000	90.0000	4.75
9.9	5.260401641	5.260401766	5.260402338	90.0000	90.0000	90.0000	4.7
10	5.262798805	5.262798757	5.262798863	90.0000	90.0000	90.0000	4.7
10.1	5.265137791	5.26513764	5.265137603	90.0000	90.0000	90.0000	4.7
10.2	5.267476085	5.26747612	5.267476267	90.0000	90.0000	90.0000	4.7
10.3	5.269880672	5.269880691	5.269880536	90.0000	90.0000	90.0000	4.65
10.4	5.272167874	5.272167884	5.272168206	90.0000	90.0000	90.0000	4.65
10.5	5.274576337	5.274576373	5.274576482	90.0000	90.0000	90.0000	4.65
10.6	5.276987665	5.276987634	5.276987643	90.0000	90.0000	90.0000	4.7
10.7	5.279333254	5.279333231	5.279333184	90.0000	90.0000	90.0000	4.7
10.8	5.281679369	5.281679267	5.281679386	90.0000	90.0000	90.0000	4.65
10.9	5.284141788	5.284141767	5.284141771	90.0000	90.0000	90.0000	4.65
11	5.286553546	5.286553602	5.286553568	90.0000	90.0000	90.0000	4.65
11.1	5.288949551	5.288949443	5.288949418	90.0000	90.0000	90.0000	4.65
11.2	5.291383249	5.291383214	5.2913833	90.0000	90.0000	90.0000	4.6
11.3	5.293771484	5.293771478	5.293771386	90.0000	90.0000	90.0000	4.6
11.4	5.296169982	5.296169782	5.29616993	90.0000	90.0000	90.0000	4.6
11.5	5.29856346	5.298563414	5.298563551	90.0000	90.0000	90.0000	4.6
11.6	5.300969604	5.300969635	5.300969772	90.0000	90.0000	90.0000	4.55
11.7	5.303358546	5.303358512	5.303358399	90.0000	90.0000	90.0000	4.55
11.8	5.305788476	5.305788549	5.305788456	90.0000	90.0000	90.0000	4.55
11.9	5.308197981	5.308197931	5.308197857	90.0000	90.0000	90.0000	4.55
12	5.310544147	5.310544231	5.310544118	90.0000	90.0000	90.0000	4.55