pO2 mew_e electrons holes VO{2} VO{1} VO{0} VM{-4} VM{-3} VM{-2} VM{-1} VM{0} Oi{-2} Oi{-1} Oi{0} Mi{4} Mi{3} Mi{2} Mi{1} Mi{0} Tei{0} Tei{-1} Tei{1} TesubO{1} TesubO{2} TesubO{3} TesubZr{-3} TesubZr{-4} TesubZr{-5} Stoich
-35 3.26550430350221 -0.911494671751941 -8.93818834702688 -1.40518243079277 -1.35736987238053 -1.31556752887297 -14.0984207622676 -24.1386893305953 -34.3160023597218 -44.5167632380055 -58.0674610902255 -13.8981005744974 -21.1883892595425 -31.1158222192237 -11.2086980024791 -9.47297060740183 -7.78790586642758 -8.61509968407869 -9.44622060813708 -14.9044331833393 -19.318842309432 -23.1893817493749 -5.02022288773901 -6.34201344950541 -13.3673636967773 -25.0292101170185 -22.627905528178 -29.9460147017133 -0.102529326113346 
-34.8 3.25472845848913 -0.947699921124534 -8.90198309765429 -1.4287653586524 -1.41715804961275 -1.41156095547778 -14.0432417597573 -24.0473050787123 -34.1884128584662 -44.3529684873774 -57.8674610902247 -13.8705110710245 -21.1245945066969 -31.0158222170056 -11.2638770027714 -9.56435485706667 -7.91549536546501 -8.77889443248872 -9.6462206059197 -14.8463594688224 -19.2969738442878 -23.0951027854854 -5.02193735267247 -6.30752266506628 -13.2966676629659 -24.8797521528368 -22.5146528133689 -29.8689672362768 -0.16379190656074 
-34.6 3.24395803732193 -0.983886947175168 -8.86579607160366 -1.45301271791972 -1.47759243493071 -1.50818236684638 -13.9879898639606 -23.955866156865 -34.0607869105683 -44.1891555134288 -57.6674610902255 -13.8428851214964 -21.0607815311182 -30.9158222153762 -11.3191288969387 -9.65579377728462 -8.04312131173359 -8.94270740480793 -9.84622060428955 -14.7877799911616 -19.2745813926777 -23.0003362817741 -5.02379226195906 -6.27319054830224 -13.2261485201509 -24.7297337549581 -22.4008214415408 -29.7913228904994 -0.223694855182035 
-34.4 3.23320262781942 -1.02002353624728 -8.82965948253154 -1.4778822184221 -1.5385985245052 -1.60532504549298 -13.9325362202483 -23.8642759240806 -33.9330600887117 -44.0252921025002 -57.4674610902248 -13.8151582984416 -20.9969181189913 -30.8158222141772 -11.3745825394519 -9.74738400886997 -8.17084813239105 -9.10657081453751 -10.0462206030912 -14.7287781095943 -19.2517161001824 -22.9051978111346 -5.02579647116522 -6.23905816843629 -13.1558795512132 -24.5791416418054 -22.2863659174602 -29.7130039554908 -0.282173395995716 
-34.2 3.2224693962645 -1.05608561068765 -8.79359740809118 -1.50333381846043 -1.60011219898389 -1.70290079441204 -13.8767845180106 -23.7724621474025 -33.8051842375933 -43.8613541769413 -57.2674610902256 -13.7872824464386 -20.932980192548 -30.7158222132935 -11.430334240806 -9.83919778466438 -8.29872398262583 -9.27050873921265 -10.2462206022067 -14.6694275207202 -19.2284275857487 -22.8097851478201 -5.02795955765356 -6.20515918048426 -13.0859184888204 -24.4279772771369 -22.1712636272321 -29.6339637397031 -0.339192527994832 
-34 3.2117635444157 -1.09205569335504 -8.75762732542378 -1.5293297089953 -1.66207817218616 -1.80083685028171 -13.8206648486794 -23.6803723954039 -33.6771244029273 -43.697324259608 -57.0674610902248 -13.7592226111213 -20.8689502745633 -30.6158222126414 -11.4864539094851 -9.93128753601087 -8.42678381663972 -9.43453865589393 -10.4462206015554 -14.6097935101326 -19.2047636578285 -22.7141810545651 -5.03029152092029 -6.1715210610836 -13.0163102867527 -24.2762535152028 -22.0555099479654 -29.5541801431038 -0.39474269718155 
-33.8 3.20108869556088 -1.12792161053686 -8.72176140824196 -1.5558342628172 -1.72444864318988 -1.89907323846725 -13.7641285174067 -23.5879701469494 -33.548856237291 -43.5331901767898 -56.8674610902249 -13.7309544450032 -20.8048161912633 -30.5158222121597 -11.5429902402762 -10.0236897839838 -8.55505198179444 -9.59867273823048 -10.6462206010738 -14.5499347047086 -19.1807707695863 -22.6184563319593 -5.0328031869814 -6.13816680996327 -12.9470901184502 -24.1239924618059 -21.9391148117503 -29.4736509240705 -0.448835690277156 
-33.6 3.19044721640989 -1.1636754104372 -8.68600760834163 -1.58281396166529 -1.78718214193831 -1.997560537116 -13.707143717008 -23.4952315466504 -33.4203638370917 -43.3689439766902 -56.6674610902249 -13.7024620444479 -20.7405699908077 -30.4158222118037 -11.5999750403188 -10.1164283839268 -8.68354438163776 -9.76291893797413 -10.8462206007178 -14.4899039237201 -19.1564937884981 -22.5226717510704 -5.0355059050973 -6.10511572817845 -12.8782852367654 -23.9712230808744 -21.8220992307191 -29.3923891429397 -0.501500794315799 
-33.4 3.17984048272911 -1.199312470684 -8.65037054809482 -1.61023731022549 -1.85024255074532 -2.09625800616982 -13.6496919579953 -23.4021427273909 -33.2916379575853 -43.204581036937 -56.4674610902249 -13.6737361646782 -20.6762070507912 -30.3158222115404 -11.6574267990683 -10.209517202923 -8.81227026088082 -9.927281877464 -11.0462206004545 -14.4297493804062 -19.131976305431 -22.4268801475098 -5.03841177085375 -6.07238453368847 -12.8099169820283 -23.8179797185643 -21.7044929286558 -29.3104199011232 -0.552781257734848 
-33.2 3.16926909674635 -1.23483076788064 -8.61485225089818 -1.63807474330389 -1.91359828102034 -2.19513203364148 -13.5917651467819 -23.3086976189808 -33.1626745519786 -43.0400993341337 -56.2674610902249 -13.6447727588766 -20.611725347793 -30.2158222113455 -11.7153536100868 -10.3029623111382 -8.94123366629268 -10.0917635800725 -11.2462206002596 -14.3695153328243 -19.1072605550457 -22.3311278027312 -5.0415334537417 -6.03998791937941 -12.7420020705229 -23.6643005627671 -21.5863320700553 -29.2277773397193 -0.602731080448932 
-33 3.15873306384947 -1.27023028392473 -8.57945273485409 -1.66629853028785 -1.9772215840484 -2.29415485271363 -13.5333632109583 -23.2148961671131 -33.0334735840668 -42.8754988501778 -56.0674610902249 -13.6155717908206 -20.5471248636928 -30.1158222112013 -11.7737555457662 -10.3967637628617 -9.07043463406022 -10.2563640638841 -11.4462206001153 -14.309242834833 -19.0823875730985 -22.2354557886958 -5.04488425892271 -6.00793920851671 -12.6745538436158 -23.5102266130524 -21.4676576363847 -29.1445024220927 -0.651412151816365 
-32.8 3.1482319353488 -1.30551252634734 -8.54417049243148 -1.69488267966196 -2.04108797584513 -2.39330348693297 -13.4744921806487 -23.120742894381 -32.904038068912 -42.7107810926004 -55.8674610902249 -13.586136275559 -20.4824071060086 -30.0158222110945 -11.8326265759689 -10.490917035487 -9.19987014910815 -10.4210818213547 -11.6462206000085 -14.2489704370105 -19.0573974176987 -22.1399011484507 -5.04847825300381 -5.97625096017481 -12.6075833528516 -23.3558009426046 -21.3485142083595 -29.0606412364902 -0.698891745610745 
-32.6 3.13776492320494 -1.34068014284464 -8.50900287593418 -1.72380284534464 -2.1051757580251 -2.49255888561024 -13.4151626466379 -23.0262457438729 -32.7743733019067 -42.5459487090977 -55.667461090225 -13.5564715084744 -20.4175747224268 -29.9158222110153 -11.8919561099006 -10.585414185916 -9.3295349160344 -10.5859142047782 -11.8462205999293 -14.1887344870476 -19.0323290842331 -22.0444975819905 -5.05233008529999 -5.94493517597408 -12.5410999521532 -23.2010678422127 -21.2289487244649 -28.9762433690929 -0.745240370838124 
-32.4 3.1273309917533 -1.37573661309682 -8.47394640568201 -1.75303623587835 -2.16946561881098 -2.5919052166483 -13.3553885276467 -22.9314151546294 -32.644486242411 -42.3810051793499 -55.467461090225 -13.5265844489202 -20.3526311926203 -29.8158222109567 -11.9517302288332 -10.6802447751008 -9.45942197547138 -10.7508577344674 -12.0462205998706 -14.1285695302721 -19.0072205977098 -21.9492761549629 -5.05645498936907 -5.9140036097906 -12.475111915718 -23.0460722962525 -21.1090096487568 -28.891360763637 -0.790529967664603 
-32.2 3.11692893065583 -1.41068600366112 -8.43899701511771 -1.78256152704724 -2.23394030054418 -2.69132928894579 -13.2951860899039 -22.8362633263223 -32.5143850235397 -42.2159545699143 -55.267461090225 -13.4964832300053 -20.2875805831412 -29.7158222109133 -12.0119326665325 -10.7753966033644 -9.58952319429931 -10.9159083438596 -12.2462205998272 -14.0685087101743 -18.9821091681762 -21.8542659443008 -5.06086885104788 -5.8834680809055 -12.4096269962682 -22.890859647891 -20.9887463909597 -28.8060468964042 -0.834832429087692 
-32 3.1065574126128 -1.44553277406884 -8.40415024470998 -1.8123587782949 -2.29858432219956 -2.79082008100891 -13.2345731715348 -22.7408036375456 -32.3840785643551 -42.050801340322 -55.067461090225 -13.4661767707886 -20.2224273535167 -29.6158222108811 -12.0725455848694 -10.870856292109 -9.71982965345161 -11.0810615734196 -12.4462205997949 -14.0085839686687 -18.9570311970784 -21.7594944323874 -5.06558813122989 -5.85334059067939 -12.3446527356347 -22.7354752176408 -20.8682087311172 -28.7203560069694 -0.878218422299696 
-31.8 3.09621503873791 -1.48028162437156 -8.36940139440726 -1.84240935303313 -2.36338374724051 -2.89036835635257 -13.1735685727457 -22.6450501884537 -32.2535762649606 -41.8855501906247 -54.8674610902251 -13.4356744713701 -20.1571762037956 -29.5158222108572 -12.1335501836346 -10.9666097411769 -9.85033195282226 -11.246312723093 -12.646220599771 -13.9488261462255 -18.9320222249379 -21.6649877596415 -5.07062973385155 -5.82363334299872 -12.2801966376509 -22.5799639461297 -20.7474463099089 -28.6343424360638 -0.920756479103631 
-31.6 3.08590037397425 -1.51493737614874 -8.33474564263008 -1.87269584279419 -2.42832598877875 -2.98996634966798 -13.1121915798545 -22.5490174437853 -32.122887768515 -41.7202059424019 -54.6674610902251 -13.4049859749068 -20.091831955555 -29.4158222108395 -12.1949271765081 -11.0626424858276 -9.98102044925018 -11.4116569712981 -12.8462205997533 -13.8892652822645 -18.9071171127541 -21.5707711439033 -5.07601111144646 -5.79435896881607 -12.2162665116915 -22.424370337518 -20.6265084530743 -28.5480603310063 -0.96251232234503 
-31.4 3.07561197451014 -1.54950488039465 -8.30017813838417 -1.90320199524312 -2.49339964547359 -3.08960751060875 -13.0504615968381 -22.4527199565231 -31.9920227770068 -41.5547734466479 -54.4674610902251 -13.3741209833855 -20.0263994597878 -29.3158222108264 -12.2566571595113 -11.1589399730767 -10.1118854407452 -11.577089467039 -13.0462205997401 -13.8299306151546 -18.8823499498901 -21.4768689725475 -5.08175010104453 -5.76553045416861 -12.1528704927977 -22.268738183159 -20.5054438029612 -28.4615631851392 -1.00354839444165 
-31.2 3.06534840876816 -1.58398894699817 -8.26569407178066 -1.93391264587312 -2.55859436270711 -3.18928629444577 -12.9883978632522 -22.3561721563336 -31.8609909102139 -41.3892575132514 -54.2674610902251 -13.3430891165827 -19.9608835263816 -29.2158222108166 -12.3187208930875 -11.2554877732564 -10.2429173075284 -11.7426054004257 -13.2462205997303 -13.7708506823454 -18.8577540836844 -21.3833049731348 -5.0878648854786 -5.73716117199878 -12.0900171440248 -22.1131104501701 -20.3843001365758 -28.3749035853573 -1.04392355527079 
-31 3.05510827325588 -1.61839429148678 -8.23128872729204 -1.96481365328088 -2.62390071460348 -3.28899799083076 -12.9260192412067 -22.2593881897995 -31.7298015991911 -41.2236628577401 -54.0674610902252 -13.3118998055527 -19.895288870863 -29.1158222108094 -12.3810995151258 -11.3522717397833 -10.3741066185439 -11.9082000559299 -13.4462205997231 -13.7120534204983 -18.8333621663259 -21.2901023667991 -5.09437397553517 -5.70926491756712 -12.0277155451041 -21.9575292217961 -20.2631242526905 -28.2881330459606 -1.08369291862395 
-30.8 3.04489020431811 -1.65272549554077 -8.19695752323805 -1.99589183788631 -2.6893101032629 -3.38873858354418 -12.8633440574227 -22.1623818019615 -31.5984640072992 -41.0579940617941 -53.8674610902252 -13.2805622136554 -19.8296200749116 -29.015822210804 -12.4437746989044 -11.4492781276159 -10.5054442104305 -12.0738688518705 -13.6462205997177 -13.6535661654867 -18.8092061153683 -21.1972839077335 -5.10129610918831 -5.68185584716589 -11.9659752706493 -21.8020355789519 -20.1419618139002 -28.2013018112243 -1.12290779921764 
-30.6 3.03469288664701 -1.68698697840039 -8.16269604037843 -2.02713492406514 -2.75481467230135 -3.48850463544224 -12.8003899888612 -22.0651662505404 -31.4669869730184 -40.8922555446537 -53.6674610902252 -13.2490851793706 -19.7638815577672 -28.9158222108 -12.5067287674619 -11.5464936790331 -10.6369212447073 -12.2396073690068 -13.8462205997137 -13.5954154020669 -18.7853168348081 -21.1048716614541 -5.10864991481095 -5.65494816992929 -11.9048061105527 -21.6466692641149 -20.0208569819229 -28.1144584621066 -1.16161574551092 
-30.4 3.02451505918452 -1.72118297703465 -8.12850004174417 -2.0585314852612 -2.82040723213167 -3.58829319390682 -12.7371739833983 -21.9677542464432 -31.335378970287 -40.726451543288 -53.4674610902253 -13.217477176636 -19.6980775563984 -28.8158222107969 -12.5699447729219 -11.6439056831273 -10.7685292474358 -12.4054113703696 -14.0462205997107 -13.5376270642728 -18.7617244956483 -21.0128873250257 -5.11645413685032 -5.62855639333402 -11.8442183353232 -21.4914689222266 -19.8998526386688 -28.0276501174868 -1.19986063743271 
-30.2 3.01435551901932 -1.75531753304816 -8.09436548573066 -2.09007089232175 -2.88608119520573 -3.68810171299439 -12.6737122074516 -21.870157914483 -31.2036480823133 -40.5605860993008 -53.2674610902245 -13.1857462886608 -19.6322121124097 -28.7158222107947 -12.6334065488664 -11.7415020150853 -10.9002601354073 -12.5712768143546 -14.2462205997092 -13.480226285087 -18.738458272476 -20.9213519898265 -5.12472732074085 -5.60269502121104 -11.784222407187 -21.3364718110829 -19.7789900835386 -27.9409221183701 -1.2376828306076 
-30 3.00421312367143 -1.78939448500503 -8.06028853377379 -2.12174326461192 -2.95183051945277 -3.7879279891983 -12.6100200152799 -21.7723887703544 -31.0718019862278 -40.3946630512585 -53.0674610902253 -13.1539001925729 -19.5662890643649 -28.6158222107931 -12.6970987410365 -11.8392711592123 -11.0321062314911 -12.7371998623953 -14.4462205997068 -13.4232374965726 -18.7155464359185 -20.8302862493551 -5.13348785647509 -5.57737860498841 -11.7248290390072 -21.1817138784415 -19.6583091028541 -27.8543180896425 -1.27511933274727 
-29.8 2.99408679217959 -1.82341746477568 -8.02626555400314 -2.15353942419372 -3.01764965880522 -3.8877701083214 -12.5461119343617 -21.6744577096656 -30.9398479457684 -40.2286860310284 -52.8674610902246 -13.121946152113 -19.5003120441344 -28.5158222107919 -12.7610068219534 -11.9372022198999 -11.1640602719494 -12.9031768826242 -14.6462205997063 -13.3666839792812 -18.6930158983978 -20.7397097522931 -5.14275347853739 -5.55262124728006 -11.6660487015286 -21.0272293004626 -19.5378475046458 -27.7678794712048 -1.31220399977715 
-29.6 2.98397550517075 -1.85738989730309 -7.99229312147573 -2.18545085224585 -3.08353351938476 -3.98762640142835 -12.4820016644722 -21.5763750072487 -30.807792810824 -40.0626584635566 -52.6674610902254 -13.089891017167 -19.4342844766609 -28.415822210791 -12.8251170918421 -12.0352849223159 -11.2961154068928 -13.0692044500951 -14.8462205997046 -13.3105882627792 -18.6708926144232 -20.6496416032637 -5.15254162261584 -5.52843695883109 -11.6078919805518 -20.8730508815445 -19.4176415182552 -27.6816459173416 -1.3489677431351 
-29.4 2.97387830428079 -1.89131500254933 -7.95836801622949 -2.21746964855961 -3.14947742094476 -4.08749540823459 -12.4177020854564 -21.4781503229867 -30.6756430213158 -39.8965835688021 -52.4674610902247 -13.0577412276588 -19.3682095819065 -28.3158222107903 -12.8894166708572 -12.1335096065773 -11.4282651964004 -13.2352793448489 -15.0462205997047 -13.2549715749246 -18.6492010318148 -20.5600998101629 -5.16286883632191 -5.50483906729093 -11.5503689837658 -20.7192095094286 -19.2977252513855 -27.5956547557182 -1.38543873986244 
-29.2 2.96379429097215 -1.92519579946805 -7.92448721931077 -2.249588493077 -3.21547706238087 -4.18737584658942 -12.3532252731321 -21.3797927137436 -30.543404615154 -39.7304643657217 -52.2674610902255 -13.0255028214957 -19.3020903788247 -28.2158222107898 -12.9538934831811 -12.2318672158199 -11.5605036025617 -13.4013985479289 -15.2462205997034 -13.19985404213 -18.6279642959389 -20.4711014804495 -5.17375094496389 -5.48184037901419 -11.4934894985699 -20.5657343673914 -19.178130906267 -27.5099412075184 -1.42164264112731 
-29 2.9537226249995 -1.95903511115955 -7.89064790761927 -2.28180061007355 -3.28152849106891 -4.28726658696896 -12.2885825198974 -21.2813106488174 -30.4110832385363 -39.5643036774125 -52.0674610902248 -12.9931814448784 -19.2359296905158 -28.1158222107895 -13.0185362364154 -12.3303492807457 -11.6928249791791 -13.5675592362378 -15.4462205997038 -13.1452543889683 -18.6072039544687 -20.3826625155963 -5.18520272049057 -5.45945284284937 -11.437262650714 -20.4126526493038 -19.0588884998709 -27.4245381128138 -1.45760277434076 
-28.8 2.94366252256805 -1.99283557105873 -7.85684744772009 -2.31409973439779 -3.34762807529233 -4.38716663109156 -12.2237843594949 -21.1827120285158 -30.2786841583355 -39.3981041373125 -51.8674610902256 -12.9607823646765 -19.1697301504147 -28.0158222107892 -13.0833343968177 -12.4289479010471 -11.8252240593797 -13.7337587763376 -15.6462205997027 -13.0911899381726 -18.5869399635722 -20.2947976049015 -5.19723785391865 -5.43768751637827 -11.3816968643433 -20.2599895782069 -18.9400258886731 -27.3394759615152 -1.49334033668618 
-28.6 2.93361325434762 -2.02659962960735 -7.82308338917148 -2.34648008014434 -3.4137724795875 -4.48707509393535 -12.1588405936887 -21.0840042041609 -30.146212275432 -39.2318681958604 -51.6674610902249 -12.9283104817735 -19.1034942089632 -27.915822210789 -13.1482781626237 -12.5276557254018 -11.957695942283 -13.8999947177895 -15.8462205997033 -13.0376763102425 -18.5671903941907 -20.2075199184227 -5.20986863028387 -5.41655423419487 -11.3267995236117 -20.1077681259221 -18.821568494937 -27.2547826263277 -1.5288745777605 
-28.4 2.92357414333947 -2.06032956142132 -7.7893534573575 -2.37893631114877 -3.47995864240592 -4.58699118856774 -12.0937603209454 -20.9851939996037 -30.0136721390608 -39.0655981276752 -51.4674610902258 -12.8957703454013 -19.037224140777 -27.8158222107889 -13.2133584353669 -12.626465929959 -12.0902360786541 -14.0662647859746 -16.0462205997024 -12.9847274234432 -18.5479714392054 -20.1208410998095 -5.22310590630318 -5.3960615784002 -11.2725769360027 -19.9560090345657 -18.7035393353946 -27.1704833985993 -1.56422297074357 
-28.2 2.91354456265071 -2.09402747276821 -7.75565554601061 -2.41146351319284 -3.54618375579687 -4.68691421330559 -12.0285519663323 -20.8862877336437 -29.8810679617539 -38.8992960390214 -51.2674610902251 -12.863166168095 -18.9709220521238 -27.7158222107888 -13.27856678998 -12.7253721959189 -12.2228402559609 -14.2325668746283 -16.246220599703 -12.9323556940693 -18.5292976211783 -20.0347714590886 -5.23695929032025 -5.37621705107039 -11.2190344973263 -19.8047310392318 -18.5859592514076 -27.0866012259592 -1.59940137164584 
-28 2.90352393340163 -2.12769530859852 -7.7219877101803 -2.44405716904128 -3.61244524747561 -4.78684354081463 -11.9632233096544 -20.7872912411354 -29.7484036334154 -38.7329638748525 -51.0674610902259 -12.8305018397556 -18.904589887954 -27.6158222107887 -13.3438954466579 -12.8243686884271 -12.3555045842995 -14.3988990387972 -16.4462205997021 -12.8805713855896 -18.511181148529 -19.9493193147787 -5.25143647351946 -5.35702639843929 -11.1661760088646 -19.6539502382441 -18.4688462862501 -27.003156096632 -1.6344241652796 
-27.8 2.89351172252918 -2.16133485992537 -7.68834815885345 -2.47671313439331 -3.6787407641545 -4.88677860882037 -11.8977815149611 -20.6882098951153 -29.6156827360684 -38.5666034261787 -50.8674610902252 -12.7977809424092 -18.8382294392808 -27.5158222107887 -13.4093372413512 -12.9234500344473 -12.4882254816464 -14.565259487471 -16.6462205997028 -12.8293828589768 -18.493632173243 -19.864491236839 -5.26654346358557 -5.33849383717855 -11.1140038962774 -19.5036803656112 -18.3522159649441 -26.9201653266528 -1.66930440011791 
-27.6 2.88350744068339 -2.19494777089252 -7.6547352478863 -2.5094276158062 -3.74506815653454 -4.98671891216757 -11.8322331588306 -20.5890486280177 -29.4829085580036 -38.4002163371468 -50.6674610902261 -12.7650067643435 -18.771842350248 -27.4158222107886 -13.4748855974817 -13.022611301545 -12.6209996597113 -14.731646576503 -16.846220599702 -12.7787965727065 -18.4766587979399 -19.7802920396015 -5.28228456969532 -5.32062203232114 -11.0625191804524 -19.3539328122432 -18.2360813225433 -26.8376435952192 -1.70405391131557 
-27.4 2.87351064027462 -2.22853554533509 -7.62114747344373 -2.54219715076348 -3.81142546593439 -5.08666399600999 -11.7665842566003 -20.4898119513447 -29.3500841068881 -38.2338041115887 -50.4674610902255 -12.7321823132286 -18.7054301246905 -27.3158222107886 -13.5405344997122 -13.121847978218 -12.7538241108269 -14.8980588020612 -17.0462205997027 -12.7288167823634 -18.4602667820393 -19.6967244748159 -5.29866208875209 -5.30341177693535 -11.0117211506244 -19.2047163452272 -18.1204526299699 -26.7556026770883 -1.73868343218797 
-27.2 2.86352091350909 -2.26209955338 -7.58758346539882 -2.57501858861106 -3.87781091182688 -5.18661344994738 -11.7008402887808 -20.3905039754804 -29.2172121229788 -38.0673681196345 -50.2674610902264 -12.6993103293184 -18.6389941327354 -27.2158222107886 -13.6062784675317 -13.2211559540825 -12.8866960947363 -15.0644947940155 -17.2462205997019 -12.6794457909699 -18.4444597986907 -19.6137894753774 -5.31567654325108 -5.28686222338942 -10.9616075890332 -19.0560373779693 -18.0053376707569 -26.6740517259202 -1.77320269608985 
-27 2.85353789059627 -2.29564103746891 -7.55404198130991 -2.60788907344871 -3.94422288075344 -5.28656690296285 -11.6350062251358 -20.2911284277465 -29.084295091156 -37.9009096037228 -50.0674610902258 -12.6663932974963 -18.5725356168243 -27.1158222107886 -13.6721125311768 -13.3205315018165 -13.0196131265592 -15.2309533099273 -17.4462205997027 -12.6306838989201 -18.4292393907299 -19.5314860992388 -5.33332662012792 -5.27097081617736 -10.9121746977326 -18.9078999381857 -17.8907417150622 -26.5929972543145 -1.80762052821368 
-26.8 2.84356123816724 -2.32916111767219 -7.52052190110663 -2.64080602911556 -4.01065991662358 -5.38652401903627 -11.5690865459499 -20.1916886683573 -28.9513352515635 -37.734429683927 -49.8674610902267 -12.6334334579028 -18.5060556970276 -27.0158222107886 -13.7380322103629 -13.4199712612059 -13.1525729661519 -15.3974332297232 -17.6462205997019 -12.5825291536518 -18.4146047256648 -19.4498112737672 -5.3516089107297 -5.25573302657586 -10.8634168279275 -18.7603054335282 -17.7766672906079 -26.5124429100635 -1.84194492806139 
-26.6 2.83359065761033 -2.36266079728099 -7.48702222149783 -2.67376714419102 -4.07712071130783 -5.48648449332932 -11.5030852643846 -20.0921877071831 -28.8183346107806 -37.5679293635353 -49.6674610902262 -12.6004328171203 -18.4395553766363 -26.9158222107885 -13.8040334919285 -13.5194722223802 -13.285573606935 -15.5639335501152 -17.8462205997026 -12.5349778002371 -18.4005530518589 -19.3687602407437 -5.37051835199904 -5.2411427882364 -10.8153269099796 -18.6132531189393 -17.6631146556279 -26.4323899546922 -1.87618314485089 
-26.4 2.82362588379692 -2.39614096708835 -7.45354205169047 -2.70677036010547 -4.14360409702964 -5.58644804885849 -11.4370059436143 -19.9926282166055 -28.6852949503956 -37.4014095333429 -49.4674610902264 -12.567393156735 -18.3730355464437 -26.8158222107885 -13.870112812699 -13.6190317129581 -13.4186132673203 -15.7304533803078 -18.0462205997026 -12.4880239809888 -18.387079402418 -19.288326251688 -5.39004791847251 -5.22719218490289 -10.7678961368383 -18.4667398091133 -17.5500815156092 -26.3528369844809 -1.9103417441417 
-26.2 2.813666683669 -2.42960241013483 -7.42008060864399 -2.73981385873797 -4.21010903870862 -5.68641443358395 -11.3708517158004 -19.8930125457452 -28.5522178364888 -37.2348709763897 -49.2674610902267 -12.534316042828 -18.3064969894902 -26.7158222107885 -13.9362670405131 -13.7186473838187 -13.5516903812273 -15.8969919372613 -18.2462205997026 -12.441660236117 -18.3741771005927 -19.2085010637698 -5.41018911527977 -5.21387193866329 -10.7211144475526 -18.3207603933813 -17.4375635429237 -26.2737804548419 -1.94442666913234 
-26 2.80371285538786 -2.46304580456868 -7.38663721421014 -2.7728960541411 -4.2766346285456 -5.78638341785478 -11.3046252935362 -19.7933427290471 -28.4191046253568 -37.0683143708238 -49.067461090227 -12.5012028316957 -18.239940383924 -26.6158222107886 -14.0024934627777 -13.8183172005171 -13.6848035923596 -16.0635485428275 -18.4462205997026 -12.395876953007 -18.3618372119165 -19.1292743862259 -5.43093142200664 -5.20117085095669 -10.6749699654118 -18.1753072935731 -17.3255538375493 -26.1952141439013 -1.97844329339416 
-25.8 2.79376422708992 -2.49647172782616 -7.35321129095266 -2.8060155819288 -4.34318007959078 -5.88635479215745 -11.2383289865665 -19.6936204988199 -28.2859564718722 -36.9017402940817 -48.8674610902274 -12.4680546782107 -18.1733663071816 -26.5158222107886 -14.0687897697478 -13.9180394307447 -13.8179517458447 -16.23012261957 -18.6462205997026 -12.3506632173352 -18.3500493995022 -19.0506347272967 -5.45226313738006 -5.18907664307225 -10.6294498342703 -18.0303713276741 -17.2140437949078 -26.1171300245174 -2.01239647128799 
-25.6 2.78382065623737 -2.52988065881335 -7.31980235996547 -2.83917129292706 -4.40974472157623 -5.98632836513008 -11.1719647105157 -19.5938472917819 -28.152774333847 -36.7351492250693 -48.6674610902279 -12.4348725401851 -18.1067752381688 -26.4158222107886 -14.135154045799 -14.0178126377831 -13.9511338838703 -16.3967136885828 -18.8462205997026 -12.3060065126761 -18.3388016258303 -18.9725690916503 -5.47417107470633 -5.1775756494117 -10.5845399096221 -17.8859414159769 -17.1030228141979 -26.0395179747946 -2.04629058045338 
-25.4 2.77388202901784 -2.56327297992295 -7.28641003885588 -2.87236224738102 -4.47632799713979 -6.08630396180324 -11.1055339949546 -19.4940242551112 -28.0195589760667 -36.5685415461794 -48.4674610902284 -12.4016571824044 -18.0401675592784 -26.3158222107887 -14.2015847613607 -14.1176356744544 -14.0843492416511 -16.5633213674732 -19.0462205997026 -12.2618928206326 -18.3280802548964 -18.8950630784973 -5.49664065822641 -5.16665291182181 -10.540224850923 -17.7420046872628 -16.9924784065933 -25.9623658882996 -2.0801295606349 
-25.2 2.76394825977695 -2.59664897894107 -7.25303403983776 -2.90558770957895 -4.54292945835583 -6.1862814220374 -11.0390379910276 -19.3941522521661 -27.8863109741035 -36.4019175451981 -48.2674610902289 -12.3684091804407 -17.9735435582966 -26.2158222107887 -14.2680807652882 -14.2175076774 -14.2175972436149 -16.7299453684551 -19.2462205997026 -12.2183069212312 -18.3178703545131 -18.8181011800777 -5.51965622004094 -5.15629247461861 -10.4964884147013 -17.5985467849162 -16.8823965032648 -25.8856599839892 -2.11391694886938 
-25 2.75401929072177 -2.63000885004343 -7.21967416873539 -2.93884714446926 -4.60954876434851 -6.28626059913244 -10.9724774754377 -19.2942318654739 -27.7530307163089 -36.2352774163012 -48.0674610902296 -12.3351289226454 -17.906903429399 -26.1158222107888 -14.3346412808788 -14.317428064093 -14.3508775014102 -16.8965854973528 -19.4462205997027 -12.1752324930525 -18.3081557974367 -18.7416668807966 -5.54320109785488 -5.1464774813298 -10.4533135503105 -17.4555519700452 -16.7727615594962 -25.809384911323 -2.14765591045032 
-24.8 2.744095091708 -2.66335269451042 -7.18633032426841 -2.97214021498938 -4.67618567933562 -6.38624135858653 -10.9058528533065 -19.1942633988756 -27.6197184052437 -36.0686212607689 -47.8674610902304 -12.3018166115795 -17.840247273866 -26.0158222107888 -14.4012659030109 -14.417396530692 -14.4841898124762 -17.0632416528858 -19.6462205997027 -12.1326523134947 -18.2989194623459 -18.6657428567718 -5.56725783328415 -5.13719037229246 -10.4106825968058 -17.3130033238891 -16.6635567578071 -25.7335239541009 -2.18134926671175 
-24.6 2.73417566027274 -2.69668052061704 -7.15300249816178 -3.00546678117564 -4.7428400716285 -6.48622357698604 -10.8391641577339 -19.0942468771964 -27.4863740574578 -35.9019490868765 -47.6674610902313 -12.2684722637928 -17.7735750999727 -25.9158222107889 -14.4679545985844 -14.5174130523722 -14.617534160263 -17.2299138267792 -19.8462205997027 -12.0905483589047 -18.2901433338625 -18.5903110760752 -5.59180827098697 -5.12841298388828 -10.3685773822954 -17.1708828476199 -16.5547641076445 -25.6580591300449 -2.21499951951912 
-24.4 2.72426102194368 -2.72999224259401 -7.11969077618481 -3.03882690124611 -4.80951191367594 -6.58620714101045 -10.7724110456428 -18.9941820431284 -27.3529975014128 -35.7352608088545 -47.4674610902324 -12.2350957077468 -17.7068868219498 -25.8158222107889 -14.5347077106765 -14.6174778864413 -14.7509107163091 -17.3966021048023 -20.0462205997028 -12.0489018045781 -18.2818085015129 -18.5153527997717 -5.61683355870779 -5.12012654963251 -10.3269792260623 -17.0291714592252 -16.4463644412268 -25.5829711856041 -2.2486088724782 
-24.2 2.71435123041738 -2.76328768002879 -7.08639533875004 -3.07222083190383 -4.87620128176844 -6.68619194653772 -10.7055927953832 -18.894068355434 -27.2195883762836 -35.5685562462905 -47.2674610902336 -12.2016865826164 -17.6401822593846 -25.715822210789 -14.6015259609375 -14.717591574137 -14.8843198414396 -17.5633066673676 -20.2462205997028 -12.0076933752192 -18.2738955095889 -18.440848932978 -5.6423144974414 -5.11231205093096 -10.2858692899263 -16.8878493421719 -16.3383377616082 -25.5082399434204 -2.28217925094622 
-24 2.70444636821048 -2.79656655567764 -7.05311646310118 -3.10564903190783 -4.94290835742128 -6.78617789783942 -10.63870829798 -18.793904982382 -27.0861461275828 -35.4018351219408 -47.0674610902351 -12.1682443339142 -17.5734611350335 -25.6158222107891 -14.6684104583421 -14.8177549471905 -15.0177620901419 -17.7300277917187 -20.4462205997028 -11.9669033449411 -18.2663843549596 -18.3667800270511 -5.66823154281607 -5.10495022065716 -10.2452285840033 -16.7468959388417 -16.2306632339269 -25.4338442913879 -2.31571231847113 
-23.8 2.6945465473691 -2.82982849308218 -7.01985452569665 -3.13911216611381 -5.00963342903181 -6.88616490685448 -10.5717560475999 -18.6936907945973 -26.9526700023935 -35.235097059347 -46.8674610902368 -12.1347682087233 -17.5067230724382 -25.5158222107892 -14.735362708724 -14.9179691349769 -15.1512382153329 -17.8967658543143 -20.6462205997029 -11.9265116874625 -18.2592546348855 -18.2931264321679 -5.69456495694791 -5.09802169738408 -10.2050381233261 -16.6062900935783 -16.1233193260681 -25.3597623209336 -2.34920949170248 
-23.6 2.68465191016003 -2.86307301424695 -6.98661000453188 -3.17261110946243 -5.07637689354519 -6.98615289253264 -10.5047341322609 -18.5934243580935 -26.819159044725 -35.0683415805138 -46.6674610902387 -12.101257251053 -17.439967593603 -25.4158222107893 -14.802384624065 -15.0182355714827 -15.2847491730034 -18.0635213331495 -20.8462205997029 -11.8864983765022 -18.2524858450899 -18.2198686000428 -5.72129511050085 -5.09150732977264 -10.1652792345495 -16.4660103461142 -16.0162840997687 -25.285971615799 -2.38267195440067 
-23.4 2.67476263090066 -2.89629953349122 -6.9533834852876 -3.20614695868277 -5.14313926200981 -7.08614178024154 -10.4376402092403 -18.4931039158287 -26.6856120832159 -34.9015680997604 -46.467461090241 -12.0677102895416 -17.3731941128474 -25.3158222107893 -14.8694785470879 -15.1185560137499 -15.4182961345149 -18.2302948139053 -21.046220599703 -11.8468429351875 -18.2460569230196 -18.1469866394838 -5.74840203765072 -5.08538773767784 -10.1259331232108 -16.3260344625345 -15.9095347354333 -25.2124487707079 -2.41610066561417 
-23.2 2.66487891656288 -2.92950735542 -6.92017566335883 -3.2397210358108 -5.20992116106662 -7.18613150122712 -10.3704714969581 -18.3927273816177 -26.5520277270761 -34.7347759216918 -46.2674610902437 -12.0341259333992 -17.3064019347763 -25.2158222107894 -14.9366472593729 -15.2189325479636 -15.5518804906574 -18.3970869919766 -21.2462205997031 -11.8075251369745 -18.2399469467353 -18.074461019342 -5.7758661384944 -5.07964401659314 -10.0869815801969 -16.1863401301104 -15.803048224938 -25.1391700821413 -2.44949637235189 
-23 2.65500100844656 -2.96269566930134 -6.88698734947748 -3.27333489894595 -5.27672333808311 -7.28612199212496 -10.3032247524866 -18.2922923232648 -26.4184043548419 -34.5679642355763 -46.0674610902468 -12.000502561162 -17.2395902486577 -25.1158222107896 -15.0038940038476 -15.3193676063197 -15.6855038628948 -18.5638986780953 -21.4462205997031 -11.7685249555818 -18.234135079224 -18.0022725240681 -5.80366813411818 -5.07425769833518 -10.048406948058 -16.0469048903648 -15.6968012990737 -25.0661114701584 -2.48285961727639 
-22.8 2.64512918498076 -2.99586353965467 -6.85381947912416 -3.30699036063142 -5.3435466701219 -7.38611319451707 -10.2358962339028 -18.1917959343277 -26.2847400955514 -34.4011321059325 -45.8674610902497 -11.9668383018686 -17.172758119011 -25.0158222107895 -15.0712225224351 -15.4198639952606 -15.819168122189 -18.7307308077429 -21.646220599704 -11.7298220643342 -18.2286000583297 -17.9304017624671 -5.83178857490939 -5.06921026877307 -10.0101916481426 -15.9077056101799 -15.5907698892421 -24.9932479306802 -2.5161907414935 
-22.6 2.63526376226218 -3.02900990444168 -6.82067311433714 -3.34068949106501 -5.41039216534251 -7.48610505452469 -10.1684816930558 -18.0912350286937 -26.1510328251305 -34.2342784707245 -45.6674610902547 -11.9331310314428 -17.1059044837981 -24.9158222107896 -15.1386370632864 -15.5204249008988 -15.9528753926143 -18.8975844429552 -21.8462205997033 -11.6913968374758 -18.2233211962584 -17.8588301708217 -5.86020884327155 -5.06448417234822 -9.97231918693032 -15.7687194776875 -15.4849301215368 -24.9205545277618 -2.54948989622903 
-22.4 2.62540509835526 -3.06213356061875 -6.78754945816007 -3.3744346466287 -5.47726097708326 -7.58609752244251 -10.1009763177683 -17.9906059972291 -26.0172801374888 -34.0674021269058 -45.4674610902589 -11.899378343797 -17.0390281399753 -24.8158222107897 -15.206142438579 -15.6210539323685 -16.0866280802611 -19.064460786779 -22.0462205997042 -11.653229348857 -18.2182773638166 -17.7875390260259 -5.88891016639338 -5.06006183929298 -9.93477319769839 -15.629922957604 -15.3792572576303 -24.8480053200324 -2.58275703963206 
-22.2 2.61555359419435 -3.09523316110554 -6.75444985767328 -3.40822847561214 -5.5441544065535 -7.68609055239954 -10.0333747197221 -17.8899047986961 -25.883479338469 -33.9005017273992 -45.2674610902655 -11.8655775447708 -16.9721277404622 -24.7158222107899 -15.2737440366312 -15.7217551309075 -16.2204288792868 -19.2313611862915 -22.2462205997035 -11.6153003732477 -18.2134479886941 -17.7165104499298 -5.91787462025419 -5.055926692667 -9.89753845058524 -15.4912927834616 -15.2737266839747 -24.7755743468636 -2.61599194711125 
-22 2.60570969808759 -3.1283071996529 -6.72137581912593 -3.44207394817107 -5.61107391765978 -7.78608410205318 -9.96567087391753 -17.7891269143442 -25.7496274155698 -33.7335757659526 -45.0674610902716 -11.8317256218656 -16.9052017790097 -24.61582221079 -15.3414478824427 -15.8225330152663 -16.354280802193 -19.3982871477451 -22.4462205997044 -11.577590685418 -18.2088123394117 -17.6457267235527 -5.9470844435306 -5.05206247739605 -9.86060019676733 -15.3528052112798 -15.1683131503402 -24.7032348517765 -2.64919420753394 
-21.8 2.5958739083726 -3.16135400191995 -6.68832901685887 -3.47597437389114 -5.67802114564691 -7.88607813230736 -9.89785808299448 -17.6882673211541 -25.6157210201126 -33.5666225682283 -44.8674610902803 -11.7978192263999 -16.838248581277 -24.5158222107902 -15.4092606733738 -15.9233926084645 -16.4881871976583 -19.5652403454774 -22.6462205997038 -11.5400814606634 -18.2043499169242 -17.5751706965311 -5.97652244676301 -5.04845367836141 -9.82394459546525 -15.214436393335 -15.0629911346625 -24.6309596383658 -2.68236322748427 
-21.6 2.58604677840776 -3.19437170870411 -6.65531131007471 -3.50993343507134 -5.74499791361127 -7.98607260705589 -9.8299289101397 -17.5873204415152 -25.4817564336895 -33.3996402750211 -44.6674610902888 -11.7638546399684 -16.7712662880613 -24.4158222107904 -15.4771898462381 -16.0243394881129 -16.6221517840908 -19.7322226386941 -22.8462205997047 -11.5027538742797 -18.2000400373247 -17.5048254033632 -6.00617162834348 -5.04508515315771 -9.78755836347776 -15.0761619273121 -14.9577343754238 -24.5587205859113 -2.71549822754505 
-21.4 2.57622891940991 -3.22735826640705 -6.62232475237177 -3.54395520555534 -5.81200624179821 -8.08606749294577 -9.76187514096313 -17.4862801146357 -25.347729549107 -33.2326268327357 -44.4674610903005 -11.7298277553745 -16.7042528457644 -24.3158222107906 -15.5452436154257 -16.1253798150035 -16.7561786686844 -19.8992360809906 -23.0462205997041 -11.4655896522852 -18.1958623730331 -17.4346746236657 -6.03601573453569 -5.04194270164699 -9.75142935426372 -14.9379573784379 -14.8525163842525 -24.4864891524429 -2.74859824697188 
-21.2 2.56642100648605 -3.26031140676884 -6.58937161200998 -3.57804419104786 -5.87904836765252 -8.18606275916186 -9.69368770242231 -17.385139535733 -25.2136358298426 -33.0655799731095 -44.2674610903126 -11.6957340360983 -16.6372059861264 -24.2158222107908 -15.6134310539795 -16.2265203939191 -16.8902723879617 -20.0662829406297 -23.246220599705 -11.4285706208296 -18.1917964819393 -17.3647024518484 -6.06603882893424 -5.03901265568375 -9.71554616793908 -14.7997977680795 -14.7473099142559 -24.4142358228081 -2.78166213772708 
-21 2.55662378456327 -3.29322862694435 -6.55645439183447 -3.6122053687637 -5.94612676554387 -8.28605837722872 -9.62535658314012 -17.2838911962753 -25.0794702702094 -32.8984971933008 -44.0674610903283 -11.6615684764495 -16.5701232063022 -24.115822210791 -15.6817621732769 -16.327768733392 -17.0244379476101 -20.2333657204537 -23.4462205997045 -11.3916786060628 -18.187821687348 -17.294893216906 -6.09622521205857 -5.03628181863257 -9.679898110712 -14.6616574138548 -14.6420867802067 -24.3419299089344 -2.81468856083418 
-20.8 2.5468380729435 -3.32610717419998 -6.52357584457885 -3.64644421785158 -6.01324416188738 -8.38605432082785 -9.55687077217946 -17.1825268380591 -24.9452273647375 -32.7313757405732 -43.8674610903452 -11.627325570961 -16.503001753558 -24.0158222107912 -15.7502479842554 -16.4291330916261 -17.1586808530999 -20.400487173199 -23.6462205997054 -11.3548958346602 -18.183917463201 -17.2252318982478 -6.12655983699919 -5.03373789631756 -9.64447564114175 -14.5235102842356 -14.5368181978432 -24.2695398738265 -2.84767598840743 
-20.6 2.53706477333617 -3.35894401892508 -6.49073899985374 -3.68076677320462 -6.08040356196552 -8.4860505656311 -9.48821815110131 -17.0810373722558 -24.8109010542092 -32.5642125853198 -43.6674610903666 -11.5929992604115 -16.4358385982834 -23.9158222107915 -15.8189006053544 -16.5306225574502 -17.2930071636491 -20.5676503284734 -23.8462205997049 -11.3182045332971 -18.180063006563 -17.1557037521596 -6.157027935714 -5.03136915030726 -9.60927005040597 -14.385329517069 -14.4314742754017 -24.1970327961101 -2.88062269551146 
-20.4 2.5273048778763 -3.39173582769235 -6.45794719108647 -3.71517967918599 -6.14760827671416 -8.58604708914701 -9.41938538619388 -16.9794127985811 -24.6764846717672 -32.3970043941105 -43.4674610903901 -11.5585828779463 -16.368630407051 -23.8158222107918 -15.8877333702863 -16.6322471311494 -17.4274235461156 -20.7348585197071 -24.0462205997059 -11.2815868285176 -18.1762371105508 -17.0862942386128 -6.18761494568284 -5.02916435150884 -9.57427344284065 -14.2470872386146 -14.3260238057145 -24.1243741351902 -2.91352675447956 
-20.2 2.51755947746278 -3.42447893524251 -6.42520408353631 -3.7496902455181 -6.21486195059643 -8.68604387057945 -9.35035781642379 -16.8776421212609 -24.5419708868968 -32.22974750169 -43.2674610904193 -11.5240690930469 -16.3013735146014 -23.7158222107921 -15.9567609400852 -16.7340178084985 -17.5619373310148 -20.9021154121565 -24.2462205997054 -11.2450247467342 -18.1724181363175 -17.0169890492793 -6.21830653778145 -5.02711283605729 -9.53947881983856 -14.1087544795106 -14.2204341541607 -24.0515275911866 -2.94638602917768 
-20 2.50782977003837 -3.45716931666461 -6.39251370211421 -3.78430650279141 -6.28216858929184 -8.78604089069696 -9.28111934214496 -16.7757132655599 -24.4073516497737 -32.0624378831448 -43.0674610904521 -11.4894498558915 -16.2340638960239 -23.6158222107924 -16.0259994143979 -16.8359466642332 -17.6965565681717 -21.0694250307354 -24.4462205997065 -11.208500414491 -18.1685841854964 -16.9477743356139 -6.24908884423333 -5.02520476108706 -9.50488036344662 -13.9703012915662 -14.1146713476383 -23.9784551660863 -2.9791981745534 
-19.8 2.49811707352637 -3.48980254393079 -6.35988047484803 -3.81903728927605 -6.34953260304266 -8.88603813171395 -9.2116522512499 -16.6736129473987 -24.2726181043463 -31.8950711104512 -42.8674610904923 -11.4547163104242 -16.1666971232904 -23.5158222107928 -16.0954665053327 -16.9380469824343 -17.8312901136389 -21.2367918034688 -24.6462205997061 -11.1719955077406 -18.1647125060122 -16.8786362015974 -6.27994795123341 -5.02343064082097 -9.47047301591396 -13.8316960666542 -14.0086993499925 -23.9051163957067 -3.01196062049368 
-19.6 2.48842283614795 -3.52237375123164 -6.32730926754718 -3.85389232014021 -6.41695884120767 -8.98603557717981 -9.141937080499 -16.5713265693469 -24.1377605189937 -31.7276423177978 -42.667461090538 -11.4198587250263 -16.0992683305916 -23.4158222107932 -16.1651816761305 -17.0403333605328 -17.9661476990383 -21.4042205961691 -24.8462205997072 -11.1354915021729 -18.1607797077454 -16.8095609887288 -6.31087018383034 -5.02178166611705 -9.43625283390958 -13.6929056830344 -13.9024801736736 -23.8314684266886 -3.04467057042638 
-19.4 2.47874865113408 -3.55487758554609 -6.29480543323273 -3.88888228620931 -6.48445264159122 -9.08603321187782 -9.07195241781236 -16.4688380723458 -24.0027681876782 -31.5601461521678 -42.4674610905936 -11.3848663936556 -16.0317721649065 -23.3158222107936 -16.2351663388723 -17.1428218575891 -18.101140030409 -21.5717167618543 -25.0462205997068 -11.098969322755 -18.156761362642 -16.7405349749965 -6.3418418047956 -5.02024945276785 -9.40221678624555 -13.553895006615 -13.7959733315686 -23.7574654188981 -3.07732498615427 
-19.2 2.46909627091372 -3.58730815897145 -6.26237485980737 -3.92401894921199 -6.55201987801926 -9.18603102173122 -9.0016747115777 -16.3661297926858 -23.8676293345928 -31.3925767256571 -42.2674610906575 -11.3497275405068 -15.9642027383324 -23.2158222107941 -16.305444045172 -17.2455301373142 -18.2362788835595 -21.7392861884301 -25.246220599708 -11.062409393797 -18.1526320071093 -16.6715444726132 -6.37284911226521 -5.0188261868121 -9.36836294686482 -13.4146267979965 -13.6891356963755 -23.6830583571304 -3.10992058169309 
-19 2.45946762509993 -3.61965898829253 -6.2300240304863 -3.95931526255612 -6.61966702068446 -9.28602899371749 -8.93107802893839 -16.2631822807254 -23.7323309933113 -31.2249275550545 -42.0674610907339 -11.3144291991493 -15.8965535676537 -23.1158222107944 -16.3760407278882 -17.3484776493515 -18.3715772249178 -21.9069353591095 -25.4462205997085 -11.0257913385578 -18.1483647811912 -16.6025755880529 -6.4038781996905 -5.0175044449167 -9.33469037564796 -13.2750612307964 -13.5819209584965 -23.6081944485724 -3.14245380638001 
-18.8 2.44986483751563 -3.65192293777764 -6.19776008100119 -3.99478548565606 -6.68740119326952 -9.38602711578766 -8.86013382696919 -16.1599741292711 -23.5968588923719 -31.05719150463 -41.8674610908242 -11.27895709812 -15.8288175171394 -23.015822210795 -16.4469849299483 -17.4516858008967 -18.5070493259481 -22.0746714096249 -25.646220599709 -10.9890940793764 -18.1439314714948 -16.5336143793863 -6.43491511309355 -5.01627740883426 -9.30119939008079 -13.1351558201601 -13.4742794973453 -23.5328169369063 -3.17492083733745 
-18.6 2.44029024953488 -3.68409214075541 -6.16559087802342 -4.03044534070748 -6.75523025129871 -9.48602537679461 -8.78881063898726 -16.0564817383114 -23.4611972984345 -30.8893607077148 -41.6674610909312 -11.2432955040762 -15.7609867201178 -22.9158222107956 -16.5183081180378 -17.555178191964 -18.6427109199932 -22.2425022066477 -25.8462205997096 -10.9522953870805 -18.1393019821767 -16.4646464841127 -6.46594547882628 -5.0151385715896 -9.26789134985798 -12.994864736904 -13.3661576170669 -23.4568642596057 -3.20731755470694 
-18.4 2.43074644193985 -3.71615792617852 -6.1335250926003 -4.06631215949101 -6.82316285550535 -9.58602376642438 -8.71707378080662 -15.9526790947077 -23.3253288694076 -30.7214264932648 -41.4674610910581 -11.2074270749231 -15.6930525055415 -22.8158222107962 -16.590044976346 -17.6589808356952 -18.7785793491476 -22.4104364212252 -26.0462205997102 -10.9153719310526 -18.1344443115719 -16.3956572426616 -6.49695462700436 -5.01408193434419 -9.23476892718983 -12.8541386372716 -13.2574973028577 -23.3802697308196 -3.23963952932875 
-18.2 2.42123626300599 -3.74811072426164 -6.10157229451719 -4.10240507203475 -6.89120856613221 -9.68602227513434 -8.64488497328979 -15.8485374891077 -23.1892344657245 -30.5533792914986 -41.2674610912088 -11.17133267109 -15.6250053036254 -22.7158222107969 -16.6622337840142 -17.7631224414466 -18.914673752982 -22.5784836231428 -26.2462205997109 -10.8782988787039 -18.1293240573064 -16.3266313922298 -6.52792728528182 -5.01310179453891 -9.20183598930106 -12.7129239793223 -13.1482354429915 -23.3029606690365 -3.27188199135396 
-18 2.41176285725669 -3.7799399698702 -6.06974304890862 -4.13874519977886 -6.95937793948487 -9.78602089409557 -8.57220195590332 -15.7440252261127 -23.0528929571209 -30.3852085372864 -41.0674610913881 -11.1349911623079 -15.5568345492347 -22.6158222107977 -16.7349168015807 -17.8676347046216 -19.0510152617656 -22.746654377535 -26.4462205997116 -10.8410497953432 -18.1239042195542 -16.2575530632606 -6.55884757527302 -5.01219283892118 -9.16909778807515 -12.5711626329658 -13.0383033422436 -23.2248578138971 -3.30403980721643 
-17.8 2.40232969616773 -3.81163399935773 -6.0380490194211 -4.1753558618479 -7.02768263104145 -9.88601961513967 -8.4989780740671 -15.639107314789 -22.9162810163097 -30.2169025669876 -40.8674610916018 -11.0983792212838 -15.4885285787231 -22.5158222107986 -16.8081406836314 -17.9725526161599 -19.1876272027914 -22.9149603480483 -26.6462205997125 -10.8035965440454 -18.1181449977439 -16.1884057824752 -6.58969901553094 -5.01135024969195 -9.13656116935801 -12.4287914703434 -12.9276262091087 -23.1458747102498 -3.33610744980322 
-17.6 2.39294061856344 -3.84317991484082 -6.00650310393801 -4.21226284645261 -7.09613553112924 -9.98601843071056 -8.4251617362546 -15.5337450614934 -22.779372847531 -30.0484484827259 -40.6674610918569 -11.0614710522509 -15.4200744942071 -22.4158222107995 -16.8819570216999 -18.0779148697115 -19.3245353718261 -23.0834144325661 -26.8462205997134 -10.765908684863 -18.1120030540446 -16.1191720078097 -6.6204640564354 -5.01056937511294 -9.10423437929629 -12.2857413578645 -12.8161220121129 -23.065916428737 -3.36807894367427 
-17.4 2.38359986885916 -3.87456345571021 -5.97511956306862 -4.24949466782247 -7.1647508933685 -10.0860173338192 -8.35069590003747 -15.4278956844068 -22.6421399295751 -29.8798320239006 -40.4674610921622 -11.0242381339907 -15.3514580350775 -22.3158222108005 -16.9564228582234 -18.1837642471043 -19.4617682900883 -23.2520308916977 -27.0462205997144 -10.7279533746947 -18.1054312847458 -16.0498331567721 -6.65112410850542 -5.00984588631395 -9.07212734962753 -12.1419366706087 -12.7037008657265 -22.98487882322 -3.39994782030634 
-17.2 2.37431213899981 -3.90576885772321 -5.94391416105562 -4.28708284797947 -7.23354447553849 -10.1860163180022 -8.27551750845568 -15.321511890812 -22.5045507339673 -29.7110374262798 -40.2674610925285 -10.9866489380179 -15.2826634370917 -22.2158222108017 -17.0316012501725 -18.2901480410664 -19.5993574860634 -23.4208254896858 -27.2462205997155 -10.6896951670229 -18.098378479087 -15.9803695470873 -6.68165948300248 -5.00917585879763 -9.04025192009859 -11.997294669341 -12.5902642664718 -22.9026476259783 -3.43170705921231 
-17 2.36508262046846 -3.93677867826265 -5.91290434051617 -4.3250622661825 -7.30253371428097 -10.2860153772841 -8.19955679105386 -15.2145413528708 -22.3665703754866 -29.5420472472596 -40.0674610929688 -10.948668579098 -15.2136732576324 -22.1158222108029 -17.1075619680159 -18.3971185794493 -19.7373378449857 -23.5898156691476 -27.4462205997167 -10.6510954111248 -18.0907885437283 -15.9107599706497 -6.71204896584555 -5.00855552110163 -9.00862176186276 -11.8517243755003 -12.4757037931705 -22.8190969732165 -3.46334899971033 
-16.8 2.3559170513181 -3.96757363831705 -5.88210938046177 -4.36347147493194 -7.37173788308481 -10.3860145061424 -8.12273663180251 -15.106926233565 -22.2281602961264 -29.3728422078451 -39.8674610934999 -10.9102584992082 -15.1444682176881 -22.0158222108043 -17.1843821277996 -18.5047336992874 -19.8757479248783 -23.7590207090945 -27.646220599718 -10.612112151941 -18.0826002445989 -15.8409817514116 -6.74226987546432 -5.00798147066562 -8.97725275137274 -11.7051259970095 -12.3599003747341 -22.7340885148345 -3.49486525807198 
-16.6 2.34682177432114 -3.99813242710696 -5.85155059167186 -4.40235309068521 -7.44117828762799 -10.4860136994754 -8.04497178760454 -14.9986026005772 -22.0892778743486 -29.2034009972774 -39.6674610941423 -10.8713760767895 -15.0750270064796 -21.9158222108058 -17.2621469726415 -18.6130573329192 -20.0146303473 -23.9284619203061 -27.8462205997195 -10.5726995292878 -18.0737464107356 -15.7710103399684 -6.77229765735272 -5.00745046376449 -8.94616295568132 -11.5573897413668 -12.2427229078814 -22.6474698367717 -3.52624660426785 
-16.4 2.33780378877418 -4.02843152802849 -5.82125149075034 -4.44175414194044 -7.51087843980474 -10.5860129525737 -7.96616819207029 -14.8894999041214 -21.9498760769713 -29.0337000989785 -39.467461094922 -10.8319742786342 -15.0053261074028 -21.8158222108075 -17.340950568957 -18.7221600301563 -20.1540321454586 -24.0981628193862 -28.0462205997212 -10.5328075775933 -18.0641535599626 -15.7008192873524 -6.80210585783332 -5.00695956332319 -8.91537295431887 -11.4083950932149 -12.124027360651 -22.5590733904628 -3.55748283597256 
-16.2 2.32887081219815 -4.05844501134994 -5.79123800742888 -4.48172648381705 -7.5808642650028 -10.6860122610932 -7.88622212630582 -14.7795403550355 -21.809903044564 -28.8637135832497 -39.2674610958717 -10.792001245279 -14.9353395907261 -21.7158222108093 -17.4208966356731 -18.8321195801938 -20.2940051788175 -24.2681493360666 -28.246220599723 -10.4923815249785 -18.0537409906692 -15.6303797514161 -6.83166563041468 -5.00650585258347 -8.88490576025732 -11.2580094915123 -12.0036552422698 -22.4687147554031 -3.58856260229843 
-16 2.32003131671809 -4.08814441198115 -5.76153860679767 -4.52232704249197 -7.65116422430894 -10.7860116210306 -7.80501972999217 -14.6686385580906 -21.6693018469879 -28.6934129850424 -39.0674610970332 -10.7514000465435 -14.8650389913594 -21.6158222108114 -17.5020990331503 -18.9430213783022 -20.4346063775571 -24.4384499354375 -28.446220599725 -10.4513620936508 -18.0424209599728 -15.5596609194572 -6.86094615839108 -5.00608697992828 -8.8547874869713 -11.1060882632377 -11.8814334146264 -22.3761923283909 -3.61947328083208 
-15.8 2.31129458907526 -4.11749852784166 -5.73218449093716 -4.56361821844315 -7.72180951612062 -10.8860110287028 -7.72243619486086 -14.5567009070988 -21.5280100801356 -28.5227671023296 -38.8674610984598 -10.7101082782669 -14.7943931072222 -21.5158222108137 -17.5846825697105 -19.0549590307229 -20.5758981458384 -24.6090958195792 -28.6462205997273 -10.4096842983278 -18.0300972805103 -15.4886290082737 -6.88991365487741 -5.00570036055449 -8.82504675173661 -10.9524728169205 -11.7571720841697 -22.2812851137947 -3.65020071967682 
-15.6 2.30267072969582 -4.1464734229898 -5.70320959578902 -4.60566788017016 -7.79283407299578 -10.9860104807261 -7.63833577721409 -14.4436255943039 -21.3859598721925 -28.3517419992384 -38.6674611002205 -10.6680580685658 -14.723368002373 -21.4158222108164 -17.6687829891205 -19.1680343452811 -20.7179483555447 -24.7801209244337 -28.8462205997299 -10.3672782472879 -18.0166661246185 -15.4172480620856 -6.91853216071007 -5.00534397123862 -8.79571546727299 -10.7969914530831 -11.6306656154805 -22.1837535402536 -3.68072914667827 
-15.4 2.29417065950111 -4.17503240474116 -5.67465061403766 -4.6485494099414 -7.86427458451837 -11.086009974 -7.55257170640342 -14.3293025417418 -21.2430778378791 -28.1803009831737 -38.4674611024044 -10.6251760320714 -14.6519269841273 -21.3158222108193 -17.754547062118 -19.2823574000299 -20.8608303920449 -24.9515619426852 -29.0462205997328 -10.3240684414509 -18.0020153005329 -15.3454792744973 -6.94676286639277 -5.00501569517034 -8.76682820945297 -10.6394585946812 -11.5016917388299 -22.0833386453544 -3.71104097259692 
-15.2 2.28580604610033 -4.20313627165021 -5.64654674712862 -4.692341207815 -7.93617024930103 -11.1860095056917 -7.46498717676339 -14.2136141451928 -21.099285574421 -28.0084048528065 -38.2674611051282 -10.5813837658926 -14.5800308510394 -21.2158222108224 -17.8421315944851 -19.398045799306 -21.0046226582301 -25.1234580757794 -29.2462205997361 -10.2799745754291 -17.9860253014202 -15.2732815415665 -6.97456466515056 -5.00471362701871 -8.73842227439229 -10.4796763321071 -11.3700133431648 -21.9797641165984 -3.74111679749683 
-15 2.27758915699087 -4.23074380673574 -5.61893921204308 -4.73712570517376 -8.00856228174531 -11.2860090732216 -7.37541732052177 -14.0964367538656 -20.9545006480083 -27.8360123913083 -38.0674611085444 -10.5365988360674 -14.5076383861287 -21.1158222108261 -17.9317014541474 -19.5152231940539 -21.1494075880635 -25.2958505406984 -29.4462205997406 -10.2349125388414 -17.968570799918 -15.2006119698933 -7.00189466100345 -5.00443608778606 -8.71053720007449 -10.3174369041885 -11.2353814503318 -21.8727397588509 -3.77093560872358 
-14.8 2.26953259040602 -4.25781268179262 -5.5918703369862 -4.78298755609137 -8.08149300771981 -11.3860086742529 -7.28369282506336 -13.9776433833503 -20.8086384024361 -27.6630812706792 -37.8674611128585 -10.4907365861854 -14.4347072611898 -21.0158222108304 -18.0234259539233 -19.6340165688867 -21.2952698379531 -25.4687816656449 -29.646220599744 -10.1887961185472 -17.9495232546807 -15.1274266745422 -7.02870896667949 -5.00418151840521 -8.68321375563637 -10.1525271133748 -11.0975405345749 -21.7619677181509 -3.80047532396948 
-14.6 2.26164882071316 -4.28430098478689 -5.56538203399194 -4.83001058253153 -8.15500433715423 -11.4860083066816 -7.18964604251958 -13.8571082978123 -20.6616150139038 -27.4895695791526 -37.6674611183376 -10.4437131921788 -14.3611955641889 -20.9158222108352 -18.1174727419519 -19.7545516599095 -21.4422932319702 -25.6422933626563 -29.8462205997496 -10.1415400025885 -17.9287554417162 -15.0536822555892 -7.05496418015031 -5.00394842888177 -8.65649236311905 -9.98473591187311 -10.9562376360676 -21.6471531226378 -3.8297139826481 
-14.4 2.25394945358858 -4.31016972235859 -5.53951329642024 -4.87827276933248 -8.22913526152688 -11.586007968626 -7.09312099981549 -13.7347145175365 -20.5133524960563 -27.3154383237334 -37.4674611253467 -10.3954506673278 -14.2870643017662 -20.8158222108408 -18.2139977916698 -19.8769454471992 -21.5905557568316 -25.8164246250893 -30.0462205997543 -10.0930650871544 -17.9061492638538 -14.9793386025834 -7.08062018908335 -5.00373570024311 -8.63041089690831 -9.81386721615771 -10.8112376779239 -21.5280219020658 -3.85863204888291 
-14.2 2.24644412077032 -4.33538653328889 -5.51429648548993 -4.92783883726502 -8.30391814038973 -11.6860076584191 -6.99398825255837 -13.6103649593491 -20.3637861269386 -27.1406551436854 -37.2674611343684 -10.3458842891947 -14.2122811127029 -20.7158222108472 -18.3131305479557 -20.0012950144154 -21.7401221349781 -25.9912078141661 -30.2462205997615 -10.0433055859113 -17.881606573541 -14.90436229041 -7.10564356669672 -5.00354226692618 -8.60500065266146 -9.63975815672081 -10.6623454294173 -21.4043464644895 -3.88721623244981 
-14 2.23913881904446 -4.35993126926141 -5.48975174951742 -4.9787490815 -8.37937312059722 -11.7860073745991 -6.89216720813813 -13.4839991789563 -20.2128756105733 -26.9651998913476 -37.0674611460581 -10.2949737611471 -14.1368258486827 -20.6158222108545 -18.4149516040722 -20.1276608065044 -21.8910326630396 -26.1666630782002 -30.446220599768 -9.99222034485133 -17.8550660684536 -14.8287323133775 -7.13001330583692 -5.00336727009386 -8.58028091985624 -9.46230713526076 -10.5094391439297 -21.2759849149745 -3.91546586958515 
-13.8 2.23203352931887 -4.38380399442282 -5.465879024356 -5.03100337247412 -8.45550013673276 -11.8860071158961 -6.78765812401192 -13.3556173696687 -20.0606210761243 -26.7890726317372 -36.8674611612862 -10.2427192114785 -14.0606985738526 -20.515822210863 -18.5194607034358 -20.2560426310294 -22.043287212726 -26.342790353048 -30.6462205997772 -9.9398091637119 -17.8265276124756 -14.7524484070767 -7.15372914082454 -5.00321037992007 -8.55625130452141 -9.28151414482521 -10.3525188786556 -21.1429373748618 -3.94340291642503 
-13.6 2.22511901170947 -4.40703575342043 -5.44264726535839 -5.08453961979751 -8.53226814305375 -11.9860068812147 -6.68058517993125 -13.2253126665904 -19.9070846140484 -26.6123044106637 -36.6674611812151 -10.1891827294835 -13.9839303328601 -20.4158222108728 -18.6265336674544 -20.3863473540456 -22.1968236947398 -26.5195585940594 -30.8462205997863 -9.88613422409642 -17.7960844318577 -14.6755417084636 -7.17682220752022 -5.00307168761815 -8.5328808532215 -9.09753450212163 -10.1917709949496 -21.0054212501534 -3.97108665408758 
-13.4 2.21837269002572 -4.42970239892352 -5.4199806198553 -5.13920611718187 -8.6096012859412 -12.0860066696052 -6.57125178808279 -13.0933126292388 -19.7524179311938 -26.4349710823059 -36.4674612073543 -10.1345160205011 -13.9065969783745 -20.3158222108842 -18.7358670854541 -20.5183474175484 -22.3514904037457 -26.6968919485684 -31.0462205997984 -9.83134822639951 -17.7639650796639 -14.5980890652636 -7.19936935269941 -5.00295218729424 -8.51009470739488 -8.91074846706181 -10.0276516053929 -20.8639685060998 -3.99863442696433 
-13.2 2.21175397140905 -4.4519403169478 -5.39774270183102 -5.19473009174726 -8.68736317853088 -12.1860064802192 -6.46020349445036 -12.9600264175821 -19.5968938015128 -26.2572090346007 -36.2674612416248 -10.0789918565627 -13.8288348964119 -20.2158222108973 -18.8469154133693 -20.6516336634879 -22.5070145677095 -26.8746540305564 -31.2462205998107 -9.77572613146274 -17.7305809027514 -14.5202290523025 -7.22150915033922 -5.00285406690976 -8.48775866898574 -8.72184016045524 -9.8609812168106 -20.7195360355418 -4.02624835135197 
-13 2.20519983954728 -4.47396123300481 -5.37572178577402 -5.25068809165544 -8.76534209449607 -12.2860063122414 -6.34828720340151 -12.8260892104763 -19.4409356783499 -26.0792299953808 -36.0674612863479 -10.0230336886918 -13.750855812484 -20.1158222109123 -18.958831749157 -20.7855709153326 -22.6629727356112 -27.0526331145152 -31.4462205998264 -9.71969560052207 -17.6965712878677 -14.4421776053048 -7.24345753534873 -5.00278153586228 -8.46566522188164 -8.53187242239371 -9.69303439480608 -20.5736101295942 -4.05424611573432 
-12.8 2.19862255151384 -4.49605995038214 -5.35362306839669 -5.30649050945782 -8.84324322967577 -12.3860061647984 -6.23668213071955 -12.692385420417 -19.2851331709133 -25.9013287705668 -35.8674613441566 -9.96723112346344 -13.6729545298783 -20.0158222109294 -19.0704368796639 -20.9192747632168 -22.8187753008728 -27.2305343971541 -31.6462205998427 -9.66385301623282 -17.6628274209558 -14.3642363036383 -7.26551608622217 -5.00274136935838 -8.44352633800003 -8.34232604802814 -9.52558673781784 -20.4282611899833 -4.08309002976623 
-12.6 2.19191179564223 -4.51860710000383 -5.33107591877499 -5.36139608226359 -8.92069595210324 -12.4860060368476 -6.12687080277787 -12.5600269428536 -19.1302275437282 -25.7238759937601 -35.6674614177282 -9.91232542272584 -13.595501679519 -19.9158222109484 -19.1802482811969 -21.0516333143715 -22.9736810016491 -27.4079872475521 -31.8462205998624 -9.60895026532394 -17.6304718196686 -14.2867864031077 -7.28806605772176 -5.00274419123628 -8.42098201025662 -8.15506481953691 -9.3608726589483 -20.2860942607355 -4.11340561267044 
-12.4 2.18494355585426 -4.54201935759522 -5.3076636611836 -5.41457145730839 -8.99728358473943 -12.5860059270752 -6.02051992479631 -12.4302638072807 -18.9770521505639 -25.5472883430043 -35.467461509381 -9.85914993792947 -13.5189139371312 -19.8158222109692 -19.2865992508514 -21.1813965416174 -23.1268564864864 -27.5845749899808 -32.0462205998825 -9.55583556093704 -17.6007693728731 -14.2102594411294 -7.31153898595022 -5.00280486187335 -8.39763042330191 -7.97218697955622 -9.201407076559 -20.1500409359376 -4.14598068180787 
-12.2 2.17759537976235 -4.56670814511196 -5.28297487366687 -5.46519378903867 -9.07259470398644 -12.6860058338389 -5.91927518605437 -12.304330281022 -18.8264298367885 -25.3719772417122 -35.2674616205721 -9.80852751298526 -13.4436027246703 -19.7158222109915 -19.3878441008075 -21.3073301790902 -23.277478911476 -27.7598862024871 -32.2462205999055 -9.50535140872336 -17.5749740081762 -14.135086501399 -7.33636595296123 -5.00294304136763 -8.37307981527984 -7.79576930106154 -9.04967818558106 -20.0230008324764 -4.18174612354206 
-12 2.16976427473128 -4.5930195026128 -5.25666351616603 -5.51257099539084 -9.14628326783946 -12.7860057551928 -5.82452074701144 -12.1832644844782 -18.6790526827439 -25.1982887301668 -35.0674617515259 -9.76115022801029 -13.3699140821945 -19.6158222110149 -19.4825986708267 -21.4283961066103 -23.4248561964969 -27.9335748450088 -32.4462205999281 -9.45821384836801 -17.5541478053217 -14.0616375835428 -7.36291695643557 -5.00318268734112 -8.34700810375211 -7.6275659441391 -8.90778618615945 -19.9074201905556 -4.22175624071645 
-11.8 2.16138090356253 -4.62118639285472 -5.22849662592411 -5.55623714871056 -9.21811631140109 -12.8860056889963 -5.73718845758112 -12.067765304806 -18.5353866128297 -25.0264557700107 -34.8674619011279 -9.71748400851795 -13.2980809724602 -19.5158222110387 -19.5699311098836 -21.5438954359091 -23.5685224160376 -28.1054079547915 -32.6462205999526 -9.4149160270459 -17.5390168742415 -13.9901728719788 -7.39145217865127 -5.00355101931491 -8.31920954548436 -7.46876894312093 -8.77715607538321 -19.8049569700213 -4.26720433416484 
-11.6 2.15241515112575 -4.65130999823252 -5.19837302054631 -5.59598988202811 -9.28799265009645 -12.9860056330695 -5.65768304515055 -11.9581362869976 -18.3956339896435 -24.8565795414467 -34.6674620671861 -9.67773121929715 -13.2282045778616 -19.4158222110623 -19.6494366883961 -21.6535246197994 -23.7082752053057 -28.2752843494374 -32.8462205999764 -9.37569014948743 -17.5299146020608 -13.9208233890425 -7.42210263976419 -5.00407787505041 -8.28961279584168 -7.31991404773031 -8.65842478537038 -19.7163492853862 -4.3195170193496 
-11.4 2.14287270582281 -4.68337120655518 -5.16631181222364 -5.63186741765457 -9.35593139404557 -13.0860055853412 -5.58592805815807 -11.8543200916825 -18.2597565860057 -24.6886409294862 -34.4674622469029 -9.64185363596577 -13.1602657862076 -19.3158222110856 -19.7211918551287 -21.7573409948547 -23.8441527886837 -28.443223141138 -33.0462205999996 -9.34052940675652 -17.5268150676525 -13.8536014379889 -7.45488064095913 -5.0047946679223 -8.25826838039128 -7.18093710966097 -8.55150905562371 -19.6414947639622 -4.38057628014713 
-11.2 2.1327859244775 -4.7172613036687 -5.13242171511012 -5.6640871820354 -9.42204125553991 -13.1860055439491 -5.52148863710632 -11.7559905735172 -18.1275369707269 -24.5225312170939 -34.2674624373971 -9.60963383021525 -13.0941558833436 -19.215822211108 -19.7856314666971 -21.8556707035365 -23.976372594479 -28.6093330440469 -33.2462206000221 -9.30924965719688 -17.5294254152064 -13.7884315913158 -7.48971075287138 -5.00573468272142 -8.22531829807651 -7.05132784191362 -8.45578988498988 -19.5796656904419 -4.45315749006972 
-11 2.12220335309394 -4.75281718216175 -5.09686583661707 -5.69297538837917 -9.48648534037675 -13.286005507279 -5.4637123497922 -11.66265840771 -17.9986489264267 -24.3580872943007 -34.0674626361108 -9.58074558722274 -13.029711761858 -19.1158222111294 -19.8434079527462 -21.9490030680787 -24.1052608375143 -28.7737771655752 -33.4462206000434 -9.28156051973034 -17.5372921562329 -13.7251865753562 -7.52646570022031 -5.00693375157691 -8.19096148843932 -6.93030653861855 -8.37032446018786 -19.529756144133 -4.54181105217989 
-10.8 2.11118081770837 -4.7898512747891 -5.05983174398972 -5.71890716980604 -9.54945121443096 -13.3860054739606 -5.41184892524356 -11.573760890534 -17.8727173166234 -24.19512159187 -33.8674628410528 -9.55481377249762 -12.9667458545055 -19.0158222111496 -19.895271582257 -22.0379007902168 -24.2311926522797 -28.936743072968 -33.6462206000636 -9.25712635388326 -17.5498920830132 -13.6637183168817 -7.56499740840727 -5.0084313671369 -8.15542501137159 -6.81697485557531 -8.29402686977197 -19.4904926463444 -4.65488568719631 
-10.6 2.09977514843922 -4.82817264073762 -5.02151037804121 -5.74226440678415 -9.61112981735758 -13.4860054428357 -5.365134598879 -11.488725198221 -17.7493602583618 -24.0334431676599 -33.6674630508941 -9.53145650441356 -12.9050672204729 -18.9158222111685 -19.9419861184818 -22.1229366923902 -24.3545499204016 -29.0984217070384 -33.8462206000824 -9.23560981694817 -17.5666969120266 -13.6038804139981 -7.60515947437991 -5.01027206716064 -8.11894434544719 -6.71042262630823 -8.22579600645341 -19.4605831489744 -4.81027247037276 
-10.4 2.08804039889947 -4.86759966784276 -4.98208335093606 -5.76341032265501 -9.67170276033359 -13.5860054129169 -5.32284292136951 -11.4070064936063 -17.628214526642 -23.8728704088349 -33.4674632649641 -9.51031055864148 -12.8444942475957 -18.8158222111861 -19.9842780100788 -22.2046556110923 -24.4756958662089 -29.2589946799508 -34.0462206001 -9.21669879933198 -17.5872129215156 -13.5455423692768 -7.64682139972211 -5.01250696539808 -8.0817522165791 -6.6097929040598 -8.16459331131012 -19.4388074809362 -5.05865846012479 
-10.2 2.07602593151387 -4.90796650564028 -4.94171651313854 -5.7826766174884 -9.7313358929645 -13.6860053833453 -5.28431049078711 -11.3281072252264 -17.5089484204646 -23.71323746486 -33.2674634831916 -9.49104423425288 -12.7848610854096 -18.7158222112025 -20.0228106589051 -22.2835550977161 -24.5949621906302 -29.4186278421696 -34.2462206001164 -9.2001208434785 -17.6110018034596 -13.4885975756258 -7.68987657648319 -5.01519530436126 -8.04407371774514 -6.51431567981004 -8.10948292485788 -19.4240639322815 -5.72367772753083 
-10 2.06377571658231 -4.94912542040995 -4.90055759836887 -5.80035875795762 -9.79017694820339 -13.7860053533538 -5.24894637270094 -11.2515841923706 -17.391266472839 -23.5543966024648 -33.0674637060267 -9.47336206380736 -12.7260200001944 -18.6158222112176 -20.0581749998415 -22.3600783534222 -24.7126443611059 -29.5774689274151 -34.4462206001315 -9.18564955227839 -17.6376894270292 -13.432967369656 -7.73424634050684 -5.01840615361562 -8.00612565222945 -6.42332135573897 -8.05964751555648 -19.4153874377498 -5.29270668068477 
-9.80000000000004 2.05132834683172 -4.9909467462833 -4.85873627249552 -5.81671607509359 -9.84835559121271 -13.8860053222365 -5.21623190452909 -11.1770483983254 -17.2749093529205 -23.3962181566729 -32.8674639343615 -9.45700471556798 -12.6678413260817 -18.5158222112316 -20.090889696362 -22.434614375816 -24.8290017093731 -29.7356476015556 -34.6462206001454 -9.17310619117165 -17.6669673917958 -13.3786026826759 -7.7798816223955 -5.02222010963055 -7.96811828237142 -6.33624220057312 -8.01438968626398 -19.4119509343306 -4.91129681507905 
-9.60000000000004 2.03871743089985 -5.03331756319611 -4.81636545558271 -5.83197440835633 -9.90598474138826 -13.9860052893249 -5.18571540727952 -11.104161084163 -17.1596512218453 -23.2385892086849 -32.6674641694607 -9.44174634940635 -12.6102121430072 -18.4158222112443 -20.1214064287235 -22.5075019250903 -24.9442600755602 -29.8932767846555 -34.8462206001581 -9.16235878696497 -17.6985908045019 -13.3254844615564 -7.82676336835163 -5.02673103867425 -7.93025839450193 -6.25260748219131 -7.97312578479498 -19.4130578497744 -4.70615591826512 
-9.40000000000004 2.02597215271089 -5.07613981746888 -4.77354320130994 -5.84632986445548 -9.96316245176018 -14.0860052539696 -5.15700466781516 -11.0326280904259 -17.0452959738354 -23.0814117064022 -32.4674644129052 -9.42739085796348 -12.5530343972916 -18.3158222112559 -20.150117411644 -22.5790351622836 -25.0586155670263 -30.0504545303943 -35.0462206001696 -9.15332052572919 -17.7323747975389 -13.2736239460479 -7.87490281747619 -5.03204823352566 -7.89275333508095 -6.17203622720683 -7.93537678408327 -19.4181311033355 -4.56263379098324 
-9.20000000000004 2.01311791816261 -5.11932814903353 -4.73035486974529 -5.85995316288761 -10.019974081757 -14.186005215531 -5.12975824772107 -10.9621933387671 -16.931672890612 -22.9246002916142 -32.2674646665525 -9.41376752110322 -12.4962227288667 -18.2158222112663 -20.1773640853957 -22.6494701676 -25.1722389039074 -30.2072661988401 -35.24622060018 -9.14594694911998 -17.7681895524944 -13.223062037874 -7.92434087085335 -5.03829795533855 -7.8558147253288 -6.09422789892846 -7.90075678736955 -19.4266994381864 -4.45042178592925 
-9.00000000000004 2.00017697189469 -5.16280781918268 -4.68687519959614 -5.87299378042981 -10.0764943694483 -14.2860051733715 -5.10367719427079 -10.8926326151677 -16.8186324968634 -22.7680802277165 -32.0674649325057 -9.40072686141076 -12.4397023990251 -18.1158222112756 -20.2034454048084 -22.7190311571618 -25.2852795636183 -30.3637865287001 -35.4462206001893 -9.1402344524067 -17.8059567259302 -13.1738698710116 -7.97514866182217 -5.04562607615784 -7.81966317599933 -6.01895467860651 -7.86896323719675 -19.4383855581628 -4.35693296406896 
-8.80000000000004 1.98716901941225 -5.2065126203265 -4.64317039845232 -5.88558413162761 -10.1327895217899 -14.3860051268569 -5.07849667943769 -10.8237472991908 -16.7060423797427 -22.6117853094519 -31.8674652130973 -9.38813646370644 -12.3834072001769 -18.0158222112836 -20.2286262002411 -22.7879167537383 -25.3978699613386 -30.5200817275643 -35.6462206001973 -9.13621803151577 -17.8456451061831 -13.1261486489768 -8.02742739326484 -5.05420000645708 -7.78453230515436 -5.94605294173063 -7.83976630146469 -19.4528934235745 -4.27572494201187 
-8.60000000000004 1.97411179938354 -5.25038295315685 -4.59930006562197 -5.89784341447311 -10.1889191374658 -14.4860050753631 -5.05397830854257 -10.7553585954653 -16.5937833431869 -22.4556559400657 -31.6674655108807 -9.37587712937392 -12.3272775330141 -17.9158222112904 -20.2531448689264 -22.856305755254 -25.5101292956847 -30.6762113947407 -35.846220600204 -9.13396983112529 -17.887267238623 -13.080030115756 -8.08130880854346 -5.06421108890495 -7.75067305477226 -5.87541603760792 -7.81299973017234 -19.4699971851125 -4.20306798911664 
-8.40000000000004 1.96102161239833 -5.29436405009708 -4.55531896868174 -5.90988116351787 -10.2449379834508 -14.5860050182884 -5.02990301405064 -10.6873022040331 -16.4817458548145 -22.2996373547531 -31.4674658286279 -9.36383932325982 -12.2712586299597 -17.8158222112959 -20.2772204811709 -22.9243624644388 -25.6221671018096 -30.8322302978059 -36.0462206002094 -9.133598143351 -17.9308766477889 -13.0356773310415 -8.13695596674871 -5.07587715017036 -7.71835801909706 -5.80698795839602 -7.78855274790066 -19.4895312997811 -4.13662232766826 
-8.20000000000005 1.94791380915558 -5.33840433506353 -4.5112786837153 -5.92180053037147 -10.3008976352708 -14.6860049550748 -5.00606449462176 -10.6194233996378 -16.3698267654527 -22.1436779804249 -31.2674661693333 -9.35191989319678 -12.2152989149303 -17.7158222112999 -20.3010593413092 -22.9922416095435 -25.7340865318808 -30.9881900128435 -36.2462206002135 -9.13524630630076 -17.9765650957051 -12.9932852090248 -8.19456378151445 -5.08944467996928 -7.68788526392992 -5.74075731694641 -7.7663623914175 -19.5113812282644 -4.07483757091878 
-8.00000000000005 1.93480321473908 -5.38245399796198 -4.46722902081685 -5.93370113473645 -10.3568479025342 -14.7860048852367 -4.98226351310225 -10.5515727552198 -16.2579264581363 -21.98772801021 -31.0674665362199 -9.34001921899629 -12.1593485778313 -17.6158222113025 -20.324860689718 -23.0600926208507 -25.8459872060865 -31.1441403499476 -36.446220600216 -9.1390922534833 -18.0244607057861 -12.9530814933089 -8.25435999595782 -5.10519123151458 -7.65958215257639 -5.67675261970838 -7.74640735707792 -19.5354758568232 -4.01664701542256 
-7.80000000000005 1.9217044871184 -5.42646379017727 -4.42321922860155 -5.94568147346678 -10.4128380334799 -14.8860048083976 -4.95830307849169 -10.483602528394 -16.1459464390952 -21.8317381989536 -30.8674669327482 -9.32803880342779 -12.1033583700475 -17.5158222113034 -20.3488215208579 -23.1280632442059 -25.9579676216569 -31.3001305577334 -36.6462206002171 -9.14534786295403 -18.0747261074721 -12.9153273105643 -8.31660573637327 -5.12342717971435 -7.63380830856087 -5.61503800235217 -7.728702531937 -19.5617808238976 -3.96129817755983 
-7.60000000000005 1.90863238490419 -5.47038412495517 -4.37929889382365 -5.95784071984739 -10.4689176146384 -14.986004724334 -4.93398484747732 -10.4153639626017 -16.033787538525 -21.6756589636055 -30.6674673626222 -9.31587947298313 -12.047278704825 -17.415822211303 -20.3731401817465 -23.1963022398725 -26.0701269521014 -31.4562102229558 -36.8462206002174 -9.15425855678944 -18.1275571360855 -12.8803176696219 -8.38159601136767 -5.14449711993085 -7.61095791399985 -5.55571013039578 -7.71329499475851 -19.590293621497 -3.90825223892425 
-7.40000000000005 1.89560193021316 -5.51416453019989 -4.33551848857894 -5.97027981805633 -10.525137118092 -15.0860046330324 -4.90910693563989 -10.3467056455196 -15.9213488161981 -21.5194398360339 -30.4674678298059 -9.30344028347054 -11.9910591100677 -17.315822211301 -20.3980185607648 -23.2649610241355 -26.1825661416092 -31.6124298177082 -37.0462206002146 -9.16610099806481 -18.1831799826055 -12.8483797056525 -8.44965795609873 -5.16877865941719 -7.59145904824109 -5.49889425459104 -7.70025952419848 -19.6210385561817 -3.8571208399058 
-7.20000000000005 1.88262841157848 -5.55775363869562 -4.2919293800832 -5.98310150277583 -10.5815479113073 -15.1860045347434 -4.8834638783371 -10.2774734797211 -15.8085275419039 -21.363029453244 -30.2674683385202 -9.29061850045844 -11.9346482185598 -17.2158222112974 -20.4236621267791 -23.3341936986455 -26.2953879246149 -31.7688407092097 -37.2462206002117 -9.18118108822604 -18.2418491812625 -12.819870687318 -8.52114883947876 -5.19668043430149 -7.57577171463004 -5.44474217895731 -7.68969655706049 -19.6540646975395 -3.80762424327381 
-7.00000000000005 1.86972721130587 -5.60109976816466 -4.24858325061416 -5.9964091391384 -10.6382016771389 -15.286004430044 -4.85684895096265 -10.2075124228776 -15.6952203555913 -21.2063761374624 -30.0674688932696 -9.2773107593915 -11.8779943480238 -17.1158222112924 -20.4502776088971 -23.4041553102325 -26.408695665671 -31.9254945797348 -37.4462206002059 -9.19982745854828 -18.3038416810538 -12.7951709281712 -8.59644897563765 -5.22863444099134 -7.56437959185046 -5.39342749244109 -7.68172800001332 -19.6894422699613 -3.75956197590556 
-6.80000000000005 1.85691339604091 -5.64415229690082 -4.205530721878 -6.01030397150921 -10.6951490382458 -15.3860043198872 -4.82905967148217 -10.1366706146609 -15.5813260186385 -21.0494292717734 -29.8674694988445 -9.26341581685751 -11.8210468767537 -17.0158222112861 -20.4780674939469 -23.4749977240184 -26.5225906081931 -32.0824420509931 -37.6462206002003 -9.22238245830943 -18.3694492095511 -12.7746733991962 -8.6759513365121 -5.26508427312962 -7.55777689525297 -5.34514068399193 -7.67649372030032 -19.7272605189845 -3.71279102156463 
-6.60000000000004 1.84420104982564 -5.68686390460078 -4.16281911417804 -6.02488064185499 -10.7524373162916 -15.4860042056329 -4.79990676379778 -10.0648060992766 -15.4667498955542 -20.8921415409891 -29.6674701603603 -9.24883903225003 -11.7637584844463 -16.9158222112787 -20.5072210631388 -23.5468629009104 -26.637167392785 -32.2397304432849 -37.8462206001921 -9.24918693481634 -18.438965293758 -12.7587662680031 -8.76004409107215 -5.30646541998973 -7.55644643441273 -5.30008064512191 -7.67414528913025 -19.7676236955144 -3.66720841520079 
-6.40000000000004 1.83160234731622 -5.72919368621613 -4.1204893325627 -6.04022096203452 -10.8101074180865 -15.5860040890431 -4.76922661318542 -9.99179616704886 -15.3514101817112 -20.7344720455307 -29.4674708832865 -9.23349859547259 -11.7060882660535 -16.8158222112705 -20.5379019366701 -23.6198735560569 -26.7525078295469 -32.3974006616622 -38.0462206001847 -9.28055860502116 -18.5126667455781 -12.7478081565926 -8.84908586307999 -5.35317741038222 -7.56082864319026 -5.25844238310715 -7.67483680873084 -19.8106449967303 -3.62273644937893 
-6.20000000000004 1.81912643153919 -5.77111092252663 -4.07857209625219 -6.05638637259362 -10.8681900649561 -15.6860039722232 -4.73689634866228 -9.91754866621523 -15.235245444567 -20.5763900720761 -29.2674716735214 -9.21733306808515 -11.6480055023555 -16.7158222112621 -20.5702329914188 -23.6941218471162 -26.8686733569166 -32.5554834253424 -38.2462206001755 -9.31676371833334 -18.5907890952008 -12.7420960335943 -8.94337362327022 -5.40554793426194 -7.5712819307591 -5.22039999559415 -7.67871165752834 -19.8564370818383 -3.57930959407755 
-6.00000000000004 1.80677825195016 -5.81259898409167 -4.03708403468715 -6.07341013473877 -10.9267018886663 -15.7860038574984 -4.70284945886557 -9.84201371485348 -15.1182224316402 -20.4178789975843 -29.0674725374645 -9.20030919120695 -11.5894935639123 -16.6158222112538 -20.6042807451511 -23.7696576624135 -26.985697233779 -32.7139953637698 -38.446220600168 -9.35798421351837 -18.6734976519509 -12.7418284672143 -9.04310594217375 -5.46379219160043 -7.58803812653292 -5.18608553942573 -7.68588526292497 -19.9050987488 -3.53686307171305 
-5.80000000000004 1.79455762170255 -5.85365849868823 -3.9960245200906 -6.09129099527398 -10.985642263798 -15.8860037472268 -4.66708846192027 -9.76519320331162 -15.0003424055018 -20.2589394568493 -28.867473482133 -9.18242822039248 -11.5305530785013 -16.5158222112462 -20.6400426867565 -23.8464791186155 -27.1035782045775 -32.8729358491649 -38.6462206001596 -9.40428597704209 -18.7608589300712 -12.7470707161414 -9.14834808083682 -5.52797481566695 -7.61116123600251 -5.15556679141518 -7.69642602951097 -19.9566990299825 -3.49532377832709 
-5.60000000000004 1.7824587810901 -5.89430881807953 -3.9553742006993 -6.10999025283933 -11.0449918407547 -15.9860036435747 -4.62969077262015 -9.6871451946202 -14.8816440774191 -20.0995908093753 -28.6674745152676 -9.16372885916875 -11.4712033978862 -16.4158222112399 -20.6774414091857 -23.924528160436 -27.2222775657893 -33.032285529768 -38.846220600154 -9.4555942107446 -18.852817483165 -12.7577286304527 -9.25900589150233 -5.59798230694115 -7.64051840788579 -5.12882701643262 -7.7103365739197 -20.0112598937826 -3.45460451899182 
-5.40000000000004 1.77047071768902 -5.93458694238471 -3.91509607639411 -6.12943390895108 -11.1047136211716 -16.0860035482968 -4.59080440003022 -9.60798069772508 -14.7622014562188 -19.9398700638698 -28.467475645457 -9.14428510777455 -11.4114815221868 -16.3158222112353 -20.7163289119596 -24.0036937875151 -27.3417213171736 -33.1920074054575 -39.0462206001486 -9.51168592198487 -18.9491873187104 -12.7735422173877 -9.37481938316411 -5.67351767429775 -7.67577565093683 -5.10575423078234 -7.72754191257461 -20.0687433567427 -3.41460268558374 
-5.20000000000004 1.75857826141873 -5.97454384083635 -3.87513917794248 -6.14952002632666 -11.1647566369988 -16.1860034625757 -4.55063323060783 -9.52785262985105 -14.6421164898931 -19.7798281990925 -28.267476882228 -9.12419890467544 -11.3514384206361 -16.2158222112329 -20.7565013181514 -24.0838230921585 -27.4618075202686 -33.3520505070042 -39.246220600147 -9.57220148881802 -19.0496597839952 -12.7941008857693 -9.49537796582687 -5.75411935850887 -7.71642043669669 -5.08614172974386 -7.74788630998777 -20.1290446526075 -3.37520326616262 
-5.00000000000004 1.74676376610296 -6.0142388019832 -3.83544421679562 -6.1701300284139 -11.2250616002329 -16.2860033869566 -4.50941442910449 -9.44693886720086 -14.5215077660961 -19.6195245141486 -28.0674782361373 -9.10358882696926 -11.2911333817831 -16.115822211233 -20.7977214735633 -24.1647382087172 -27.5824175979742 -33.5123555458566 -39.4462206001463 -9.63667685224242 -19.1538301085665 -12.8188812880468 -9.62015829248527 -5.83920472402041 -7.761810841061 -5.06970333051797 -7.77114287190873 -20.1919961756753 -3.33628538632608 
-4.80000000000004 1.73500896187034 -6.05373320989751 -3.79594980888132 -6.19114114701661 -11.2855671267499 -16.3860033213879 -4.46739354345015 -9.36542357363222 -14.4004980646132 -19.4590204047513 -27.8674797188257 -9.08257764280065 -11.2306277897001 -16.0158222112358 -20.8397438419096 -24.2462549849778 -27.7034287821492 -33.6728611379458 -39.6462206001498 -9.70458677296715 -19.2612344372055 -12.8472968008572 -9.74857373972423 -5.92812576334507 -7.81123747247173 -5.05609795767128 -7.79703190697635 -20.2573796186572 -3.29773021381385 
-4.60000000000004 1.72329657973023 -6.09308508583991 -3.75659793293891 -6.21243733908366 -11.3462151947594 -16.4860032653398 -4.42480267148869 -9.28348082572835 -14.2792034407669 -19.2983739049627 -27.6674813430946 -9.061281394691 -11.1699796656481 -15.9158222112414 -20.8823363381447 -24.3281993571554 -27.8247250302691 -33.8335092620082 -39.8462206001545 -9.77539014087328 -19.371389681054 -12.8787482928209 -9.88002517563429 -6.02022532331273 -7.8639851564966 -5.04495857766802 -7.82524440291549 -20.3249439905387 -3.25942820182289 
-4.40000000000004 1.71161147987004 -6.13234529734704 -3.71733772143179 -6.23391686868991 -11.4069549358728 -16.5860032179603 -4.38184529738693 -9.20126324011947 -14.1577256436509 -19.1376358963395 -27.4674831229644 -9.03980181771352 -11.1092398771635 -15.8158222112496 -20.9252954921252 -24.410418722643 -27.9462046072638 -33.9942490505101 -40.0462206001635 -9.84856852560531 -19.4838282772932 -12.9126664660459 -10.0139433014714 -6.11488323764275 -7.91938285931988 -5.03591937678291 -7.8554654135375 -20.3944252126679 -3.22128420968401 
-4.20000000000004 1.69994120899355 -6.17155568565682 -3.678127333122 -6.25549605233918 -11.4677445078318 -16.6860031782291 -4.33868880143967 -9.11889635586242 -14.036148371084 -18.9768482354629 -27.267485073778 -9.01822259434383 -11.048450265484 -15.7158222112604 -20.968453938897 -24.4927875577245 -28.0677838306552 -34.1550386622112 -40.2462206001744 -9.92365216067108 -19.5981223006687 -12.9485397128018 -10.1498165084851 -6.21154605634706 -7.97683528971402 -5.0286361275807 -7.88739255264509 -20.4655627400853 -3.18321991801836 
-4.00000000000004 1.68827608547872 -6.21074877959086 -3.63893423918796 -6.27710983132327 -11.52855138075 -16.7860031450813 -4.29546331570209 -9.0364777761908 -13.9145366974784 -18.8160434679232 -27.0674872123042 -8.99660878222539 -10.9876433594315 -15.6158222112738 -21.0116815631742 -24.5752082759359 -28.1893976428005 -34.3158455682906 -40.4462206001879 -10.0002339618386 -19.7138971957703 -12.9859284200354 -10.2872051825574 -6.30974163648487 -8.03583777591817 -5.02279934906318 -7.9207488680616 -20.5381121494358 -3.14517396745104 
-3.80000000000004 1.67660896686721 -6.2499485767554 -3.59973444202342 -6.29871020940775 -11.589351555999 -16.8860031174949 -4.25226484893176 -8.95407951225593 -13.792938636379 -18.6552456096593 -26.8674895568758 -8.97500837657034 -10.9268431566119 -15.5158222112897 -21.054882374532 -24.6576088844581 -28.3109980484873 -34.4766457711419 -40.6462206002037 -10.0779731819326 -19.8308362130289 -13.0244678429648 -10.4257445778845 -6.40908123464785 -8.09597757691624 -5.01814030520643 -7.95528962136939 -20.6118526999081 -3.10710048754189 
-3.60000000000004 1.66493485696265 -6.28917186363308 -3.56051115514574 -6.3202636126985 -11.6501282461674 -16.986003094541 -4.20916056711002 -8.87175194355652 -13.6713877808019 -18.4944714672045 -26.6674921275433 -8.95345495034388 -10.8660664435078 -15.4158222113079 -21.0979892270394 -24.7399390238432 -28.4325514747501 -34.6374224842823 -40.8462206002219 -10.1565920564322 -19.9486783744061 -13.0638634305867 -10.5651401425343 -6.50925351241962 -8.15692656781071 -5.01443161098843 -7.99080421402907 -20.6865905794455 -3.06896679096697 
-3.40000000000004 1.65325047264923 -6.32842967100861 -3.52125334777021 -6.3417479788137 -11.7108704196581 -17.0860030754072 -4.16619461531643 -8.78952818438739 -13.5499062142572 -18.3337320932843 -26.4674949462476 -8.9319705651153 -10.8053242509037 -15.3158222113283 -21.1409579975576 -24.8221656017369 -28.5540358600194 -34.7981646769271 -41.0462206002422 -10.2358690946668 -20.0672132200162 -13.1038826614457 -10.7051593542393 -6.61001491674943 -8.2184301647646 -5.01148489003352 -8.02711530044969 -20.7621594732417 -3.03075086163304 
-3.20000000000004 1.64155383352772 -6.36772865273127 -3.48195436604755 -6.36314999936336 -11.7715714219304 -17.1860030594022 -4.12339363297155 -8.70742822031985 -13.428507268467 -18.1730341657714 -26.2674980370121 -8.91056852858307 -10.7446232326488 -15.2158222113507 -21.1837620706894 -24.9042686565914 -28.6754378965964 -34.9588656952269 -41.2462206002646 -10.3156301681209 -20.186273275193 -13.1443447531772 -10.8456214299433 -6.71117801073039 -8.28029427702329 -5.00914599939768 -8.06407539153651 -20.8384185460511 -2.99243893895315 
-3.00000000000004 1.62984391725331 -6.40707224372877 -3.44261077505005 -6.38446280391481 -11.8322278174794 -17.2860030459487 -4.08077138609956 -8.62546238245037 -13.3071978396 -18.012381145907 -26.0675014261501 -8.88925571060255 -10.6839668236708 -15.1158222113752 -21.2263877067238 -24.9862378836233 -28.7967507146259 -35.1195221042539 -41.4462206002891 -10.3957404999218 -20.3057271979914 -13.1851114939806 -10.9863881572687 -6.81260114705867 -8.34237382235369 -5.00729049330464 -8.10156347644097 -20.9152502219531 -2.9540234738873 
-2.80000000000004 1.61812037973141 -6.44646160010815 -3.40322141867067 -6.40568407977872 -11.8928384497227 -17.3860030345714 -4.03833252796084 -8.54363416793226 -13.1859802687025 -17.8517742186301 -25.8675051424938 -8.86803442338779 -10.6233561800766 -15.0158222114017 -21.2688302812327 -25.0680698145116 -28.9179720018936 -35.2801327479009 -41.6462206003155 -10.4760967544583 -20.4254728089073 -13.2260783921377 -11.127355044022 -6.91417867743223 -8.40456199634824 -5.00581853329655 -8.13948087281226 -20.9925569747038 -2.91550142671426 
-2.60000000000004 1.60638334121904 -6.48589631782355 -3.36378670095527 -6.42681463465941 -11.9534037223188 -17.4860030248828 -3.99607547397161 -8.46194239622763 -13.0648537792825 -17.6912130114947 -25.667509217643 -8.84690385884702 -10.5627908978205 -14.9158222114301 -21.3110914103995 -25.1497656613938 -29.0391025664912 -35.4406980302139 -41.8462206003439 -10.5566204287079 -20.5454312008723 -13.2671673486719 -11.2684439908393 -7.01583290653444 -8.46678150773468 -5.00465043581308 -8.17774749304419 -21.0702583126511 -2.87687294216747 
-2.40000000000004 1.59463322754164 -6.52537496616438 -3.32430805261445 -6.4478573296643 -12.0139250656645 -17.5860030165694 -3.95399453592809 -8.38038280984329 -12.9438155445573 -17.5306961284287 -25.4675136862362 -8.82586115555909 -10.5022695461917 -14.8158222114605 -21.3531768170666 -25.2313297164017 -29.1601452698399 -35.6012193819035 -42.0462206003743 -10.6372524451409 -20.6655418656462 -13.3083207167641 -11.4095973505876 -7.11750761794159 -8.52897757080138 -5.00372286583137 -8.21629857140331 -21.148288039351 -2.83814034061012 
-2.20000000000004 1.58287065580953 -6.56489547173093 -3.2847875470479 -6.46881631133992 -12.0744045529067 -17.6860030093781 -3.91208145820434 -8.29894922655299 -12.8228614557005 -17.3702215340053 -25.2675185862462 -8.80490216672461 -10.4417900517907 -14.7158222114929 -21.3950947948328 -25.3127681997345 -29.2811042587392 -35.7616988763693 -42.2462206004067 -10.717949046333 -20.7857589724047 -13.3494968123896 -11.5507734389894 -7.21916320077722 -8.59111264807008 -5.0029858837007 -8.25508209483918 -21.2265920683535 -2.79930737256493 
-2.00000000000004 1.57109634991502 -6.60445540235187 -3.24522761642695 -6.48969644382563 -12.1348446160133 -17.7860030031057 -3.87032655374955 -8.21763439147725 -12.7019866900038 -17.2097868376876 -25.0675239593077 -8.78402202800096 -10.3813499824461 -14.6158222115274 -21.4368550723835 -25.3940884079061 -29.4019843975318 -35.9221389457828 -42.4462206004411 -10.7986775894456 -20.9060474461383 -13.3906654248813 -11.6919420451743 -7.32077187634074 -8.65316139301303 -5.00239959170315 -8.29405573346258 -21.3051256375978 -2.76037864438198 
-1.80000000000004 1.55931108653022 -6.64405214852357 -3.20563087025526 -6.51050294596552 -12.1952478643249 -17.886002997589 -3.82871943019745 -8.13643052175346 -12.5811860741083 -17.0493894756205 -24.8675298510688 -8.76321552038093 -10.3209467286544 -14.515822211564 -21.4784680877332 -25.4752981694275 -29.5227909052249 -36.0825421996477 -42.6462206004777 -10.8794145435985 -21.0263811464629 -13.4318056328625 -11.8330822476022 -7.42231533259733 -8.71510810309754 -5.00193267609567 -8.3331855640268 -21.3838522143337 -2.72135924385304 
-1.60000000000004 1.54751565515471 -6.68368305764381 -3.16599996113501 -6.53124112283303 -12.2556169503127 -17.986002992697 -3.78724952719186 -8.05532970962763 -12.4604543528623 -16.8890268452541 -24.6675363115822 -8.74247733866018 -10.2605776378134 -14.4158222116028 -21.519944451291 -25.5564054421056 -29.6435290870232 -36.2429112905662 -42.8462206005164 -10.960142986584 -21.1467404985687 -13.4729031667278 -11.9741797765367 -7.52378195241124 -8.7769438137916 -5.00156030691663 -8.372444103968 -21.4627416633952 -2.68225444664485 
-1.40000000000004 1.53571083344286 -6.72334551690872 -3.12633750187011 -6.55191619993073 -12.3159544866753 -18.0860029883245 -3.74590644839946 -7.97432417157032 -12.33978635554 -16.728696388667 -24.4675433957302 -8.72180225723107 -10.2002400971194 -14.3158222116438 -21.5612946142724 -25.6374180643519 -29.7642041685344 -36.4032488313423 -43.0462206005574 -11.0408512030278 -21.2671111742774 -13.5139489239067 -12.1152255293021 -7.62516524591207 -8.83866464802714 -5.00126298526206 -8.41180924157834 -21.5417692602704 -2.64306952519184 
-1.20000000000004 1.52389737026533 -6.76303701022336 -3.08664600855547 -6.57253320936392 -12.3762629894231 -18.1860029843869 -3.70468018962056 -7.89340641947678 -12.2191771101319 -16.5683956499442 -24.2675511636927 -8.70118524390383 -10.1399315904775 -14.2158222116873 -21.6025286410573 -25.7183435844514 -29.8848211819486 -36.5635573380711 -43.2462206006009 -11.1215311323518 -21.387482596916 -13.554937359916 -12.2562139613304 -7.72646218462537 -8.90027009342618 -5.00102516244902 -8.45126291207993 -21.6209144240866 -2.60380960791496 
-1.00000000000004 1.51207597669418 -6.80275514849051 -3.04692787028831 -6.59309692925886 -12.4365448475852 -18.2860029808162 -3.66356126045549 -7.81256935204456 -12.0986219044325 -16.4081223059777 -24.067559681459 -8.68062152048418 -10.0796497287907 -14.1158222117334 -21.6436560880347 -25.7991891696959 -30.0053849054603 -36.72383919985 -43.4462206006469 -11.2021776177887 -21.50784722062 -13.5958657070857 -12.3971423048833 -7.82767238991152 -8.96176216044479 -5.00083458040762 -8.4907904683057 -21.7001601185796 -2.56447959466103 
-0.800000000000041 1.50024732090242 -6.84249768674743 -3.00718533203139 -6.61361184948597 -12.4968023060692 -18.3860029775572 -3.62254075341272 -7.73180630674487 -11.9781163208759 -16.2478741841641 -23.8675690213886 -8.66010659704679 -10.0193922670964 -14.0158222117821 -21.6846859350557 -25.8799615549739 -30.1258998289951 -36.8840966616418 -43.6462206006956 -11.2827877555278 -21.6281998966161 -13.636733306568 -12.5380099010577 -7.92879744782864 -9.02314468010537 -5.00068167279832 -8.53038009895332 -21.7794922874841 -2.52508410073302 
-0.600000000000041 1.48841202530457 -6.88226253377317 -2.96742048500565 -6.63408215244269 -12.5570374560517 -18.4860029745654 -3.58161038295486 -7.65111108926126 -11.8576562563665 -16.0876492726291 -23.6675792628278 -8.63963629114973 -9.95915711417355 -13.9158222118336 -21.7256265470051 -25.9606670139491 -30.246370134996 -37.0443318146684 -43.846220600748 -11.3633599434669 -21.7485369315809 -13.6775406474813 -12.6788172389278 -8.02983993867299 -9.08442232392399 -5.00055864320217 -8.5700219163829 -21.8588989519394 -2.48562741513463 
-0.400000000000041 1.47657066731335 -6.92204774954618 -2.92763526923264 -6.65451171813538 -12.6172522375174 -18.5860029718041 -3.54076247600618 -7.57047796653958 -11.7372379178718 -15.9274457183613 -23.4675904927871 -8.61920672275049 -9.89894233000131 -13.8158222118883 -21.7664856839671 -26.041311366684 -30.366799703504 -37.2045465989493 -44.046220600802 -11.4438939312776 -21.8688561351646 -13.718289419519 -12.8195660081495 -8.13080349212167 -9.14560066159928 -5.00045950823647 -8.60970799719021 -21.9383702485197 -2.44611349041054 
-0.200000000000041 1.46472377977261 -6.96185154378977 -2.88783147498906 -6.6749041270879 -12.6774484407135 -18.6860029692437 -3.49998996686844 -7.48990166315825 -11.6168578202469 -15.7672618264929 -23.267602806675 -8.59881431129573 -9.83874612430296 -13.7158222119464 -21.8072705070515 -26.1218999840121 -30.4871921150756 -37.3647428047646 -44.2462206008608 -11.5243900694201 -21.9891560675507 -13.7589817634179 -12.9602583494301 -8.23169203915864 -9.20668541439305 -5.0003793429396 -8.64943162613692 -22.01789767171 -2.40654592776178 
-4.1133763062362e-14 1.45287185368579 -7.00167226680478 -2.84801075197404 -6.6952626786741 -12.7376277153147 -18.78600296686 -3.45928636137352 -7.40937733464831 -11.496512768722 -15.6070960519529 -23.06761630912 -8.57845575738741 -9.77856684737963 -13.615822212008 -21.8479876150523 -26.2024378150279 -30.6075506691064 -37.5249220818104 -44.4462206009216 -11.6048495594716 -22.1094362806172 -13.7996205304544 -13.1008971140211 -8.33251008073464 -9.26768273295364 -5.00031450441945 -8.68918751063179 -22.0974742792199 -2.36692798301576 
