pO2 mew_e electrons holes VO{2} VO{1} VO{0} VM{-4} VM{-3} VM{-2} VM{-1} VM{0} Oi{-2} Oi{-1} Oi{0} Mi{4} Mi{3} Mi{2} Mi{1} Mi{0} Tei{0} Tei{-1} Tei{1} TesubO{1} TesubO{2} TesubO{3} TesubZr{-3} TesubZr{-4} TesubZr{-5} Stoich
-35 3.26590286431843 -0.910155566213215 -8.93952745256561 -1.40799378823922 -1.35884212428825 -1.31570067524197 -14.0930643401127 -24.1346720139791 -34.3133241486443 -44.5154241324668 -58.0674610902255 -13.8954223633719 -21.1870501539557 -31.1158222191756 -11.214054424586 -9.47698792396993 -7.79058407745695 -8.61643878956934 -9.446220608089 -12.9029000920724 -17.3159701126265 -21.1891877636468 -3.02016204842795 -4.34329171573309 -11.3699810685437 -23.0236597091836 -20.6210160148043 -27.9377860828009 -0.10064365740784 
-34.8 3.25516153058879 -0.946244862765237 -8.90343815601359 -1.43180866920974 -1.4187463018108 -1.41169414931654 -14.0374215263201 -24.0429399036344 -34.1855027417476 -44.3515134290181 -57.8674610902247 -13.8676009542671 -21.1231394482988 -31.0158222169668 -11.2696972361698 -9.56872003210576 -7.9184054821448 -8.78034949080921 -9.6462206058809 -12.8446996565766 -17.2938589736827 -21.094898031599 -3.02186579266356 -4.30890616341668 -11.2995062196756 -22.8737271655519 -20.5071727677247 -27.8600321322733 -0.161600432490218 
-34.6 3.24442871053509 -0.982305554622222 -8.8673774641566 -1.45630872526595 -1.47930704972399 -1.50831558908671 -13.9816642937488 -23.9511219792062 -34.0576241254624 -44.1875741208759 -57.6674610902255 -13.8397223363592 -21.0592001385339 -30.9158222153449 -11.3254544671191 -9.66053795491212 -8.04628409680815 -8.94428879732954 -9.84622060425821 -12.7859812121771 -17.2712012211402 -21.0001188953425 -3.02370809779914 -4.27468777669527 -11.2292271410968 -22.7231907983461 -20.3926970923759 -27.7816171487814 -0.221160084502253 
-34.4 3.23371426380993 -1.01830451480611 -8.83137850397272 -1.48145348914299 -1.54045077378491 -1.60545827333152 -13.9256601344836 -23.8591188597571 -33.9296220458294 -44.023573081059 -57.4674610902248 -13.8117202555339 -20.9951990975248 -30.8158222141519 -11.3814586251913 -9.75254107316817 -8.17428617524808 -9.10828983595336 -10.0462206030659 -12.7268269274864 -17.2480458966334 -20.9049656504679 -3.02569753836242 -4.24067825707467 -11.1592186612927 -22.5720333953993 -20.277538649613 -27.7024576662025 -0.279255290861967 
-34.2 3.22302565832979 -1.05421665221935 -8.79546636655947 -1.50720494274466 -1.60211436479983 -1.70303400175968 -13.8693086841374 -23.7668552719976 -33.8014463206567 -43.859485218473 -57.2674610902256 -13.7835445294816 -20.9311112340592 -30.7158222132731 -11.4378100746587 -9.84480466004882 -8.30246189954197 -9.2723776976605 -10.2462206021863 -12.6673090385944 -17.2244401451546 -20.8095356241627 -3.02784324136418 -4.20691182266318 -11.0895400894676 -22.4202519196267 -20.1616693112536 -27.6225004652563 -0.335848542796065 
-34 3.21236843015708 -1.09002336650902 -8.7596596522698 -1.53352752058337 -1.66424365692821 -1.80097000817773 -13.8125355412953 -23.6742754148659 -33.6730597492353 -43.695291932762 -57.0674610902248 -13.7551579574128 -20.8669179477008 -30.6158222126249 -11.4945832168526 -9.93738451653241 -8.43084847031524 -9.43657098272344 -10.4462206015389 -12.6074913995283 -17.2004292203781 -20.7139112708068 -3.03015489507451 -4.17341676208384 -11.020238314599 -22.2678544240769 -20.0450785299935 -27.5417163982859 -0.39092781203447 
-33.8 3.20174657275072 -1.12571124024241 -8.72397177853642 -1.56038808039572 -1.72679209047395 -1.89920631545685 -13.7552870362289 -23.581339036066 -33.5444354967021 -43.5309798064954 -56.8674610902249 -13.7265337044009 -20.8026058209555 -30.5158222121463 -11.5518317214407 -10.0303208948538 -8.55947272237003 -9.60088310851161 -10.6462206010605 -12.547430823848 -17.1760565184313 -20.6181628213932 -3.03264275341825 -4.14021674669458 -10.951350425476 -22.1148574700753 -19.9277694497253 -27.460095191751 -0.444502432003235 
-33.6 3.19116286240239 -1.16127094548902 -8.68841207328981 -1.58775585403493 -1.78971956935976 -1.99769349958928 -13.6975258572153 -23.4880181518059 -33.4155549071953 -43.366539511742 -56.6674610902249 -13.6976531145408 -20.7381655258487 -30.4158222117929 -11.6095929001008 -10.1236417787605 -8.68835331152336 -9.76532340291156 -10.846220600707 -12.4871782267645 -17.1513636265944 -20.5223505190631 -3.03531763557401 -4.10733192360334 -10.8829058971385 -21.9612839890851 -19.8097556739817 -27.377641121254 -0.496599238966789 
-33.4 3.18061912781627 -1.19669633807265 -8.65298668070617 -1.61560238794544 -1.85299149585391 -2.09639081866706 -13.6392274275499 -23.3942943295568 -33.2864056923626 -43.2019649043256 -56.4674610902249 -13.6685038994468 -20.6735909181712 -30.3158222115317 -11.667891329505 -10.2173656007484 -8.81750252609486 -9.92989801006669 -11.0462206004458 -12.4267795834237 -17.1263903758372 -20.4265264831386 -3.03819091898852 -4.0747798144346 -10.8149283953857 -21.8071615237564 -19.6910586012366 -27.2943694410926 -0.547259010094751 
-33.2 3.17011647186655 -1.23198371249874 -8.61769930628008 -1.64390147955205 -1.91657796188661 -2.19526465912585 -13.5803769252543 -23.3001564528351 -33.1569804412148 -43.0372522787518 -56.2674610902249 -13.6390786481059 -20.6088782924041 -30.2158222113386 -11.7267418316075 -10.311503477277 -8.94692777704952 -10.0946106354474 -11.2462206002526 -12.3662767323013 -17.1011748991409 -20.3307362575902 -3.04127453409198 -4.04257605511159 -10.747437261637 -21.6525207961054 -19.5717052480117 -27.2103034622938 -0.596533227744802 
-33 3.15965545313747 -1.26713119200662 -8.58255182677221 -1.67262911423095 -1.98045307607339 -2.29428725282051 -13.5209668432858 -23.2055988913588 -33.0272754002306 -42.8723997582597 -56.0674610902249 -13.6093736069788 -20.5440257717691 -30.1158222111957 -11.7861519134331 -10.4060610386105 -9.07663281789087 -10.2594631557967 -11.4462206001097 -12.3057080252727 -17.0757536716202 -20.2350200710537 -3.04458094139305 -4.01073498290516 -10.6804487099223 -21.4973945277434 -19.4517264591576 -27.1254721529475 -0.644481190178243 
-32.8 3.14923623401057 -1.30213823101832 -8.5475447877605 -1.70176340558664 -2.04459440644078 -2.3934356221996 -13.4609949993326 -23.1106200083939 -32.897289478254 -42.7074067972714 -55.8674610902249 -13.5793876848965 -20.4790328106752 -30.01582221109 -11.8461237572805 -10.5010399214696 -9.20661873976174 -10.4244561166792 -11.646220600004 -12.2451088642529 -17.050161549612 -20.1394138710221 -3.04812311084626 -3.97927011334629 -10.6139768013521 -21.3418164838643 -19.3311554542902 -27.0399081870919 -0.691167479403285 
-32.6 3.13885870125239 -1.33700520998155 -8.51267780879727 -1.73128454115091 -2.10898252096828 -2.49269071569034 -13.4004629151856 -23.0152209452836 -32.7670234361805 -42.5422737762346 -55.667461090225 -13.5491216427447 -20.4138997895602 -29.9158222110118 -11.9066558413494 -10.5964389845017 -9.33688478175704 -10.5895891376378 -11.8462205999258 -12.1845121314471 -17.0244317957695 -20.0439501592531 -3.0519144926462 -3.94819451618338 -10.5480342252256 -21.1858206880265 -19.2100266374156 -26.9536463491805 -0.736659786058587 
-32.4 3.12852256419478 -1.37173310549838 -8.47794991328044 -1.76117473494807 -2.17360061028227 -2.59203670052115 -13.3393744972529 -22.9194046318341 -32.6364792272142 -42.3770016717515 -55.467461090225 -13.5185774337205 -20.3486276850191 -29.815822210954 -11.9677442592242 -10.6922552978933 -9.46742899066549 -10.754861242063 -12.0462205998679 -12.1239485202533 -16.9985960800926 -19.9486586525425 -3.05596897082431 -3.91752109884428 -10.4826329123701 -21.0294407634411 -19.0883746083471 -26.8667222156288 -0.78102708102247 
-32.2 3.11822743473431 -1.40632322153911 -8.44335979723971 -1.79141818746696 -2.23843417884189 -2.6914603851215 -13.2777349614159 -22.8231749799563 -32.5056594592957 -42.2115917877922 -55.267461090225 -13.4877576657592 -20.2832178010171 -29.7158222109111 -12.0293837950184 -10.7884849497283 -9.59824875854118 -10.9202711259795 -12.246220599825 -12.0634468004532 -16.9726844763332 -19.8535668167017 -3.06030081962668 -3.8872628316063 -10.417784529091 -20.8727093918061 -18.9662333527528 -26.7791710760752 -0.824338115126404 
-32 3.10797289277275 -1.44077696957178 -8.40890604920705 -1.82200105401854 -2.30347079342614 -2.79095074773842 -13.2155499535466 -22.7265362240544 -32.374566955361 -42.0460455358249 -55.067461090225 -13.4566651617928 -20.217671549018 -29.6158222108795 -12.091568802856 -10.8851237055986 -9.72934126244414 -11.0858173779151 -12.4462205997933 -12.0030340036112 -16.9467254275238 -19.758700271827 -3.06492463740057 -3.85743290134715 -10.3535008507995 -20.7156578390938 -18.8436355480731 -26.6910270194282 -0.866660220467039 
-31.8 3.09775854000122 -1.47509568785547 -8.37458733092336 -1.85291142155766 -2.36869987924894 -2.89049855184491 -13.1528248266813 -22.6294923789054 -32.2432043919284 -41.8803642541086 -54.8674610902251 -13.4253025983368 -20.1519902672783 -29.515822210856 -12.1542939296978 -10.982167550724 -9.8607038258533 -11.2514986596079 -12.6462205997698 -11.942735556061 -16.9207456982573 -19.6640831059931 -3.0698552756966 -3.82804482135987 -10.2897940525282 -20.5583155464181 -18.7206119736811 -26.6023221633199 -0.908058382714929 
-31.6 3.08758404447963 -1.50928049165994 -8.34040252711889 -1.88413929442442 -2.43411255592018 -2.99009603232061 -13.0895640418992 -22.5320467903189 -32.1115739995374 -41.7145490579132 -54.6674610902251 -13.3936722059284 -20.0861750710654 -29.4158222108387 -12.2175547144626 -11.0796131392933 -9.992334218227 -11.4173138557861 -12.8462205997525 -11.8825753571332 -16.894770303134 -19.5697381032608 -3.07510775345738 -3.79911249531579 -10.22667692268 -20.400709758921 -18.5971909899885 -26.5130859834318 -0.94859455053501 
-31.4 3.07744917799982 -1.54333214773086 -8.30635087104796 -1.91567658921625 -2.49970150678292 -3.08973663925428 -13.025770666183 -22.4342017585317 -31.9796773116793 -41.5486007139841 -54.4674610902251 -13.3617755180574 -20.0202267271236 -29.3158222108259 -12.2813480901661 -11.1774581710677 -10.1242309060723 -11.5832621997024 -13.0462205997397 -11.8225758096638 -16.8688224117355 -19.4756868997205 -3.08069715686356 -3.77065024265143 -10.1641630139444 -20.2428651796773 -18.4733980668157 -26.4233447163299 -0.988327147579358 
-31.2 3.06735384785497 -1.57725096754955 -8.27243205122928 -1.94751713894276 -2.56546087632813 -3.18941482861817 -12.9614459454577 -22.3359582179878 -31.8475149513167 -41.3825195338028 -54.2674610902252 -13.3296131576854 -19.9541455469328 -29.2158222108165 -12.3456728108818 -11.2757017116021 -10.2563932664255 -11.7493433798742 -13.2462205997302 -11.7627578098245 -16.8429232317149 -19.3819500800626 -3.08663852657892 -3.74267279254772 -10.1022667440223 -20.0848036393035 -18.3492553462606 -26.3331208155935 -1.02731075335105 
-31 3.05729812436493 -1.61103671485165 -8.23864630392717 -1.97965670677441 -2.63138619146187 -3.28912589105402 -12.8965889346662 -22.2373154598941 -31.7150864459209 -41.2163052811049 -54.0674610902252 -13.2971846522826 -19.887931294228 -29.1158222108095 -12.4105298216664 -11.3743444696888 -10.3888217718143 -11.9155576325651 -13.4462205997232 -11.7031406970568 -16.8170918662493 -19.2885472199927 -3.09294672895192 -3.715195247619 -10.0410034517911 -19.9265437684491 -18.2247812227083 -26.2424324393433 -1.06559592105104 
-30.8 3.04728226524549 -1.64468852375017 -8.20499449502866 -2.01209300956851 -2.6974743031545 -3.38886581164516 -12.8311961702603 -22.1382708865897 -31.582390063718 -41.0499570900035 -53.8674610902252 -13.2644882700745 -19.8215831031214 -29.0158222108044 -12.4759225860672 -11.4733890429881 -10.5215181540121 -12.0819058236615 -13.6462205997181 -11.6437421688038 -16.7913451468948 -19.1954968828412 -3.09963631239665 -3.68823302216483 -9.98038941743883 -19.7681006668968 -18.0999899300545 -26.151292955588 -1.10322910336572 
-30.6 3.03730673772634 -1.6782048244222 -8.17147819435662 -2.04482575146711 -2.76372334572513 -3.48863115488783 -12.7652613729484 -22.0388197886058 -31.4494226650621 -40.8834733906756 -53.6674610902252 -13.2315208714149 -19.7550994037897 -28.9158222108007 -12.5418573833753 -11.5728401409683 -10.6544855526643 -12.2483895229857 -13.8462205997143 -11.5845781631687 -16.7656974419317 -19.1028165765341 -3.10672134933592 -3.66180175843245 -9.92044185303404 -19.6094855632816 -17.9748911271113 -26.0597104533169 -1.14025266038923 
-30.4 3.02737223918075 -1.71158327379652 -8.13809974498231 -2.07785666799839 -2.83013271163073 -3.58841897016774 -12.6987751704457 -21.9389551367288 -31.3161795638107 -40.7168518400499 -53.4674610902253 -13.1982777701606 -19.6884778531611 -28.8158222107978 -12.6083435858753 -11.6727047928426 -10.7877286539129 -12.4150110736086 -14.0462205997116 -11.5256627102822 -16.7401604384195 -19.0105226742732 -3.11421526235789 -3.63591722207972 -9.86117886730699 -19.4507054585207 -17.8494894717248 -25.9676872473047 -1.17670492715383 
-30.2 3.01747971687337 -1.74482068920364 -8.10486232957519 -2.11118958094912 -2.89670303998858 -3.68822671393272 -12.6317248320735 -21.8386673829494 -31.1826543946242 -40.5500892554563 -53.2674610902246 -13.1647526009729 -19.6217152685663 -28.7158222107959 -12.6753939242457 -11.77299254662 -10.9212538230975 -12.5817736582003 -14.2462205997104 -11.4670077586369 -16.7147429021814 -18.9186303072208 -3.12213063907241 -3.61059518338713 -9.80261941320766 -19.291762753098 -17.7237841817092 -25.8752193726962 -1.21262032181017 
-30 3.00763038744208 -1.77791298291978 -8.07177003585904 -2.14483046506491 -2.96343621782051 -3.78805218548079 -12.5640940069389 -21.7379442640987 -31.0488389820573 -40.3831815491732 -53.0674610902254 -13.1309371884039 -19.5548075622811 -28.6158222107945 -12.7430247493789 -11.8737156654695 -11.055069235663 -12.748681364482 -14.4462205997082 -11.4086229677843 -16.6894504050449 -18.8271532226521 -3.1304790260531 -3.58585127665167 -9.74478321275567 -19.132654843396 -17.5977685657234 -25.7822960504265 -1.24802947790453 
-29.8 2.99782575644895 -1.81085509647853 -8.03882792230029 -2.17878752631773 -3.03033539263208 -3.88789347385111 -12.4958624611732 -21.6367706047742 -30.9147232091741 -40.2161236627313 -52.8674610902246 -13.0968214155204 -19.4877496758389 -28.5158222107936 -12.8112562951437 -11.974889324793 -11.1891850085454 -12.9157392509231 -14.646220599708 -11.3505154908615 -16.6642850416809 -18.7361036321706 -3.13927072394284 -3.56170086098267 -9.6876906835283 -18.9733737071497 -17.4714295430358 -25.6888991412977 -1.28295938874172 
-29.6 2.98806763866014 -1.84364093253332 -8.0060420862455 -2.21307129415616 -3.0974049965253 -3.98774891379912 -12.4270058053931 -21.5351281129394 -30.7802948812845 -40.0489094987869 -52.6674610902254 -13.0623930876294 -19.4205355118931 -28.415822210793 -12.8801129509232 -12.0765318166273 -11.3236133364344 -13.0829534148669 -14.8462205997067 -11.2926897180049 -16.639245104879 -18.6454920232591 -3.14851455497999 -3.53815885596502 -9.63136284245548 -18.8139054424588 -17.3447471143997 -25.5950025487164 -1.31743355150597 
-29.4 2.97835817917849 -1.87626328385514 -7.97341973492368 -2.24769472691066 -3.16465078060163 -4.08761704919727 -12.3574952106797 -21.4329951669041 -30.6455395839274 -39.881531850108 -52.4674610902247 -13.0276377902728 -19.3531578632146 -28.3158222107927 -12.9496235456363 -12.1786647626622 -11.4583686337912 -13.2503310635455 -15.0462205997071 -11.2351470189805 -16.6143247571765 -18.555326972913 -3.15821764003233 -3.51523958969554 -9.57582122486456 -18.6542297973996 -17.2176938206623 -25.5005716063008 -1.35147210471885 
-29.2 2.96869987609534 -1.9087137572256 -7.94096926155323 -2.28267333350431 -3.23207986056572 -4.18749660253181 -12.2872971041623 -21.3303465870163 -30.5104405306691 -39.7139823234793 -52.2674610902255 -12.9925387370136 -19.285608336585 -28.2158222107926 -13.0198216521536 -12.28131334255 -11.5934676870494 -13.4178805901741 -15.2462205997062 -11.1778854545248 -16.5895136660913 -18.4656149350868 -3.16838515554083 -3.49295663183358 -9.52108779363177 -18.4943196530562 -17.0902341496893 -25.4055624086983 -1.38509195057324 
-29 2.95909560489054 -1.94098269145672 -7.9087003273221 -2.3180253119127 -3.29970077320524 -4.28738644940246 -12.2163728410861 -21.227153389709 -30.3749783991307 -39.5462512577097 -52.0674610902248 -12.9570766054759 -19.2178772708162 -28.1158222107926 -13.0907459152299 -12.3845065398574 -11.7289298185879 -13.5856116559438 -15.446220599707 -11.1208994782965 -16.5647966240941 -18.3763600246274 -3.17902009195196 -3.47132263401359 -9.46718486158103 -18.3341404795205 -16.9623239103847 -25.3099211036248 -1.418306858184 
-28.8 2.94954864501688 -1.97305906807092 -7.8766239507079 -2.35377170642212 -3.36752354432886 -4.38728559714028 -12.1446783475438 -21.1233825195524 -30.2391311523599 -39.3783276343247 -51.8674610902257 -12.9212293587045 -19.1499536474306 -28.0158222107928 -13.1624404087725 -12.4882774100142 -11.8647770653589 -13.753535279329 -15.6462205997064 -11.0641796270954 -16.5401531495071 -18.287563796812 -3.19012301187424 -3.45034917732167 -9.41413502827453 -18.1736497581626 -16.833909565641 -25.2135831354953 -1.45112754383657 
-28.6 2.94006270913724 -2.00493041306871 -7.84475260571012 -2.38993658610989 -3.43555976901442 -4.48719316682362 -12.0721637275342 -21.0189965545451 -30.1028738423548 -39.2101989793218 -51.667461090225 -12.8849720487004 -19.0818249924287 -27.9158222107932 -13.2349550287824 -12.5926633750219 -12.0010343753644 -13.9216639343323 -15.8462205997074 -11.0077121969997 -16.5155570644093 -18.1992250217186 -3.20169180646384 -3.43004662691348 -9.36196113286894 -18.0127963630593 -16.7049275155355 -25.1164724303876 -1.48356172516194 
-28.4 2.93064197542481 -2.03658268840463 -7.8131003303742 -2.42654724671722 -3.50382270495766 -4.58710837810279 -11.9987728288787 -20.9139533805537 -29.9661783930275 -39.0418512546586 -51.4674610902258 -12.8482765993727 -19.0134772677651 -27.8158222107936 -13.3083459274384 -12.6977065490138 -12.1377298246922 -14.090011658996 -16.0462205997071 -10.9514789093343 -16.4909760520798 -18.1113394587173 -3.21372145474122 -3.41042399985495 -9.31068623047411 -17.851519901402 -16.5753033292142 -25.0185005194022 -1.51561414742581 
-28.2 2.92129112333896 -2.06800017178557 -7.78168284699325 -2.46363443820398 -3.57232737982537 -4.68703053635143 -11.9244427624019 -20.8082058306959 -29.8290133597887 -38.8732687380389 -51.2674610902252 -12.8111115661352 -18.9448947511466 -27.7158222107942 -13.382675993916 -12.8034540988723 -12.2748948579317 -14.2585941756164 -16.2462205997084 -10.8954565711621 -16.4663711972886 -18.0238996371642 -3.2262037914362 -3.39148885316898 -9.26033360040758 -17.6897500133715 -16.4449509245646 -24.9195655981335 -1.54728658120851 
-28 2.91201537347479 -2.0991653227823 -7.75051769599652 -2.5012326216133 -3.64109071423141 -4.78695902175421 -11.8491033663897 -20.7017012836869 -29.6913436617831 -38.7044338890365 -51.0674610902261 -12.7734418681293 -18.876059902144 -27.6158222107949 -13.4580153899289 -12.909958645882 -12.4125645559381 -14.4274290246196 -16.4462205997083 -10.8396167209133 -16.4416964980365 -17.9368946359186 -3.23912727559273 -3.37324718632878 -9.21092678257027 -17.527405616113 -16.3137716783029 -24.8195515028685 -1.57857778977402 
-27.8 2.90282053169904 -2.13005863453914 -7.71962438423968 -2.5393802563499 -3.71013166072486 -4.8868932800045 -11.7726766134164 -20.5943812189568 -29.5531302852961 -38.5353272007927 -50.8674610902254 -12.7352284916438 -18.8069532139017 -27.5158222107957 -13.5344421429031 -13.017278710613 -12.550777932426 -14.5965357128643 -16.6462205997099 -10.7839252740136 -16.4168983628936 -17.850309877262 -3.25247677518566 -3.35570337416487 -9.1624896586499 -17.3643941044824 -16.1816534784291 -24.7183266147516 -1.60948346742827 
-27.6 2.89371303824555 -2.16065846882056 -7.68902454995827 -2.57812012213399 -3.77947136079036 -4.98683281435142 -11.695075950543 -20.486180721802 -29.4143299538599 -38.365927035075 -50.6674610902264 -12.6964281602076 -18.737553048184 -27.4158222107967 -13.6120428057776 -13.1254792077689 -12.6895782638633 -14.765935878583 -16.84622059971 -10.7283421528677 -16.3919150760291 -17.7641269218347 -3.26623335410433 -3.33886011880212 -9.11504656900535 -17.2006104861807 -16.0484696944089 -24.6157426650128 -1.6399961477012 
-27.4 2.88470002191389 -2.19094087391184 -7.65874214486698 -2.61749967637642 -3.84913332012408 -5.08677717877642 -11.6162055709076 -20.3770279370753 -29.2748947640419 -38.1962094401657 -50.4674610902258 -12.6569929703912 -18.6678354532764 -27.3158222107978 -13.6909131854143 -13.2346319924969 -12.8290134536825 -14.9356534734936 -17.0462205997118 -10.6728209105841 -16.3666762388368 -17.6783232744599 -3.28037407115339 -3.3227184307599 -9.06862247587223 -17.0359364591694 -15.9140780724888 -24.511633448184 -1.67010508295569 
-27.2 2.87578935958663 -2.22087938464964 -7.62880363412918 -2.65757144824477 -3.91914360273023 -5.18672597212037 -11.5359596138598 -20.2668434692897 -29.1347717855185 -38.0261479509045 -50.2674610902268 -12.6168699918681 -18.5977739640155 -27.215822210799 -13.7711591424636 -13.3448164602839 -12.9691364322074 -15.1057149627562 -17.2462205997123 -10.6173083460952 -16.3411021850857 -17.5928721992331 -3.29487178926934 -3.30727763813804 -9.02324317251219 -16.8702394268936 -15.7783195509508 -24.4058134373838 -1.69979609673001 
-27 2.86698974104365 -2.25044480465572 -7.5992382141231 -2.69839346912558 -3.98953104361712 -5.28667883301334 -11.4542212938836 -20.1555397293074 -28.9939026255302 -37.8557133709101 -50.0674610902263 -12.5760008318817 -18.527339384023 -27.1158222108004 -13.8528974624414 -13.4561202002679 -13.1100055921974 -15.2761495427523 -17.4462205997145 -10.5617441091071 -16.3151033681037 -17.507742542239 -3.30969499316677 -3.2925354220294 -8.97893553639785 -16.7033714499219 -15.6410169939851 -24.2980763004242 -1.72905141066697 
-26.8 2.85831073853296 -2.27960497258903 -7.5700780461898 -2.74002973572867 -4.06032747815351 -5.38663543548304 -11.3708619656179 -20.0430202331085 -28.8522229613979 -37.6848735388446 -49.8674610902274 -12.5343211677499 -18.4564995519579 -27.0158222108021 -13.936256790709 -13.5686396964688 -13.2516852563316 -15.4469893748198 -17.6462205997153 -10.5060603011394 -16.2885797280692 -17.4228985663379 -3.32480761973375 -3.27848788066308 -8.93572782709783 -16.5351681457535 -15.5019738577501 -24.1881933321224 -1.75784944989628 
-26.6 2.84976288032703 -2.30832451500741 -7.54135850377141 -2.78255070054961 -4.13156798539284 -5.48659548514075 -11.2857401352911 -19.9291788603633 -28.7096620462343 -37.5135930812626 -49.6674610902271 -12.4917602525884 -18.385219094378 -26.9158222108038 -14.0213786210381 -13.6824810692163 -13.3942461714975 -15.6182698324041 -17.8462205997179 -10.4501810703048 -16.2614200396531 -17.338299793085 -3.34016889613651 -3.26512961464745 -8.89365001866421 -16.3654475421719 -15.3609727965869 -24.0759118133776 -1.78616463084614 
-26.4 2.84135772625086 -2.33656459260442 -7.5131184261744 -2.82603377607006 -4.2032911385103 -5.58655871585521 -11.1987004456797 -19.8138990931548 -28.5661422014288 -37.3418331588601 -49.4674610902276 -12.4482404077845 -18.3134591719771 -26.8158222108059 -14.1084183106522 -13.7977608364273 -13.5377660163056 -15.7900297548092 -18.04622059972 -10.3940222178252 -16.2335012647704 -17.2539008630083 -3.35573319677217 -3.25245383768649 -8.85273416410585 -16.1940089224817 -15.2177742544936 -23.9609533488814 -1.81396713998598 
-26.2 2.83310794262798 -2.36428264840179 -7.48540037037703 -2.87056383546538 -4.27553925370299 -5.68652488684527 -11.1095726688698 -19.6970532605476 -28.4215783130242 -37.1695512146581 -49.2674610902282 -12.4036765193818 -18.241177227777 -26.7158222108084 -14.1975460874651 -13.9146066690377 -13.6823299047133 -15.9623116990142 -18.2462205997225 -10.33749082332 -16.2046879260627 -17.1696514127058 -3.37144991745727 -3.24045250257383 -8.81301477319621 -16.0206316953668 -15.0721150831762 -23.8430122333613 -1.84122271319165 
-26 2.825027372146 -2.39143217301147 -7.45825084576735 -2.91623367952398 -4.34835862237127 -5.78649378012325 -11.0181707673093 -19.5785018343774 -28.2758773622444 -36.9967007392686 -49.0674610902291 -12.3579755686039 -18.1683267523895 -26.6158222108112 -14.2889479890292 -14.0331580952114 -13.8280308554967 -16.1351621744073 -18.4462205997252 -10.2804849178155 -16.1748315451678 -17.0854959825916 -3.38726338061823 -3.2291164411255 -8.77452918713781 -15.8450743636894 -14.9237072761084 -23.7217539509032 -1.86789243146923 
-25.8 2.81713109266639 -2.41796250704354 -7.43172051173528 -2.96314442957353 -4.42179970645289 -5.88646519823693 -10.9242921034386 -19.4580928364747 -28.1289380303096 -36.8232310733017 -48.8674610902301 -12.3110362366713 -18.0948570864248 -26.5158222108144 -14.3828266529041 -14.1535670931184 -13.9749701874358 -16.3086318403785 -18.6462205997285 -10.222893234198 -16.1437701955824 -17.001373964942 -3.40311278107906 -3.21843550755387 -8.7373179195345 -15.6670736821658 -14.7722369286169 -23.5968139374438 -1.89393255377738 
-25.6 2.80943545568334 -2.44381871189 -7.40586430688882 -3.01140578390033 -4.49591726562615 -5.98643896225665 -10.8277169228258 -19.3356614510154 -27.9806504400038 -36.6490872781495 -48.6674610902314 -12.262748646368 -18.020713291275 -26.4158222108182 -14.479401833522 -14.2759984785828 -14.1232577777466 -16.4827756355358 -18.8462205997322 -10.1645950976952 -16.1113282639261 -16.9172196235928 -3.4189322037458 -3.20839872537454 -8.70142493250832 -15.4863441602 -14.6173636114975 -23.4677968251709 -1.91929441846933 
-25.4 2.80195809287216 -2.46894154772326 -7.38074147105557 -3.06113605994009 -4.57077037749916 -6.08641490996292 -10.7282082661605 -19.2110299585168 -27.830896111672 -36.4742101139844 -48.4674610902331 -12.2129943180389 -17.9458361271127 -26.3158222108226 -14.5789104901933 -14.4006299710874 -14.2730121060844 -16.6576527997068 -19.0462205997366 -10.1054605166207 -16.0773165186848 -16.832962206685 -3.43465073453989 -3.19899442033499 -8.6668977916359 -15.3025780866225 -14.4587203737533 -23.3342764232599 -1.9439244515893 
-25.2 2.79471787451803 -2.49326761316916 -7.35641540560967 -3.11246191327362 -4.64642229627859 -6.18639289418825 -10.6255125279463 -19.0840081548567 -27.679548242566 -36.2985361794325 -48.2674610902353 -12.1616464489358 -17.8701621925637 -26.2158222108277 -14.6816062284148 -14.5276517747547 -14.4243599751977 -16.833326734266 -19.2462205997416 -10.045350577423 -16.041532644933 -16.7485262020414 -3.45019271411655 -3.19021033446612 -8.63378764032075 -15.1154463437596 -14.2959146963363 -23.1957968112888 -1.96776433617147 
-25 2.7877348003567 -2.51672971206637 -7.33295330671245 -3.16551760256261 -4.7229400844648 -6.28637278127168 -10.519360923538 -18.9543944515512 -27.5264724403633 -36.1219982783326 -48.0674610902381 -12.1085706467362 -17.7936242914668 -26.1158222108337 -14.7877578328319 -14.657265478069 -14.5774357774092 -17.0098646353747 -19.4462205997476 -9.98411825434243 -16.0037624207496 -16.6638317800636 -3.46547817921626 -3.18203370066823 -8.60214890762603 -14.9246003173676 -14.1285307688416 -23.0518749826913 -1.99075140629042 
-24.8 2.7810297971846 -2.53925753346647 -7.31042548531235 -3.22044362806778 -4.80039393137008 -6.38635444957705 -10.4094722091422 -18.8219779157553 -27.3715280831673 -35.9445260997365 -47.8674610902419 -12.0536262895434 -17.716152112874 -26.0158222108407 -14.8976465472385 -14.7896820138757 -14.732380134616 -17.1873368139816 -19.6462205997546 -9.921609809686 -15.9637817974933 -16.5787955140071 -3.48042358145808 -3.17445128151034 -8.57203866706765 -14.7296753369083 -13.9561336097823 -22.9020056450322 -2.01281935236082 
-24.6 2.77462439770898 -2.56077873065003 -7.28890428812879 -3.27738457216414 -4.87885607264999 -6.48633778804052 -10.2955569978816 -18.6865415073111 -27.2145704775395 -35.7660472969252 -47.667461090247 -11.9966686839189 -17.6376733100658 -25.915822210849 -15.0115617585125 -14.9251184223333 -14.8893377402572 -17.3658156168064 -19.8462205997628 -9.85766691849066 -15.9213601034815 -16.4933314256282 -3.49494283153435 -3.16744933440266 -8.5435155227768 -14.5302960372604 -13.778275507318 -22.7456687397514 -2.03389931977426 
-24.4 2.76854027094669 -2.58122049891745 -7.26846251986137 -3.33648594229049 -4.95839921104376 -6.58632269470171 -10.1773240709582 -18.5478668121203 -27.0554540140813 -35.5864890651995 -47.4674610902539 -11.9375522204636 -17.5581150783432 -25.8158222108589 -15.1297946854527 -15.0637931175409 -15.0484542037322 -17.5453738485488 -20.0462205997727 -9.79212972566039 -15.8762646789187 -16.4073524645305 -3.50894877708797 -3.16101351168925 -8.51663793179558 -14.3260841492294 -13.5945053875544 -22.5823403882552 -2.0539215013419 
-24.2 2.76279858247653 -2.60051172504674 -7.24917129373208 -3.39788987052532 -5.03909436540788 -6.68630907519512 -10.0544889754848 -18.4057404905176 -26.8940364663493 -35.4057802913383 -47.2674610902634 -11.876134672734 -17.4774063044843 -25.7158222108707 -15.2526297809474 -15.2059194391649 -15.2098717514854 -17.7260826224313 -20.2462205997845 -9.7248409529184 -15.828267132306 -16.3207724656592 -3.52235515869828 -3.15512866716989 -8.49146186114731 -14.116669054873 -13.4043815193273 -22.4115077461574 -2.07281729338168 
-24 2.75741917136838 -2.61858575269022 -7.23109726608861 -3.4617295812252 -5.12100810375123 -6.78629684118195 -9.9267850860718 -18.2599625734612 -26.7301845216494 -35.2238543189949 -47.0674610902765 -11.8122827280352 -17.395480332142 -25.615822210885 -15.3803336703877 -15.3516973562486 -15.3737236962127 -17.908008594802 -20.4462205997987 -9.65565115883511 -15.7771513658662 -16.2335086439325 -3.53507910294411 -3.14977858377262 -8.46803775010619 -13.901701343719 -13.2074878358168 -22.2326880902903 -2.09052206066584 
-23.8 2.75241955571619 -2.63538372363681 -7.21429929514201 -3.52812270688749 -5.20419920036013 -6.88628590873744 -9.79397696987663 -18.1103564863194 -26.563780463561 -35.0406522899599 -46.867461090295 -11.7458786699456 -17.3122783031058 -25.5158222109022 -15.5131417866185 -15.501303443426 -15.5401277543366 -18.0912106238726 -20.6462205998159 -9.58442507213955 -15.7227232501172 -16.1454845862903 -3.54704411284023 -3.14494562272177 -8.44640681810912 -13.6808691698644 -13.0034536329088 -22.045451858329 -2.10697847029578 
-23.6 2.74781381210414 -2.65085834264051 -7.19882467613831 -3.59716375688602 -5.28871486936235 -6.98627619674336 -9.65587544591759 -17.9567803433567 -26.3947297015946 -34.8561269089898 -46.6674610903212 -11.676827907974 -17.2277529221305 -25.4158222109231 -15.6512433106246 -15.6548795864359 -15.7091785163502 -18.2757360048899 -20.8462205998368 -9.51104871669484 -15.6648215136762 -16.0566336118419 -3.55818342637679 -3.14061031725501 -8.42659689363829 -13.4539166714361 -12.7919757534841 -21.849448597908 -2.12214024349622 
-23.4 2.74361141296686 -2.66497778371857 -7.18470523506025 -3.66891630335438 -5.37458685690876 -7.08626762536783 -9.51235321026746 -17.7991386666285 -26.2229685837883 -34.6702463501055 -46.4674610903588 -11.6050667901557 -17.1418723632342 -25.3158222109488 -15.794765546338 -15.8125212632273 -15.8809396342197 -18.4616165638374 -21.0462205998624 -9.43543683060955 -15.603329068669 -15.9669022846786 -3.5684435278123 -3.13675097761208 -8.40861811291768 -13.220663108597 -12.5728416317231 -21.644433917225 -2.1359760495312 
-23.2 2.73981615278171 -2.67772929798683 -7.17195372079199 -3.7434057642166 -5.46182783203925 -7.18626011476658 -9.36335926739527 -17.637393209488 -26.0484716123796 -34.4829978644285 -46.2674610904135 -11.5305698187238 -17.0546238775339 -25.2158222109803 -15.9437594892964 -15.974266720454 -16.0554366057146 -18.6488650496006 -21.2462205998939 -9.35753975496565 -15.5381835072933 -15.8762536947664 -3.57778742726737 -3.13334336279927 -8.39245898383622 -12.9810205757811 -12.3459506131755 -21.4302944129457 -2.14847310677341 
-23 2.73642532204758 -2.68912198896935 -7.16056102980948 -3.82061385164179 -5.55042861044695 -7.2862535841568 -9.20893003140585 -17.4715712825161 -25.8712569944252 -34.2943905554915 -46.0674610904941 -11.4533552007277 -16.9660165685554 -25.1158222110192 -16.0981887254052 -16.1400886475453 -16.2326512237885 -18.837472358657 -21.4462205999328 -9.27734880492972 -15.4693852482399 -15.784670053748 -3.58619725560023 -3.13036050014924 -8.37808343020406 -12.7350076987343 -12.1113304271112 -21.2070669178639 -2.15963996420291 
-22.8 2.73342928663988 -2.69918822590328 -7.15049479287554 -3.90047574501844 -5.64035674075754 -7.38624795140132 -9.04919497926049 -17.3017699934368 -25.6913894684119 -34.1044567925444 -45.867461090613 -11.3734876746437 -16.8760828055374 -25.0158222110673 -16.2579237777185 -16.3098899367925 -16.4125187499696 -19.0274061217721 -21.6462205999818 -9.19489914696645 -15.3970018272106 -15.6921541588508 -3.59367572789949 -3.12777273551456 -8.36542942863545 -12.4827567516435 -11.8691457169543 -20.974948444641 -2.16950794138133 
-22.6 2.73081159092908 -2.70798329727595 -7.14169972150287 -3.98288078406072 -5.73155685117249 -7.48624313318894 -8.88437526493153 -17.1281552077352 -25.5089796113376 -33.9132518640974 -45.6674610907933 -11.2910778174491 -16.7848778769701 -24.9158222111273 -16.4227434922871 -16.4835047227338 -16.5949286072835 -19.2186110504587 -21.8462206000411 -9.11026943429785 -15.3211671859146 -15.5987293748095 -3.6002461255858 -3.1255480618282 -8.35440968357603 -12.2245122532132 -11.6196962898967 -20.734294088956 -2.17813083399172 
-22.4 2.72854962562997 -2.71558316694994 -7.13409985182888 -4.06767695733907 -5.82395289412483 -7.58623904581527 -8.71477474389856 -16.9509548170282 -25.3241793509567 -33.7208517340425 -45.4674610910644 -11.2062775568719 -16.692477746719 -24.8158222112023 -16.5923440136668 -16.6607051137875 -16.7797288680112 -19.4110111808603 -22.0462206001167 -9.02357791585949 -15.2420755371503 -15.5044379866971 -3.60595065002487 -3.12365271659328 -8.34491446866751 -11.960620343993 -11.3634042503505 -20.4856019190838 -2.18558274594583 
-22.2 2.72661579296619 -2.722080559382 -7.12760245939683 -4.15467873309821 -5.91745206231602 -7.68623560643852 -8.54076431404232 -16.7704469947399 -25.1371741362363 -33.52734912689 -45.2674610914799 -11.1192723418298 -16.5989751392448 -24.715822211296 -16.7663544440315 -16.8412129365842 -16.96673408324 -19.6045137885212 -22.2462206002096 -8.93497543805413 -15.159970451777 -15.4093381164597 -3.61084734031701 -3.12205201445337 -8.33681637409516 -11.6915100438057 -11.1007913425952 -20.2294864037605 -2.191954272174 
-22 2.72497901837778 -2.72757988050883 -7.12210313826999 -4.24367721902836 -6.01194986937301 -7.78623273462234 -8.36276159918606 -16.5869449587568 -24.9481727791264 -33.3328484486533 -45.0674610921163 -11.0302709842008 -16.504474460489 -24.6158222114134 -16.9443571596423 -17.0247149733218 -17.1557354411045 -19.7990144675125 -22.4462206003278 -8.844636231098 -15.0751305659477 -15.3134995883767 -3.61500594030047 -3.12071129331 -8.32997633182534 -11.417668800749 -10.8324494206654 -19.9666438029576 -2.19734752643372 
-21.8 2.72360639474209 -2.73219169340744 -7.11749132537138 -4.33445121252081 -6.10733567576407 -7.88623035391202 -8.18120885176603 -16.4007803984382 -24.7573964059091 -33.1374602625374 -44.8674610931019 -10.9394946101454 -16.4090862735349 -24.5158222115607 -17.1259099081943 -17.2108795347725 -17.3465118154537 -19.9944026547604 -22.6462206004743 -8.75274781139454 -14.9878539591428 -15.2169993557747 -3.6185033268408 -3.1195968669517 -8.32425009256804 -11.1396158205796 -10.5590082533946 -19.6978144485854 -2.20187072407638 
-21.6 2.72246474811254 -2.73602745764384 -7.11365556113498 -4.42677772335651 -6.20349795083617 -7.98622839322052 -7.99655191024069 -16.2122876926764 -24.565067935911 -32.9412960283029 -44.6674610946309 -10.8471661388032 -16.3129220379563 -24.4158222117457 -17.3105668514344 -17.399372242249 -17.5388402871667 -20.1905668907097 -22.84622060066 -8.65950129382125 -14.8984432058059 -15.119917073965 -3.62141908415462 -3.11867686002913 -8.31949432140945 -10.8578765970596 -10.281104794111 -19.4237467535382 -2.205633016609 
-21.4 2.72152195490708 -2.73919510371423 -7.1104879150646 -4.52044082585525 -6.3003286994053 -8.08622678786002 -7.80922249691026 -16.0217906332756 -24.3714032304398 -32.7444636767613 -44.467461097019 -10.7535014311764 -16.2160896842592 -24.3158222119782 -17.4978962673846 -17.5898693042696 -17.7325049952576 -20.387399244871 -23.0462206008917 -8.56508317469648 -14.8071927327516 -15.0223313087698 -3.62383171336649 -3.11792184317061 -8.31557165848017 -10.5729614183016 -9.99935726142335 -19.1451668669209 -2.20874014146835 
-21.2 2.72074790930492 -2.74179578273455 -7.10788723604427 -4.61523816009724 -6.39772671266761 -8.18622548014267 -7.61962521673059 -15.8295926740756 -24.1766045922195 -32.5470643595206 -44.267461100758 -10.6587027895094 -16.1186903635719 -24.2158222122705 -17.6874935515964 -17.7820672675017 -17.92730363751 -20.5847985661438 -23.2462206011848 -8.46966922376426 -14.7143794608397 -14.9243166788173 -3.62581577540424 -3.11730522618804 -8.31235436247765 -10.285349507877 -9.71434603001912 -18.862756314537 -2.21129122313068 
-21 2.72011510840457 -2.74392190039609 -7.10576111838273 -4.710984864189 -6.49559953442091 -8.28622441955751 -7.4281296932559 -15.6359710329394 -23.9808568334217 -32.3491904830613 -44.0674611066371 -10.5629550252002 -16.0208164816012 -24.1158222126383 -17.8789890813172 -17.975688914884 -18.1230514025539 -20.7826724488492 -23.4462206015517 -8.37342069797612 -14.6202570527131 -14.8259420353676 -3.62744007100167 -3.11680340412393 -8.30972642275163 -9.9954793405849 -9.42660198038855 -18.577138382568 -2.2133768339657 
-20.8 2.71959886970217 -2.74565638627015 -7.10402663250867 -4.80751503546787 -6.59386419157384 -8.38622356258449 -7.23506764601917 -15.4411744998286 -23.7843258144369 -32.1509249782024 -43.8674611159042 -10.466423997411 -15.9225509679379 -24.0158222131009 -18.0720511382843 -18.1704854577252 -18.3195824312692 -20.9809379634385 -23.6462206020151 -8.27648280666516 -14.5250536472762 -14.7272696581826 -3.62876683638101 -3.11639568362921 -8.30758421638322 -9.70374491570053 -9.13660204137824 -18.2888729294317 -2.21507826798005 
-20.6 2.71917721934733 -2.74707306925199 -7.10260994952683 -4.90468097915739 -6.6924468182452 -8.48622287223769 -7.04073439259868 -15.2454245634263 -23.5871591950527 -31.9523416758364 -43.6674611305563 -10.3692573639567 -15.8239676515017 -23.9158222136829 -18.2663844069382 -18.3662354093609 -18.5167490658867 -21.1795212810379 -23.8462206025963 -8.17898520125227 -14.4289727248451 -14.6283553697879 -3.62985185705744 -3.1160640213238 -8.30583587109559 -9.41049737330327 -8.84477118196282 -17.9984587529982 -2.21646790153592 
-20.4 2.71883048251766 -2.74823805384202 -7.1014449649368 -5.00235045516936 -6.79128127884721 -8.58622231742973 -6.84539435417924 -15.0489195404168 -23.3894891874532 -31.7535066836469 -43.4674611537767 -10.271587333869 -15.725132636824 -23.8158222144152 -18.461724469311 -18.5627404563238 -18.7144190974397 -21.3783562971809 -24.0462206033293 -8.08104430799621 -14.3321968161791 -14.5292494919418 -3.63074542367115 -3.11579260334747 -8.30439946852961 -9.1160514563055 -8.55149024955508 -17.7063428051805 -2.21761053863471 
-20.2 2.71854057604287 -2.74921209682443 -7.10047092195439 -5.10040192400855 -6.8903067906688 -8.68622187223374 -6.64929056300187 -14.851841706257 -23.191437310311 -31.5544807635223 -43.2674611906697 -10.1735354207549 -15.6261066807274 -23.7158222153362 -18.6578282983016 -18.7598183282968 -18.912471012395 -21.5773822551186 -24.2462206042495 -7.982767513175 -14.2348940643403 -14.4299986541381 -3.63149413975054 -3.11556727644446 -8.30320009864381 -8.82069682640351 -8.2571096626355 -17.4129362612433 -2.21856574211948 
-20 2.71828994339012 -2.75005418555926 -7.09962883321956 -5.19871738938875 -6.98946434478383 -8.78622151508359 -6.45265897668695 -14.6543680312073 -22.9931215465264 -31.3553229110029 -43.0674612494155 -10.0752195993824 -15.5269487706202 -23.6158222164941 -18.854459944521 -18.957292063251 -19.110786836084 -21.7765401675425 -24.4462206054082 -7.88425959809515 -14.1372282379953 -14.3306486503235 -3.63214377762782 -3.11537482558691 -8.30216555905181 -8.52471523511601 -7.96197016008283 -17.1186388474254 -2.21939135515271 
-19.8 2.7180599867861 -2.75082680582089 -7.09885621295793 -5.29717186170111 -7.08869143735782 -8.88622122791921 -6.25574955148175 -14.4566859857404 -22.794666880798 -31.1560956250128 -42.8674613431638 -9.97676484136039 -15.4277213923365 -23.5158222179488 -19.0513694649283 -19.15497420392 -19.3092415970147 -21.9757675487347 -24.6462206068621 -7.78563235796698 -14.0393736181287 -14.2312487899337 -3.63274362861896 -3.11520205631642 -8.30122016951931 -8.22840594806633 -7.66643349329478 -16.823874800899 -2.2201487024856 
-19.6 2.7178287210736 -2.75160382449388 -7.09807919428494 -5.3956175916614 -7.1879141859911 -8.98622099522548 -6.0588577760499 -14.2590171916356 -22.5962210680201 -30.956872793562 -42.66746149304 -9.87831888053164 -15.3284984128348 -23.4158222197741 -19.2482613920624 -19.352643149727 -19.5076875614947 -22.1749905318877 -24.8462206086881 -7.68701919605928 -13.941537474894 -14.131858609353 -3.63335321351927 -3.11503462254375 -8.30027571707403 -7.93212399022853 -7.37092855412997 -16.5291468804072 -2.22091040561045 
-19.4 2.71756718604593 -2.75248254359991 -7.09720047517891 -5.49385996104491 -7.28703527448064 -9.08622080282106 -5.86237289237557 -14.0616535888552 -22.3979787461338 -30.7577517525695 -42.4674617329415 -9.78007632102928 -15.2293771342264 -23.3158222220596 -19.444746517923 -19.5500069946937 -19.7059301255674 -22.3741118150665 -25.0462206109728 -7.58859776748006 -13.8439947654208 -14.0325584616677 -3.63405287114405 -3.11485556106248 -8.29921793648635 -7.6363389565834 -7.07602223959088 -16.2351192849741 -2.2217723942862 
-19.2 2.71723394047876 -2.75360219953843 -7.09608081924039 -5.59162048249592 -7.38591545187017 -9.1862206361491 -5.66685190010316 -13.8650129406443 -22.2002184419843 -30.5588717924816 -42.267462116915 -9.6823156357586 -15.1304967930172 -23.2158222249119 -19.640267897022 -19.7466480297312 -19.9036908165434 -22.572992161981 -25.2462206138259 -7.49062522543237 -13.7471418793116 -13.9334662636815 -3.6349605036336 -3.11464353761352 -8.29788625709926 -7.3417257634725 -6.78252870241849 -15.9427454037403 -2.22287244646863 
-19 2.71676678868971 -2.75517176062593 -7.09451125815289 -5.68848120181149 -7.48434573227325 -9.28622047763968 -5.4731307575403 -13.6697222369939 -22.0033581772464 -30.3604419666562 -42.0674627300022 -9.58545476147332 -15.0320663576444 -23.1158222284516 -19.8339896562118 -19.9419393500085 -20.1005516979082 -22.7714226044334 -25.4462206173657 -7.39349205435922 -13.651578269326 -13.8347635315209 -3.63625760942345 -3.11437108231624 -8.2960442407141 -7.0493018852091 -6.49167438524259 -15.6534606476519 -2.22441824554361 
-18.8 2.71607116777159 -2.75750894427871 -7.09217407450011 -5.78380665947766 -7.58200837359219 -9.3862203026114 -5.28248046465318 -13.476734760454 -21.8080335170538 -30.1627801228108 -41.8674637025039 -9.49012913313283 -14.9344035456511 -23.0158222328056 -20.0246409259547 -20.1349278034041 -20.2958773349566 -22.9690854251345 -25.6462206217197 -7.29779915077832 -13.5582225493979 -13.7367334442872 -3.63822734280754 -3.11400363204718 -8.29333960679264 -6.76062150073435 -6.20533118442062 -15.3694546304827 -2.22672714132381 
-18.6 2.71500623377142 -2.7610869653986 -7.08859605338022 -5.87665038806972 -7.67843012330413 -9.48622007344323 -5.09679407124431 -13.2874703459253 -21.6151910814051 -29.9663596660422 -41.6674652246155 -9.39728518065184 -14.8379815720502 -22.9158222380848 -20.2103288467543 -20.3241937453236 -20.4887212979961 -23.1655074092938 -25.8462206269989 -7.20445300442101 -13.4684544241605 -13.63980927681 -3.64130294088295 -3.11350120900308 -8.28925916262826 -6.47801093456906 -5.92629863937522 -15.0940001065572 -2.23027456254568 
-18.4 2.71337406744351 -2.76657080345007 -7.08311221532876 -5.96568237165752 -7.77294594494341 -9.58621973313397 -4.9187317501388 -13.1039241867683 -21.4261610841967 -29.7718458307823 -41.4674675513041 -9.3082528630174 -14.7434654163643 -22.8158222443475 -20.388393500811 -20.5077422374318 -20.6777536281557 -23.360023577505 -26.0462206332615 -7.11474546694045 -13.3842307247314 -13.544617901278 -3.64611121877904 -3.11282564884732 -8.28309976442142 -6.2047572316689 -5.65852877452653 -14.8317140797599 -2.23573337809439 
-18.2 2.71092453843085 -2.77480085952838 -7.07488215925044 -6.0492217290109 -7.8647153583751 -9.68621920264398 -4.75165540110003 -12.9286177816512 -21.2426246230013 -29.5800793135086 -41.2674709779521 -9.2247129823731 -14.6516954796417 -22.7158222515465 -20.5554732836968 -20.6830520763959 -20.8612935231981 -23.5517935286257 -26.2462206404605 -7.03033605676267 -13.3080513706319 -13.4519784350219 -3.6534712148339 -3.11195558882425 -8.27399964831966 -5.94504140917499 -5.40704300811093 -14.5884583694227 -2.24396215436691 
-18 2.7073912075939 -2.78667232983184 -7.06301068894699 -6.12547797549589 -7.95284307516355 -9.78621838973588 -4.59914607288379 -12.7642369831315 -21.0663723541781 -29.391955574382 -41.0674757685221 -9.14845593092018 -14.5635669578853 -22.6158222594867 -20.7079874104231 -20.8474376734257 -21.0375505905314 -23.7399220662624 -26.4462206484006 -6.95303008349274 -13.2426168676654 -13.3628009914485 -3.66429295041225 -3.11090585409877 -8.2610784432911 -5.70335462944519 -5.17722769868459 -14.3705145302998 -2.25588937605291 
-17.8 2.70255764502508 -2.80291238691781 -7.04677063186101 -6.19299668504432 -8.03660184179794 -9.88621721345626 -4.46411258309509 -12.6129634362569 -20.8988587502175 -29.2082019133354 -40.8674820503894 -9.08093605343555 -14.4798070233147 -22.5158222678301 -20.8430271904226 -20.9987175105112 -21.2050704847028 -23.9236820175198 -26.646220656744 -6.8843441996529 -13.1901710409116 -13.2778750505227 -3.67936582486341 -3.10973867146433 -8.2436712035703 -5.48339519038727 -4.97350831671264 -14.1830352054138 -2.27229300866544 
-17.6 2.69632073756657 -2.82386747578324 -7.02581554299558 -6.25108492778692 -8.11564517340598 -9.98621563392972 -4.34794062743257 -12.4758363917289 -20.7407766168241 -29.0291646910766 -40.6674897392652 -9.02284623950676 -14.4007621205205 -22.4158222761705 -20.9592068433012 -21.1358522522552 -21.3631603153122 -24.1027269369947 -26.8462206650843 -6.82507086512455 -13.1518527952486 -13.1976466271289 -3.69913581360275 -3.10855357133786 -8.22153101457878 -5.28699480299063 -4.79806301818143 -14.028544995748 -2.29358590796698 
-17.4 2.68870829608204 -2.84944415602937 -7.00023886274946 -6.29992960015183 -8.19006652601702 -10.0862136667869 -4.250256163435 -12.3525752474852 -20.5919387923343 -28.8547501863406 -40.4674985542831 -8.97399960796534 -14.326338808733 -22.3158222841368 -21.056900130283 -21.2591222194831 -21.5120069627863 -24.2771502647148 -27.0462206730507 -6.7751321475762 -13.1274907579464 -13.1221312293344 -3.72361844069911 -3.10745951818848 -8.1948602811829 -5.11379493323226 -4.65043982866919 -13.9064984864819 -2.31975247333262 
-17.2 2.67984552897542 -2.87922174589232 -6.9704612728865 -6.34037212691206 -8.2602866426402 -10.186211373273 -4.16937607791664 -12.2419175721039 -20.45150352709 -28.6845373312334 -40.267508109313 -8.93355479501781 -14.2561164059225 -22.2158222914634 -21.1377897781577 -21.3697894572208 -21.6524517903869 -24.4473726821784 -27.2462206803772 -6.73377846772911 -13.1159146679623 -13.0509999596244 -3.75248487014866 -3.10654835777469 -8.16417153090654 -4.96178357067731 -4.52820605597719 -13.8140423036529 -2.35045897718054 
-17 2.66990251663083 -2.91262880037516 -6.93705421840367 -6.37355548168726 -8.32687705189823 -10.2862088370139 -4.10301420021478 -12.1421486399192 -20.3183275404225 -28.517954290083 -40.0675180136798 -8.90036891052194 -14.1895234669438 -22.1158222980018 -21.2041615667648 -21.4695683003107 -21.7856376879597 -24.613965634234 -27.4462206869156 -6.69992984720173 -13.1154731019177 -12.9837442846142 -3.78522665234087 -3.10588308548444 -8.13009920413307 -4.82816601142678 -4.4279955512095 -13.747238853368 -2.38523175998718 
-16.8 2.65905277799902 -2.94908232140436 -6.90060069737447 -6.40064574538154 -8.39042083662172 -10.3862061427666 -4.04883820622826 -12.0515191249035 -20.1912445043776 -28.3544177330089 -39.8675279355764 -8.8732759582753 -14.1259769936679 -22.0158223036968 -21.2583474883429 -21.560207742918 -21.9127306515962 -24.7775121188997 -27.6462206926105 -6.67245601983579 -13.124452795581 -12.919816936219 -3.82129660400347 -3.10549951611746 -8.09326211373727 -4.71006266335019 -4.34634572416211 -13.7020425473498 -2.42360149054543 
-16.6 2.64745141539242 -2.98806118809404 -6.86162183068478 -6.42268523316998 -8.45143919109984 -10.4862033639344 -4.0047633615595 -11.968465413545 -20.0692119263294 -28.1934062882711 -39.6675376241489 -8.85123369651047 -14.0649558652134 -21.9158223085526 -21.30243202644 -21.6432711477048 -22.0347729230726 -24.9385332570658 -27.8462206974663 -6.65033064341599 -13.1413062858509 -12.8587126931095 -3.86018957720598 -3.10541362263068 -8.05419735356042 -4.60488357071613 -4.28014549821773 -13.6748211880951 -2.46518359224383 
-16.4 2.63522793722586 -3.02913027127808 -6.82055274750074 -6.44054426087379 -8.51036730198769 -10.5862005580063 -3.96904897627194 -11.8916819450734 -19.9513593746738 -28.0344846534314 -39.4675469061252 -8.83337186693246 -14.0060249524514 -21.8158223126065 -21.3381556977577 -21.7200639022065 -22.1526347607584 -25.0974641779356 -28.0462207015202 -6.63268694376065 -13.1647316693796 -12.7999999102702 -3.90147398438461 -3.10562894662487 -8.01334359437096 -4.5104563985353 -4.22678740922095 -13.6625321822824 -2.50971070991405 
-16.2 2.62248676423587 -3.071938732688 -6.77774428609082 -6.45492454677793 -8.56755604930175 -10.6861977667303 -3.94029158788465 -11.8201160952762 -19.8369850634667 -27.8773018808143 -39.2675556720982 -8.81898879305665 -13.9488334171656 -21.7158223159108 -21.3669218554223 -21.7916385212811 -22.2670178412429 -25.25465571983 -28.2462207048245 -6.61881975879284 -13.1936729458217 -12.7433242638924 -3.94479554342651 -3.10614204425724 -7.97104823059303 -4.42502336046594 -4.1841628325615 -13.6627160670329 -2.5570410292362 
-16 2.60931069871003 -3.1162083688542 -6.73347464992462 -6.46638252610871 -8.62328366479873 -10.7861950183934 -3.91737832154973 -11.7529331927751 -19.7255325247993 -27.7215797059808 -39.0675638610985 -8.80752806800109 -13.8931030559439 -21.6158223185229 -21.3898433133695 -21.8588296153945 -22.3784785715225 -25.4103860862759 -28.4462207074365 -6.60816561081566 -13.2272884340107 -12.688400479749 -3.98986900833428 -3.10694587299843 -7.9275824231684 -4.34718630737561 -4.15059541563738 -13.6734182862749 -2.60715926380003 
-15.8 2.59576498077149 -3.16171998258845 -6.68796303619037 -6.47535661091671 -8.67776936334098 -10.8861923306699 -3.89943236242857 -11.6894756199197 -19.6165633382097 -27.5670989056569 -38.8675714470404 -8.79855129744604 -13.8386146716546 -21.5158223204993 -21.407796860409 -21.9222947761682 -22.4874553460304 -25.564874474518 -28.6462207094129 -6.60027732319544 -13.2649117601247 -12.6350005783946 -4.03646641727987 -3.10803166821015 -7.88315660464549 -4.27584044492353 -4.12476116691955 -13.6930956512913 -2.66017983987678 
-15.6 2.58190097867555 -3.20830098413183 -6.64138203464699 -6.48219199049201 -8.73118574445966 -10.986189713332 -3.88576334956086 -11.6292256055086 -19.5097323222552 -27.4136868881591 -38.6675784279991 -8.79171330192742 -13.7851956745926 -21.415822321894 -21.42147285563 -21.9825517729326 -22.5942933443382 -25.7182934743692 -28.8462207108075 -6.59480010381644 -13.3060155422891 -12.5829423574722 -4.08440557762493 -3.10938982701145 -7.83793376190379 -4.21011320973883 -4.10561493327822 -13.7205304191934 -2.71635788999497 
-15.4 2.56775923942769 -3.25581514152823 -6.59386787725059 -6.48716113292034 -8.7836690442844 -11.0861871705531 -3.87582636931323 -11.5717744678646 -19.4047670272148 -27.2612074357222 -38.4675848181659 -8.78674161758292 -13.7327098328517 -21.3158223227567 -21.4314162269071 -22.0400093016061 -22.6992650304081 -25.8707793178355 -29.0462207116702 -6.59145134982697 -13.350180945696 -12.5320794460863 -4.13354012259752 -3.11101021458802 -7.79203999208357 -4.14931331724265 -4.09232919817844 -13.75475884149 -2.77611289340132 
-15.2 2.5533719067389 -3.30415445665121 -6.54552856212762 -6.49048003487766 -8.83532726136469 -11.1861847027564 -3.86918945363708 -11.5167982370654 -19.3014514812927 -27.1095525746772 -38.2675906419978 -8.78342024820546 -13.6810491483513 -21.2158223231332 -21.4380589667919 -22.0949913566139 -22.8025864005389 -26.0224400030893 -29.2462207120469 -6.59000438332638 -13.3970732943184 -12.4822931644628 -4.18375137280065 -3.11288214966779 -7.74557261204037 -4.09289011956617 -4.08424531562494 -13.7950142740595 -2.84007166572887 
-15 2.53876460397078 -3.35323283878632 -6.4964501799925 -6.49232087589843 -8.88624648452057 -11.2861823080474 -3.86550827023844 -11.4640386715317 -19.1996135336238 -26.9586362448732 -38.0675959300588 -8.78157701240906 -13.6301275304197 -21.1158223230666 -21.4417454381856 -22.1477562101426 -22.9044296362028 -26.1733616208883 -29.446220711981 -6.59027561577079 -13.446422908898 -12.433486014772 -4.23494182846758 -3.1149942231996 -7.69860630343745 -4.04040178654345 -4.08083536473734 -13.840682705307 -2.9091425498307 
-14.8 2.52395789221555 -3.40298120569723 -6.44670181308159 -6.49282181732169 -8.93649579285474 -11.3861799832925 -3.86450652393971 -11.4132885583221 -19.0991150535033 -26.8083893978417 -37.8676007161164 -8.78107374576038 -13.5798758968601 -21.0158223225961 -21.4427519700706 -22.1985111089386 -23.0049329019096 -26.323613253506 -29.6462207115097 -6.59211451605832 -13.4980101760964 -12.3855765481487 -4.2870300375598 -3.11733406538092 -7.65119777870747 -3.99149057409188 -4.08167251919667 -13.8912682266773 -2.98464385788711 
-14.6 2.50896840165115 -3.45334368243974 -6.39633933633909 -6.49209460545176 -8.98613105772732 -11.4861777249076 -3.86596074994046 -11.3643803075803 -18.999844326019 -26.658756193615 -37.6676050351471 -8.78179869840806 -13.5302383727653 -20.9158223217588 -21.441302062264 -22.2474236778745 -23.104207947588 -26.473250775927 -29.8462207106731 -6.59539577446488 -13.5516539112455 -12.3384953298127 -4.33994656167627 -3.11988811275488 -7.60338934933931 -3.94586358259401 -4.08640800444131 -13.9463661886644 -3.06853457268261 
-14.4 2.49380971361825 -3.50427463771293 -6.34540838106589 -6.49023049941217 -9.03519790696092 -11.5861755294144 -3.86968845790955 -11.3171770602762 -18.9017101234417 -26.5096910357645 -37.4676089220234 -8.78366060778542 -13.4811693268695 -20.8158223205897 -21.4375782400014 -22.2946308108851 -23.2023460358718 -26.6223198194839 -30.0462207095033 -6.60001318758834 -13.6072022796421 -12.292181787663 -4.39363082520237 -3.12264142100779 -7.55521170231864 -3.90327774958241 -4.0947531267029 -14.0056422661992 -3.16385613056174 
-14.2 2.47849305266209 -3.55573635870092 -6.2939466600779 -6.4873049218309 -9.08373405036764 -11.6861733938091 -3.8755388304907 -11.2715657118694 -18.8046370540469 -26.3611562453816 -37.2676124106526 -8.78658404829418 -13.4326310463903 -20.7158223191225 -21.431731354583 -22.3402456464546 -23.2994225924294 -26.7708580970295 -30.2462207080368 -6.60587489271982 -13.6645257057616 -12.2465817718065 -4.44802867520779 -3.12557755002522 -7.50668611034847 -3.86352810777428 -4.10646520588276 -14.068816066367 -3.27566163913674 
-14 2.46302783295323 -3.60769721517957 -6.24198580359925 -6.48338113084917 -9.13177111586456 -11.7861713157846 -3.88338537923344 -11.2274514041334 -18.7085618898323 -26.2131202246884 -37.0676155334807 -8.79050575951831 -13.3845919011357 -20.6158223173894 -21.4238879269344 -22.3843630752847 -23.3955008777381 -26.9188972388168 -30.4462207063029 -6.61289965985284 -13.7235113293733 -12.2016456824608 -4.50309050957092 -3.1286785279097 -7.45782623175391 -3.82643856890456 -4.1213365234917 -14.1356482404546 -3.41325512370894 
-13.8 2.44742209083415 -3.66013020622384 -6.18955281255498 -6.47851312680697 -9.17933610286664 -11.886169293831 -3.8931201311328 -11.1847531649885 -18.6134306596431 -26.065556003455 -36.867618321203 -8.79537173963883 -13.337024890212 -20.5158223154213 -21.41415596079 -22.4270641001846 -23.4906348936823 -27.0664642458053 -30.6462207043356 -6.62101405201939 -13.7840587125841 -12.1573270835831 -4.55876989070758 -3.13192491800209 -7.40863963080241 -3.79185472389424 -4.13918566952565 -14.2059303775328 -3.59684717764554 
-13.6 2.43168282842453 -3.71301180574473 -6.13667121303409 -6.47274796118213 -9.22645253676268 -11.9861673272479 -3.90464901067888 -11.1434004450137 -18.5191963401474 -25.9184400844384 -36.6676208026656 -8.8011349365078 -13.2899064875601 -20.4158223132485 -21.4026295605329 -22.4684192994484 -23.5848716924669 -27.2135826441108 -30.846220702162 -6.63015026307747 -13.846076523163 -12.1135816951203 -4.61502253783452 -3.13529596560814 -7.35912907888719 -3.75963821715032 -4.15985076230262 -14.2794770698307 -3.8863986003126 
-13.4 2.41581628501444 -3.76632105064808 -6.08336196813074 -6.46612756021058 -9.27314138069448 -12.0861654160831 -3.917888192469 -11.1033303819005 -18.4258170321308 -25.7717515315185 -36.4676230048423 -8.80775342396594 -13.2432157301149 -20.3158223109 -21.3893925785716 -22.5084915623905 -23.6782532003124 -27.3602733968596 -31.0462206998141 -6.64024453985916 -13.9094800448481 -12.0703667269987 -4.67180566089659 -3.13876984376685 -7.30929371214294 -3.72966243316735 -4.183184223223 -14.3561197756544 -4.79496713315769 
-13.2 2.39982815064286 -3.8200388232425 -6.02964419553632 -6.45869015996365 -9.31942175304197 -12.186163561025 -3.93276123091177 -11.0644856477488 -18.3332545253848 -25.625471252178 -36.2676249529074 -8.81518896665834 -13.1969335002128 -20.2158223084035 -21.3745214856967 -22.54733824211 -23.7708176526263 -27.506555621768 -31.2462206973169 -6.65123605256308 -13.9741893301464 -12.0276404671082 -4.72907754844444 -3.14232395872029 -7.25913005450158 -3.70180921421608 -4.20904877686614 -14.435702101892 -4.04939690116872 
-13 2.38372373140737 -3.87414729582295 -5.97553572295588 -6.45047141703674 -9.36531148269551 -12.286161763259 -3.94919683864054 -11.0268127828972 -18.2414731879527 -25.4795814421654 -36.0676266703144 -8.82340590920156 -13.1510419701756 -20.1158223057859 -21.358087592758 -22.5850128217517 -23.8626007048485 -27.6524471465706 -31.4462206947 -6.66306615706749 -14.0401279072313 -11.9853620990321 -4.78679738522006 -3.14593532291546 -7.20863294611669 -3.67596645648649 -4.237314491717 -14.5180762893233 -3.72916972472966 
-12.8 2.36750807535282 -3.92862950770354 -5.92105351107528 -6.44150525432555 -9.41082753186491 -12.386160024309 -3.96712719476702 -10.9902609271431 -18.150439120318 -25.3340651626501 -35.8676281789185 -8.83237033024913 -13.1055241793426 -20.0158223030722 -21.3401587425212 -22.6215661833955 -23.9536362783729 -27.7979649319756 -31.6462206919856 -6.6756779498147 -14.1072219118591 -11.9434916798987 -4.84492522985031 -3.14958095566512 -7.15779636698537 -3.65202639619322 -4.26785664330432 -14.6031006527912 -3.55834250446073 
-12.6 2.35118606533433 -3.98346905321144 -5.86621396556739 -6.43182448487312 -9.45598630792037 -12.4861583458723 -3.98648669695329 -10.9547808838214 -18.0601195314884 -25.1889060283127 -35.6676294990731 -8.84204941847909 -13.0603637220647 -19.9158223002864 -21.3208005577045 -22.6570475440867 -24.043957184572 -27.9431253836826 -31.8462206892005 -6.68901606676589 -14.1753995743182 -11.901990251342 -4.90342212564281 -3.15323830594972 -7.10661417176245 -3.62988447260862 -4.30055426522762 -14.6906378202224 -3.44430424988085 
-12.4 2.33476248495572 -4.03864986014365 -5.81103315863517 -6.4214612548 -9.50080388477947 -12.5861567296636 -4.0072110753564 -10.9203244552923 -17.9704822960271 -25.0440879859192 -35.4676306497474 -8.85241102950753 -13.0155445261609 -19.8158222974504 -21.3000773271389 -22.6915051204533 -24.1335955678707 -28.0879445739136 -32.0462206863637 -6.70302664976301 -14.2445909642475 -11.8608200274069 -4.96225028833503 -3.15688566170972 -7.05508072058986 -3.60943862991264 -4.33528922946386 -14.7805535913909 -3.3604080926311 
-12.2 2.31824206230158 -4.09415604283349 -5.75552697594533 -6.41044733702826 -9.54529614969757 -12.6861551772716 -4.02923680497426 -10.8868440022203 -17.8814956602653 -24.8995951674675 -35.2676316486059 -8.86342339202134 -12.9710507059849 -19.7158222945846 -21.2780525935144 -22.7249865695186 -24.2225831996259 -28.2324383883586 -32.2462206834985 -6.71765744118419 -14.3147279383585 -11.8199446361383 -5.02137334754019 -3.16050253822505 -7.00319141441572 -3.59058897112772 -4.37194575336877 -14.8727162979856 -3.29520981567749 
-12 2.30162949597434 -4.14997181467004 -5.69971120410878 -6.39881430611975 -9.58947889062561 -12.7861536900362 -4.05250075581583 -10.8542921812254 -17.7931280674338 -24.7554118027994 -35.0676325121013 -8.87505493281712 -12.9268664749441 -19.6158222917072 -21.2547895032901 -22.7575392511309 -24.3109516530747 -28.3766226136439 -32.4462206806204 -6.7328579560445 -14.3857442250554 -11.779329379162 -5.08075660620587 -3.16407002505418 -6.95094312940792 -3.57323766787038 -4.41041022194799 -14.9669965384014 -3.24272917558375 
-11.8 2.28492946747429 -4.20608144650306 -5.64360157227577 -6.38659362137029 -9.63336783770916 -12.8861522689527 -4.0769400265811 -10.8226218201576 -17.705348074533 -24.6115221780656 -34.8676332555345 -8.88727419361086 -12.8829761039048 -19.5158222888349 -21.2303509730864 -22.7892103527603 -24.3987323865371 -28.5205129789393 -32.6462206777489 -6.74857968382324 -14.4575755846671 -11.7389414751078 -5.14036728394046 -3.16757107095576 -6.89833454347687 -3.55728903745369 -4.4505712233643 -15.0632671716507 -3.19944138967799 
-11.6 2.26814664297126 -4.26246926069031 -5.58721375808852 -6.37381663864122 -9.67697866916734 -12.9861509145981 -4.10249192092203 -10.7917859003113 -17.6181243404994 -24.4679106298448 -34.6676338931264 -8.90004981913251 -12.8393639152392 -19.4158222859821 -21.2047997134848 -22.8200469073458 -24.4859567553099 -28.6641251618994 -32.8462206748962 -6.76477630828372 -14.5301600233149 -11.698750285381 -5.2001747427116 -3.17099071554002 -6.8453663738735 -3.54264974492051 -4.49231974501837 -15.161403507492 -3.16308995650533 
-11.4 2.25128566780404 -4.31911964957888 -5.53056336919995 -6.36051457335037 -9.72032699276506 -13.0861496270844 -4.12909402141776 -10.7617376119185 -17.531425663218 -24.3245615636748 -34.4676344380679 -8.91335059408934 -12.7960143013075 -19.3158222831618 -21.1781981551101 -22.8500957378598 -24.5726559747124 -28.8074747701905 -33.0462206720758 -6.78140390069557 -14.6034380046153 -11.6587274889043 -5.26015066154149 -3.17431624548096 -6.79204151492625 -3.52922905175984 -4.53554944074628 -15.2612835921085 -3.13213957615815 
-11.2 2.2343511559302 -4.37601711095207 -5.47366590782675 -6.34671842955332 -9.76342831034121 -13.1861484060338 -4.15668433141816 -10.7324304605457 -17.445221050472 -24.1814594895557 -34.2676349025755 -8.92714551405866 -12.7529117599036 -19.2158222803847 -21.1506083068403 -22.8794033509631 -24.658861049189 -28.9505773060402 -33.2462206692987 -6.7984210911534 -14.6773526564463 -11.6188472179889 -5.32026917235255 -3.17753729491921 -6.73836510299092 -3.51693909362195 -4.58015694398158 -15.362788556717 -3.10549514130643 
-11 2.21734767671296 -4.43314629242361 -5.41653672635521 -6.33245891115191 -9.80629797341134 -13.2861472505755 -4.18520145267607 -10.703818400332 -17.3594798087869 -24.0385890663989 -34.0676352979472 -8.9414038742771 -12.7100409386505 -19.1158222776601 -21.1220915782294 -22.9080158038238 -24.7446026835212 -29.093448121844 -33.446220666574 -6.8157891859184 -14.7518499326829 -11.5790861312824 -5.38050693291233 -3.18064587400707 -6.68434450060762 -3.50569513089798 -4.62604216272915 -15.4658029569361 -3.08234523224986 
-10.8 2.20027974057666 -4.49049203963321 -5.35919097914561 -6.31776632551409 -9.84895113498311 -13.3861461593568 -4.21458477818449 -10.6758559786309 -17.2741716398761 -23.8959351502786 -33.8676356346172 -8.95609536603166 -12.6673866831954 -19.0158222749954 -21.0927085867264 -22.9359785595303 -24.8299111864373 -29.2361023719697 -33.6462206639094 -6.83347224799293 -14.826878741967 -11.5394234461473 -5.44084315922328 -3.1836363531088 -6.62998923249937 -3.49541577393597 -4.67310855297674 -15.5702150943933 -3.06206931210623 
-10.6 2.18315178505873 -4.54803944310983 -5.301643575669 -6.30267048977321 -9.89140270271885 -13.4861451305692 -4.24477467969067 -10.6484984766604 -17.189266734429 -23.7534828413549 -33.667635922217 -8.97119017038635 -12.6249340840735 -18.9158222723969 -21.0625189702213 -22.9633363465019 -24.9148163768855 -29.3785549658945 -33.8462206613108 -6.85143712293575 -14.9023910203864 -11.4998409176135 -5.50125960450039 -3.18650539490891 -6.57531087082325 -3.48602314950691 -4.7212633320243 -15.6759172769175 -3.04417983817655 
-10.4 2.16596816230958 -4.60577388027014 -5.24390913850868 -6.28720064686362 -9.93366729696958 -13.5861441619802 -4.27571267575385 -10.6217020355633 -17.1047358561716 -23.6112175259371 -33.4676361696389 -8.98665904217932 -12.5826685187062 -18.8158222698692 -21.0315812190524 -22.9901330324933 -24.9993475000372 -29.5208205262065 -34.0462206587831 -6.86965342634581 -14.9783417609568 -11.4603227838632 -5.56174050468885 -3.18925185793744 -6.52032289669109 -3.4774430143475 -4.77041763402521 -15.7828060160787 -3.02828461135021 
-10.2 2.14873312885902 -4.66368104980207 -5.18600196897675 -6.2713853967936 -9.97575921643149 -13.6861432509741 -4.30734156935049 -10.595423759628 -17.0205504107044 -23.469124910938 -33.2676363851078 -9.00247337878995 -12.5405756857849 -18.715822267416 -20.9999525384714 -23.0164115214442 -25.0835331585201 -29.6629133542214 -34.2462206563299 -6.88809348519157 -15.0546889893345 -11.4208556731771 -5.62227248544976 -3.19187666916604 -6.46504053838813 -3.46960479971121 -4.82048658892084 -15.8907821405063 -3.01406139817772 
-10 2.13145083820564 -4.72174699656314 -5.12793602221568 -6.25525264688765 -10.0176924132866 -13.7861423945902 -4.33960554754135 -10.5696217910578 -16.9366824953731 -23.3271910488456 -33.0676365762544 -9.01860526993585 -12.4986416301697 -18.6158222650398 -20.9676887490508 -23.0422136787847 -25.1674012626217 -29.804847405084 -34.4462206539536 -6.90673225488987 -15.1313937057939 -11.3814284961143 -5.68284445437942 -3.19438269133502 -6.40948061379566 -3.46244160321556 -4.87138933918626 -15.9997508375328 -3.00124028776256 
-9.80000000000004 2.11412533670955 -4.77995812538036 -5.06972489339846 -6.23882958422797 -10.0594804794441 -13.886141589565 -4.3724502367529 -10.5442553514521 -16.8531049269502 -23.1854023516055 -32.8676367501971 -9.03502752527261 -12.4568527566893 -18.5158222627421 -20.9348442314843 -23.0675802900354 -25.2509790026895 -29.9466362739691 -34.6462206516559 -6.92554720118225 -15.2084197809035 -11.3420323135895 -5.74344746912704 -3.19677457726503 -6.35366137090884 -3.45589011219996 -4.92304897698788 -16.1096216041516 -2.98959106734296 
-9.60000000000004 2.0967605628648 -4.83830120349482 -5.01138181528401 -6.22214267080037 -10.101136644131 -13.9861408323663 -4.40582271263849 -10.5192847492232 -16.7697912466069 -23.0437455931478 -32.6676369136248 -9.05171367928324 -12.4151958325854 -18.4158222605238 -20.9014719168081 -23.0925510534737 -25.3342928442423 -30.0882931936363 -34.8462206494376 -6.94451817340633 -15.285733831242 -11.3026602076991 -5.80407460825626 -3.19905863828018 -6.29760235380915 -3.44989048441345 -4.97539242731583 -16.220308132594 -2.97891396883687 
-9.40000000000004 2.07936035026432 -4.89676335059988 -4.95291966817894 -6.20521766344953 -10.1426737838852 -14.0861401192256 -4.43967146032055 -10.4946713498002 -16.6867157000788 -22.9022078995146 -32.4676370728866 -9.06863797135464 -12.3736579775518 -18.3158222583851 -20.8676233262491 -23.1171646100197 -25.4173685478934 -30.2298310443925 -35.0462206472988 -6.96362726055696 -15.3633050654977 -11.2633071477447 -5.86472083729986 -3.20124272021833 -6.24132428864261 -3.44438617427983 -5.02835026428727 -16.3317281166705 -2.96903270584177 
-9.20000000000004 2.06192843417011 -4.95533201676635 -4.89435100201247 -6.1880796580539 -10.1841044446561 -14.1861394461629 -4.47394628618408 -10.4703775094973 -16.6038531936094 -22.7607767268787 -32.2676372340843 -9.08577530162796 -12.3322266416586 -18.2158222563255 -20.8333486595236 -23.1414586094607 -25.5002312135008 -30.3712623761664 -35.2462206452392 -6.98285864265383 -15.441105113761 -11.2239698636751 -5.9253828822272 -3.20333609897958 -6.18484900123701 -3.43932371813338 -5.08185647430729 -16.443802992857 -2.95978912217686 
-9.00000000000004 2.04446846167048 -5.0139949483156 -4.83568807046322 -6.17075315779726 -10.2254408759487 -14.2861388090048 -4.50859818146606 -10.44636647323 -16.5211792257929 -22.619439827513 -32.0676374031693 -9.10310116274509 -12.2908895712265 -18.1158222543441 -20.7986969313452 -23.1654698128315 -25.5829053484209 -30.5125994426357 -35.4462206432578 -7.00219844210899 -15.5191078447654 -11.184646731581 -5.98605911495634 -3.20534940015909 -6.12819937086766 -3.43465248330266 -5.13584817102581 -16.5564576211248 -2.951038991777 
-8.80000000000004 2.02698400539884 -5.07274014172641 -4.77694287705242 -6.15326216536366 -10.2666950769259 -14.3861382033928 -4.54357913798182 -10.422602236335 -16.438669795487 -22.4781852037963 -31.8676375860418 -9.12059154766233 -12.2496347627329 -18.0158222524397 -20.7637161557975 -23.1892342306947 -25.6654149596949 -30.6538542473205 -35.6462206413533 -7.02163458369941 -15.5972891797667 -11.1453376797606 -6.04674945942836 -3.20729455122069 -6.07139932851806 -3.43032438990242 -5.19026527103639 -16.6696199145461 -2.94264866037186 
-8.60000000000004 2.00947858070504 -5.13155578594204 -4.71812723283678 -6.13563029832565 -10.3078788541035 -14.486137624786 -4.57884191745919 -10.3990493715967 -16.3563012865331 -22.3370010506268 -31.6676377886566 -9.13822283426462 -12.2084504051196 -17.9158222506107 -20.728453577106 -23.2127872962188 -25.7477836694346 -30.7950386012758 -35.8462206395243 -7.0411566561041 -15.675626896387 -11.1060441079496 -6.10745531083966 -3.20918475841596 -6.01447389149809 -3.42629359939783 -5.24505012474743 -16.7832204124728 -2.93449231373242 
-8.40000000000004 1.99195566618437 -5.19043019339547 -4.65925282538335 -6.11788092708467 -10.349003890316 -14.5861370684519 -4.61433977574607 -10.3756728224302 -16.2740503299131 -22.1958756865534 -31.4676380171298 -9.15597164741611 -12.1673248108176 -17.8158222488554 -20.6929559455369 -23.2361640721031 -25.8300348527724 -30.936164192067 -36.0462206377689 -7.0607557945627 -15.754100442299 -11.0667688389548 -6.16817948726609 -3.21103452738935 -5.95744925301766 -3.42251619044526 -5.3001471232483 -16.8971918184271 -2.92644974179604 
-8.20000000000005 1.97441872751006 -5.24935171993602 -4.60033129884281 -6.10003733500198 -10.3900818247738 -14.6861365294503 -4.65002614263147 -10.352437662775 -16.1918936437175 -22.0547974738171 -31.267638277853 -9.17381469881343 -12.1262463356744 -17.7158222471716 -20.6572698376909 -23.2593994907977 -25.9121917980075 -31.0772426638427 -36.2462206360851 -7.0804245713568 -15.8326907456337 -11.0275160892084 -6.22892620020183 -3.21285971378416 -5.90035291287231 -3.418949809268 -5.35550226861157 -17.0114684903309 -2.91840449241427 
-8.00000000000005 1.95687124447431 -5.30830867397525 -4.54137434480358 -6.0821229000815 -10.4311243438926 -14.7861360026083 -4.68585425854849 -10.3293088246528 -16.109807851556 -21.9137547276165 -31.0676385776131 -9.19172860527759 -12.0852032880993 -17.6158222455573 -20.6214420199196 -23.2825286270656 -25.9942778883147 -31.2182857081891 -36.4462206344708 -7.10015690584816 -15.9113800341642 -10.9882914696605 -6.28970105542624 -3.21467761496973 -5.84321386001827 -3.41555330725146 -5.41106272063427 -17.1259858963929 -2.91024236395942 
-7.80000000000005 1.9393167411763 -5.36728921505994 -4.48239380371888 -6.06416129778852 -10.4721432826843 -14.8861354824847 -4.72177676899033 -10.30625079401 -16.0277692798285 -21.7727356148042 -30.8676389237162 -9.20968968589972 -12.0441838276368 -17.51582224401 -20.5855198540337 -23.3055870022644 -26.0763168045982 -31.3593051655573 -36.6462206329237 -7.11994799876754 -15.9901516681683 -10.9491020214952 -6.35051108868462 -3.21650710714303 -5.78606281110687 -3.41228637107506 -5.46677632554257 -17.2406800423859 -2.90185020745393 
-7.60000000000005 1.92175881937146 -5.42628124182319 -4.42340177695563 -6.04617672510508 -10.5131507367641 -14.9861349633278 -4.75774527644942 -10.2832272747058 -15.945753733761 -21.6317280419735 -30.6676393241222 -9.22767373794407 -12.0031758529179 -17.4158222425279 -20.5495517454993 -23.3286109204933 -26.1583327495903 -31.5003131373126 -36.8462206314423 -7.13979427980217 -16.0689899759662 -10.9099562757666 -6.41136482528122 -3.21836881697638 -5.72893249417735 -3.40910913428769 -5.52259111551845 -17.355486859125 -2.89311501219945 
-7.40000000000005 1.90420119483315 -5.48527226981478 -4.36441074896404 -6.02819414481599 -10.5541591844666 -15.0861344390219 -4.79370985188186 -10.2602008221467 -15.8637362532103 -21.4907195334312 -30.4676397875883 -9.24565579250767 -11.9621668794899 -17.3158222411083 -20.5135876321126 -23.3516378350981 -26.2403506921867 -31.6413221079007 -37.0462206300219 -7.15969339273257 -16.1478801168882 -10.8708643607054 -6.4722723873337 -3.22028535103727 -5.67185800024627 -3.40598179607854 -5.57845480530088 -17.470341576899 -2.88392330302568 
-7.20000000000005 1.88664773680648 -5.54424929894198 -4.30543371983685 -6.01023955056655 -10.5951816193443 -15.1861339030268 -4.82961850461523 -10.2371324457528 -15.7816908476893 -21.349697098783 -30.2676403238129 -9.26360984940269 -11.9211439072577 -17.2158222397489 -20.4776795142452 -23.3747067463579 -26.3223966325737 -31.7823450774148 -37.2462206286633 -7.17964419856161 -16.2268079518444 -10.8318381374072 -6.53324562939988 -3.22228156397625 -5.61487718405845 -3.40286422687313 -5.63431426522267 -17.585178065948 -2.87416083868735 
-7.00000000000005 1.86910251038353 -5.60319867109518 -4.24648434768364 -5.99234025154138 -10.6362316924724 -15.2861333483081 -4.86541661302433 -10.2139811820087 -15.699590211792 -21.2086470907325 -30.0676409436092 -9.28150859240755 -11.8800932781094 -17.1158222384474 -20.44188202433 -23.397858628596 -26.404497886965 -31.9233957039593 -37.4462206273609 -7.19964681541069 -16.3057599408467 -10.7928913821031 -6.59429832067855 -3.22438488310172 -5.55803113103033 -3.39971558127966 -5.6901149917824 -17.6999281646609 -2.86371265303626 
-6.80000000000005 1.85156982177432 -5.66210591804403 -4.18757710073479 -5.97452517659304 -10.6773238644729 -15.3861327672574 -4.90104631627589 -10.1907036383114 -15.6174054211458 -21.0675550531375 -29.8676416590654 -9.29932308505918 -11.8390005238121 -17.0158222372013 -20.4062530352893 -23.4211368865041 -26.4866833918219 -32.0644884557651 -37.6462206261156 -7.21970269752966 -16.3847230699145 -10.7540400172732 -6.65544637604412 -3.22662569151844 -5.50136469249858 -3.39649392094743 -5.74580057839902 -17.8145209982264 -2.85246345862239 
-6.60000000000004 1.83405426628087 -5.72095560025175 -4.12872741852708 -5.95682519652633 -10.7184735666139 -15.4861321516061 -4.93644586978345 -10.1672535096113 -15.535105610238 -20.9264055600219 -29.6676424837421 -9.31702244828164 -11.7978502048269 -16.9158222360083 -20.3708543052647 -23.4445878386872 -26.5689840262127 -32.2056387723636 -37.8462206249218 -7.23981475576744 -16.46368481036 -10.7153023933033 -6.71670813761588 -3.22903777088248 -5.44492708965452 -3.39315585167803 -5.80131219133733 -17.9288822933724 -2.84029843552625 
-6.40000000000004 1.81656077873413 -5.77973113741446 -4.06995188136437 -5.93927346292466 -10.7596973701749 -15.5861314923299 -4.9715489675494 -10.1435810702145 -15.4526576336785 -20.7851820462997 -29.4676434328572 -9.33457352146487 -11.7566257408474 -16.8158222348662 -20.3357521554724 -23.4682612260576 -26.6514329507458 -32.3468632340595 -38.0462206237804 -7.25998752967286 -16.5426331214282 -10.676699630046 -6.77810471622454 -3.23165881232844 -5.38877259393815 -3.3896561873289 -5.85658806415091 -18.0429337033487 -2.82710442315799 
-6.20000000000004 1.79909468615369 -5.83841463153223 -4.0112683872466 -5.92190576190484 -10.8010131632729 -15.6861307795456 -5.00628403466923 -10.1196326432166 -15.3700257125628 -20.6438666310663 -29.2676445235059 -9.35194050860669 -11.7153092338715 -16.7158222337724 -20.3010181779068 -23.4922107426097 -26.7340659614158 -32.4881797388472 -38.2462206226858 -7.28022742295996 -16.621556508833 -10.6382560292153 -6.83966040370333 -3.23453100568945 -5.33296129318101 -3.38594765471178 -5.91156302565157 -18.1565921589671 -2.81277151354159 
-6.00000000000004 1.78166176213927 -5.89698668416192 -3.95269633461691 -5.9047608795029 -10.8424403335006 -15.7861300024031 -5.04057349654999 -10.0953500524676 -15.2871710691842 -20.502439935058 -29.0676457748679 -9.36908461281853 -11.6738812854536 -16.6158222327249 -20.2667299663412 -23.5164945836739 -26.8169218551096 -32.6296076851707 -38.446220621639 -7.30054300859582 -16.7004441470986 -10.5999995622215 -6.90140316061449 -3.23770170997092 -5.27755994483317 -3.38198065064626 -5.96616807421574 -18.269769260161 -2.79719502375284 
-5.80000000000004 1.76426828258991 -5.95542620920861 -3.89425680957021 -5.88788097597575 -10.8839999550202 -15.8861291489693 -5.07433303031337 -10.0706700611843 -15.2040515528542 -20.3608808936813 -28.8676472084445 -9.38596366190829 -11.6323208094967 -16.5158222317213 -20.23297186515 -23.5411760075294 -26.9000428040118 -32.7711681591196 -38.6462206206346 -7.32094542776167 -16.7792860913111 -10.5619624563406 -6.96336520230351 -3.24122422661325 -5.22264293642843 -3.37770307953243 -6.0203300281486 -18.3823707391406 -2.7802778030899 
-5.60000000000004 1.74692108220552 -6.01371024308907 -3.83597277568976 -5.87131196535741 -10.9257149782823 -15.9861282061119 -5.10747080566965 -10.0455238026602 -15.1206212604495 -20.2191665673962 -28.667648848279 -9.40253172870725 -11.5906048424152 -16.4158222307593 -20.1998357286669 -23.5663239049268 -26.9834747352896 -32.9128841242779 -38.8462206196734 -7.34144888816306 -16.858073585593 -10.5241818828616 -7.025583686929 -3.24515867735828 -5.16829335329338 -3.37306028237161 -6.07397126486824 -18.4942960097407 -2.76193278361163 
-5.40000000000004 1.72962761121744 -6.07181375412517 -3.77786926465366 -5.85510389655411 -10.9676104205151 -16.0861271593808 -5.13988672273469 -10.0198362086891 -15.0368301554424 -20.0772719513529 -28.4676507211996 -9.41873874985691 -11.5487083525287 -16.3158222298368 -20.1674216835992 -23.5920133708951 -27.0672677122941 -33.0547806123185 -39.0462206187501 -7.36207129141572 -16.9367994998817 -10.4867007750781 -7.08810153333699 -3.24957301273017 -5.11460417762879 -3.36799509257576 -6.12700958610849 -18.605437842017 -2.74208567103118 
-5.20000000000004 1.71239599200999 -6.12970945230398 -3.71997356647484 -5.83931133370954 -11.0097135558493 -16.1861259928938 -5.17147165128346 -9.99352543905905 -14.9526236876335 -19.9351697853652 -28.2676528570331 -9.43453014532919 -11.5066040498222 -16.2158222289514 -20.1358388899994 -23.6183262754741 -27.1514763150519 -33.196884913255 -39.2462206178654 -7.38283500984619 -17.015458916491 -10.4495687953298 -7.15096838798706 -3.25454416920143 -5.06167963592162 -3.36244804226154 -6.17935823397308 -18.7156821880604 -2.72067762816289 
-5.00000000000004 1.6952350755746 -6.18736759960017 -3.66231541917865 -5.82399373545158 -11.0520541048876 -16.2861246892282 -5.20210667225903 -9.96650231273844 -14.8679424140167 -19.7928303644522 -28.067655288824 -9.44984643907116 -11.464262196268 -16.115822228101 -20.1052062999634 -23.6453518327343 -27.2361600196083 -33.3392267651076 -39.4462206170142 -7.40376785025664 -17.0940499041976 -10.412843488444 -7.21424177828616 -3.26015941220434 -5.00963673162796 -3.35635775720179 -6.23092609620952 -18.824908197593 -2.69766779789494 
-4.80000000000004 1.67815449811678 -6.24475581978496 -3.60492719899386 -5.80921583518213 -11.0946644248029 -16.3861232293284 -5.23166231718032 -9.93866973747493 -14.7827216185684 -19.6502213488191 -27.8676580530061 -9.46462287862301 -11.421650415635 -16.0158222272833 -20.0756534184072 -23.6731871713629 -27.3213835784217 -33.4818385441058 -39.6462206161972 -7.42490422421062 -17.1725744983364 -10.3765916422132 -7.27798847297323 -3.26651788670662 -4.95860698594582 -3.34966155671002 -6.28161811590254 -18.9329884374709 -2.67303549150643 
-4.60000000000004 1.6611647393438 -6.30183890258812 -3.54784411619071 -5.79504803268002 -11.1375797051039 -16.4861215924326 -5.25999778494147 -9.90992212243293 -14.6968909207232 -19.5073075681708 -27.6676611895546 -9.47878904344194 -11.3787334976508 -15.9158222264959 -20.0473210864064 -23.7019379221653 -27.4072174120272 -33.6247554605145 -39.8462206154091 -7.44628658272839 -17.2510399396574 -10.3408909179279 -7.34228611257943 -3.27373244350967 -4.90873845994534 -3.34229630097318 -6.33133594296885 -19.0397893473403 -2.64678189798289 
-4.40000000000004 1.64427718487059 -6.35857859402331 -3.49110442475551 -5.78156681340943 -11.1808381772686 -16.5861197560324 -5.28696010318222 -9.88014474923848 -14.6103738560936 -19.364050812106 -27.4676647420546 -9.49226842555298 -11.3354731883267 -15.8158222257365 -20.020362319907 -23.7317188471011 -27.4937380283982 -33.7680157683207 -40.0462206146504 -7.4679671521587 -17.3294602005229 -10.305831795923 -7.40722515493373 -3.28193179442877 -4.86019811942962 -3.33419949796841 -6.37997883139928 -19.1451719272059 -2.61893118915542 
-4.20000000000004 1.62750419744407 -6.41493335708487 -3.43474966169395 -5.76885522712753 -11.2244813540482 -16.6861176958736 -5.31238317108167 -9.84921305407637 -14.5230873978699 -19.2204095908208 -27.2676687577078 -9.50497795094217 -11.2918279506543 -15.7158222250026 -19.994943266927 -23.7626545571826 -27.5810285015413 -33.9116610045254 -40.2462206139167 -7.49001004084969 -17.4078578522754 -10.2715199215524 -7.47291122113792 -3.29126309757178 -4.81317465951069 -3.32531069223103 -6.42744478872346 -19.2489926475917 -2.58953095008405 
-4.00000000000004 1.61085920381811 -6.47085807986079 -3.37882493891803 -5.75700347171826 -11.2685543214149 -16.7861153860162 -5.33608659168583 -9.81699175190461 -14.4349413729223 -19.0763388430972 -27.0676732872083 -9.51682739578343 -11.2477526727196 -15.615822224292 -19.9712443751127 -23.7948803881443 -27.6691790552789 -34.0557362810388 -40.4462206132061 -7.5124937823301 -17.4862663165317 -10.2380789402569 -7.53946793069557 -3.30189508435313 -4.76788192351651 -3.31557313225027 -6.47363195151862 -19.3511045331628 -2.55865192168925 
-3.80000000000004 1.59435680789466 -6.52630369539519 -3.32337932338363 -5.74610965360555 -11.3131061188366 -16.8861127989722 -5.35787415109133 -9.78333369577571 -14.345837701259 -18.9317895558995 -26.8676783844762 -9.52771862616227 -11.2031982875641 -15.5158222236021 -19.9494619122851 -23.8285435408511 -27.7582878235201 -34.2002906648144 -40.6462206125161 -7.53551442295513 -17.5647325726912 -10.2056539653475 -7.60704036943226 -3.3140219075558 -4.72456313118439 -3.30493571743637 -6.51844015223912 -19.4513583494177 -2.52638711605188 
-3.60000000000004 1.57801294467208 -6.5812166644446 -3.26846635433422 -5.73628082248147 -11.3581902567619 -16.986109905947 -5.37753174900034 -9.74807832463532 -14.2556693610692 -18.7867082466602 -26.6676841061875 -9.53754456358912 -11.1581112559415 -15.4158222229301 -19.9298100354155 -23.8638046330308 -27.8484618847492 -34.345377695093 -40.8462206118441 -7.55918927448725 -17.6433203932727 -10.1744158478302 -7.67579935956169 -3.32786792863544 -4.683496183215 -3.29335519850007 -6.56177260235224 -19.5496037685802 -2.49285042712342 
-3.40000000000004 1.56184509564628 -6.63553825176206 -3.21414476701676 -5.72763441911413 -11.403865440712 -17.0861066772146 -5.39482450311865 -9.71104949143617 -14.1643189405525 -18.6410362388262 -26.467690511036 -9.54618773756736 -11.1124328426023 -15.3158222222734 -19.912523685489 -23.9008398704218 -27.9398187094576 -34.4910561071189 -41.0462206111874 -7.58366152248777 -17.7221142285907 -10.1445665085133 -7.74594679216902 -3.34369377392569 -4.64500044118742 -3.28079861395813 -6.60353760512775 -19.6456903586732 -2.45817492744176 
-3.20000000000004 1.54587259293476 -6.68920350428497 -3.16047951449385 -5.72030031953181 -11.4501965936526 -17.1861030826781 -5.40949266081868 -9.67205239661328 -14.0716565932067 -18.4947086389575 -26.2676976586444 -9.55351824196902 -11.0660980944811 -15.2158222216293 -19.8978626747531 -23.9398441122088 -28.0324882037676 -34.6373908539518 -41.2462206105432 -7.60910592598421 -17.80122388461 -10.1163456594868 -7.81772234925022 -3.3618040784836 -4.6094454932228 -3.26724592327586 -6.64365016696839 -19.7394681730367 -2.42251108301824 
-3.00000000000004 1.53011704966048 -6.74213980510902 -3.10754321366981 -5.71442372787562 -11.4972563028205 -17.28609909267 -5.4212458134729 -9.63086924844346 -13.9775371442129 -18.3476528891396 -26.0677056080024 -9.55939084298264 -11.0190343946706 -15.1158222209948 -19.8861174708224 -23.9810352091022 -28.126615601485 -34.7844545524932 -41.4462206099087 -7.63573598155952 -17.8807902410094 -10.0900394142381 -7.89141211462787 -3.38255754303759 -4.57726265695235 -3.25269283131583 -6.68203337583241 -19.8307876827248 -2.38602516913575 
-2.80000000000004 1.51460296650839 -6.79426483554758 -3.05541818323124 -5.71016925340733 -11.5451268587907 -17.3860946790788 -5.42975474249287 -9.58725314702487 -13.8817960123557 -18.1997867268438 -25.8677144152682 -9.5636409032321 -10.9711594244815 -15.0158222203671 -19.8776173484405 -24.0246601171588 -28.2223655399802 -34.9323295214269 -41.646220609281 -7.66381306425429 -17.9609923541427 -10.0659914664943 -7.96735975392059 -3.40638015189136 -4.54896023536795 -3.23715381321969 -6.71861938817483 -19.9194987255058 -2.34889819889301 
-2.60000000000004 1.4993585819102 -6.84548371863647 -3.00419930014236 -5.70772662507219 -11.5939031135445 -17.4860898169214 -5.43463999028852 -9.54091951173162 -13.7842434939736 -18.0510153253728 -25.6677241307083 -9.56607866878616 -10.9223783069467 -14.9158222197434 -19.8727418154612 -24.0710034672684 -28.3199277731787 -35.0811106377143 -41.8462206086572 -7.69365828062203 -18.0420564535993 -10.0446177997731 -8.0459812256658 -3.43378274054806 -4.52514394093538 -3.22066539491791 -6.75334985296193 -20.0054480733817 -2.31132570523223 
-2.40000000000004 1.48441705733785 -6.89568503672259 -2.95399798205624 -5.70731865850551 -11.6436964650639 -17.586084486527 -5.4354559263839 -9.49153412974089 -13.6846567938967 -17.9012273072098 -25.4677347944592 -9.56648130433584 -10.8725796244103 -14.8158222191209 -19.8719365424941 -24.1203995123874 -28.4195251363838 -35.2309093190056 -42.0462206080346 -7.72566809548676 -18.1242675865502 -10.0264262965518 -8.12778439267255 -3.46538458946831 -4.50654447176989 -3.20328982841448 -6.78617560454463 -20.0884751430506 -2.27351876911886 
-2.20000000000004 1.46981812248123 -6.94473530390965 -2.90494771486917 -5.7092123141675 -11.694640387913 -17.6860786765631 -5.43166863133474 -9.43869656750467 -13.5827689644735 -17.7502892105995 -25.2677464306617 -9.56458183808593 -10.8216298909733 -14.7158222184968 -19.8757354731218 -24.1732487102022 -28.5214246013856 -35.3818590511945 -42.2462206074106 -7.76033524376153 -18.207985002012 -10.0120431776395 -8.21339546442041 -3.50194539402949 -4.49405500914363 -3.18511941507706 -6.81705545839427 -20.1684052640873 -2.23570675347442 
-2.00000000000004 1.45561034553248 -6.99247133823782 -2.857211680541 -5.71373395718204 -11.7468980652557 -17.786072388234 -5.42262537735329 -9.38191727919504 -13.4782536418357 -17.5980378536335 -25.0677590393676 -9.56005390611444 -10.7693659246736 -14.615822217869 -19.8847913351812 -24.2300406065898 -28.6259525321014 -35.5341230162384 -42.4462206067827 -7.79827697219869 -18.2936627647774 -10.0022488717484 -8.30359487082812 -3.54440876610865 -4.488782346895 -3.16628185583244 -6.84595393347782 -20.245039773499 -2.1981422911545 
-1.80000000000004 1.44185423895397 -7.03868982676157 -2.81099319201725 -5.72129023298717 -11.8006728295846 -17.8860656410866 -5.40751287748854 -9.32058629080654 -13.3707041649234 -17.4442698881975 -24.8677725854079 -9.5524908825285 -10.7155844125639 -14.5158222172356 -19.8999173804528 -24.2913851403851 -28.7335155544205 -35.6879045270812 -42.6462206061492 -7.84027329584552 -18.3818775769479 -9.99802670687153 -8.39936595943728 -3.59396136619445 -4.49211645845666 -3.14694719172422 -6.87283775789335 -20.3181420864383 -2.16110919377814 
-1.60000000000004 1.42862642939872 -7.08313331523224 -2.76654970354658 -5.73239609593563 -11.8562221810037 -17.9860584809764 -5.38530122922119 -9.25393115406852 -13.2596055397147 -17.2887277745182 -24.6677869832578 -9.54137785882983 -10.6600279003946 -14.4158222165955 -19.92214342593 -24.358054674333 -28.8446285768391 -35.8434610379705 -42.8462206055092 -7.88731826532452 -18.4733660348976 -10.0006281878799 -8.50196028097545 -3.65211219926155 -4.50582380305347 -3.12733702510523 -6.89767107974503 -20.3874188967606 -2.12493398983035 
-1.40000000000004 1.41602502602109 -7.12547217136628 -2.72421084741254 -5.7477108934481 -11.9138758346502 -18.086050990757 -5.35467174751356 -9.18096281622685 -13.144298345739 -17.1310817244084 -24.467802077014 -9.5260555704517 -10.6023667558824 -14.3158222159493 -19.9527880007476 -24.4310381052847 -28.9599508639248 -36.0011221811902 -43.0462206048629 -7.94068622800967 -18.5690728537168 -10.011657294431 -8.61298189795332 -3.72079496010577 -4.53216770776327 -3.10773665059492 -6.92040956136876 -20.4524962345184 -2.09000152755944 
-1.20000000000004 1.40417587182674 -7.16528358123157 -2.68439943754725 -5.76808038684422 -11.9740567379116 -18.1860433038837 -5.31393292551199 -9.10041258435999 -13.0239367040069 -16.970908672811 -24.2678176155513 -9.50567838953248 -10.5421781650979 -14.2158222152995 -19.9935423606366 -24.511603875039 -29.0803280435443 -36.1613107706751 -43.2462206042131 -8.00200978580292 -18.6702078213753 -10.0331694423589 -8.73448635965779 -3.80248801194457 -4.57404934973717 -3.08850997717113 -6.94099429781026 -20.5128923808252 -2.05677376905155 
-1.00000000000004 1.39323796716963 -7.20203332709777 -2.64764969168106 -5.79457321084722 -12.0372993077808 -18.2860356196191 -5.26094751971848 -9.01067743270029 -12.897451806481 -16.8076740294189 -24.067833226293 -9.47917788061743 -10.4789279103167 -14.1158222146521 -20.0465433765244 -24.6013546367929 -29.2068285511645 -36.3245610241614 -43.4462206035656 -8.07334942870562 -18.7782972101442 -10.0677593393954 -8.86906857307713 -3.9003204794981 -4.63513207142412 -3.07011446906158 -6.9593485355669 -20.567996364448 -2.02580680938507 
-0.800000000000041 1.38340285120648 -7.23507786565799 -2.61460515312083 -5.82847672843731 -12.1042473639311 -18.3860282143296 -5.19314084764021 -8.9098262220618 -12.7635560572822 -16.64073374166 -23.8678483999739 -9.44526695710392 -10.4119724482429 -14.0158222140181 -20.1143652216495 -24.7022210204783 -29.34073947341 -36.4915164849672 -43.6462206029316 -8.15719245214943 -18.8951847721483 -10.118557824279 -9.01985965330523 -4.01806702116559 -4.71983407453176 -3.05310628250086 -6.97538488756641 -20.6170772550078 -1.99775080864388 
-0.600000000000041 1.37487594501545 -7.2637270123976 -2.58595600638122 -5.87117165516759 -12.175591437401 -18.4860214345391 -5.10775155159646 -8.79578777927844 -12.6208684677593 -16.4693970053974 -23.6678625169717 -9.40256524998044 -10.3406215943798 -13.9158222134154 -20.1997686340893 -24.8162735796577 -29.4834411793291 -36.6628673376258 -43.8462206023299 -8.25623612087342 -19.0228775876119 -10.1889523462634 -9.19024739610182 -4.15980561722257 -4.83292352384914 -3.03811150904401 -6.98903926084917 -20.6593807750301 -1.97329736393542 
-0.400000000000041 1.36782107524778 -7.28743033393939 -2.56225268483943 -5.92375922420911 -12.2518823279843 -18.5860156466642 -5.00257728750895 -8.66691019364913 -12.4682875605882 -16.2931127766845 -23.467874966717 -9.34997189251818 -10.2643249153758 -13.8158222128696 -20.3049553473755 -24.9451636144856 -29.6360345356988 -36.8391640155374 -44.0462206017832 -8.37272591141289 -19.1630706996931 -10.2817388152611 -9.38302807777045 -4.32888297734941 -4.9782975624338 -3.02572371450002 -7.00035478784698 -20.6943996235697 -1.95301833615651 
-0.200000000000041 1.36226094141966 -7.30611156325805 -2.54357145552077 -5.98639224559196 -12.3331965786858 -18.6860111266844 -4.87731262932775 -8.52296430614927 -12.3056604437696 -16.1118044305473 -23.2678853912611 -9.28733435069475 -10.1830061442337 -13.7158222124088 -20.4302304296408 -25.0891199260696 -29.7986720766015 -37.0204827857587 -44.2462206013232 -8.50725553419457 -19.3162815517935 -10.3975872087241 -9.5988719517144 -4.52604562197469 -5.15677897774081 -3.0163074502426 -7.00961975290821 -20.7223458179496 -1.93707328642573 
-4.1133763062362e-14 1.35798119008905 -7.32049089629313 -2.52919212248569 -6.05763038687786 -12.4188140530068 -18.7860079340404 -4.73483852497109 -8.36611086875753 -12.1344276733428 -15.9261923270854 -23.0678939547642 -9.21609301641121 -10.0973854769151 -13.6158222120551 -20.572713097146 -25.2459819266099 -29.9699134101768 -37.2061034523691 -44.4462206009687 -8.65759769909697 -19.4810030497309 -10.5335500405914 -9.83483159129149 -4.74762592851671 -5.36397995124736 -3.00979617810698 -7.01748781380767 -20.7445932118842 -1.92492414934111 
