pO2 mew_e electrons holes VO{2} VO{1} VO{0} VM{-4} VM{-3} VM{-2} VM{-1} VM{0} Oi{-2} Oi{-1} Oi{0} Mi{4} Mi{3} Mi{2} Mi{1} Mi{0} Xei{-1} Xei{0} Xei{1} XesubO{1} XesubO{2} XesubO{3} XesubZr{-3} XesubZr{-4} XesubZr{-5} Stoich
-35 3.26594333769754 -0.910019581630888 -8.93966343714794 -1.40825746450371 -1.35896981597041 -1.3156923823418 -14.0925204017834 -24.1342640602321 -34.3130521794797 -44.5152881478845 -58.0674610902255 -13.8951503942023 -21.1869141693684 -31.1158222191707 -11.2145983629103 -9.47739587771199 -7.79085604661668 -8.61657477414674 -9.44622060808408 -18.8947765490892 -15.5755826088357 -20.596817379579 -3.06762241836757 -3.84106619041802 -13.6471213994049 -21.3946282727011 -16.3037215583112 -21.2657701307981 -0.100760848996856 
-34.8 3.25520813935145 -0.946088264199373 -8.90359475457945 -1.4321130850195 -1.41889411905469 -1.41168536799456 -14.0367951320566 -24.0424701079368 -34.1851895446159 -44.3513568304522 -57.8674610902247 -13.8672877571311 -21.1229828497287 -31.0158222169626 -11.270323630429 -9.56918982779912 -7.9187186792723 -8.78050608937085 -9.64622060587667 -18.8763101453997 -15.5210475225777 -20.5062136107525 -3.07301163740194 -3.81038672688389 -13.5803732533027 -21.2482992363559 -16.1934612045345 -21.1915784595899 -0.161744553371024 
-34.6 3.24448233799194 -0.982125374279416 -8.86755764449941 -1.45665979566742 -1.47947793978265 -1.50830629880257 -13.9809435723776 -23.9505814381777 -34.0572637647768 -44.187393940533 -57.6674610902255 -13.8393619756699 -21.0590199581875 -30.9158222153413 -11.3261751884867 -9.6610784959369 -8.04664445749012 -8.94446897766871 -9.84622060425458 -18.8575392745685 -15.4662395416665 -20.4153685197612 -3.07878747884001 -3.78012545824192 -13.5140748745803 -21.101602587307 -16.0828016655656 -21.116956030701 -0.22133634318786 
-34.4 3.23377590053133 -1.01809742451611 -8.83158559426271 -1.48185785100315 -1.54064804535508 -1.60544845461168 -13.9248317733236 -23.8584975888871 -33.9292078652494 -44.023365990769 -57.4674610902248 -13.8113060749508 -20.9949920072317 -30.8158222141487 -11.3822869863482 -9.75316234403504 -8.17470035582495 -9.10849692624023 -10.0462206030628 -18.8385193499304 -15.4112475667916 -20.3244044946497 -3.08496561073015 -3.75033153989537 -13.4483089059974 -20.954526764334 -15.9716978928293 -21.0418243082014 -0.279469653070739 
-34.2 3.22309641206084 -1.05397893012204 -8.79570408865678 -1.50767002159001 -1.60234172154787 -1.70302363641042 -13.8683577957481 -23.7661421057057 -33.8009708764621 -43.8592474963757 -57.2674610902256 -13.7830690852842 -20.9308735119592 -30.7158222132704 -11.4387609630453 -9.84551782633805 -8.3029373437339 -9.27261541975511 -10.2462206021836 -18.8193034887592 -15.3561502000146 -20.2334256222667 -3.09156192102427 -3.72104634458356 -13.3831422050793 -20.8070739152539 -15.8601265493551 -20.9661344703332 -0.336107792054395 
-34 3.2124495360913 -1.08975086253646 -8.75993215624236 -1.53406159986753 -1.6645052322398 -1.80095907951676 -13.8114455254051 -23.6734579029482 -33.6725147412901 -43.6950194287894 -57.0674610902248 -13.7546129494653 -20.8666454437259 -30.6158222126226 -11.4956732327406 -9.93820202844779 -8.43139347825805 -9.43684348669368 -10.4462206015366 -18.7999423867252 -15.3010171655661 -20.1425206554038 -3.09859239791546 -3.69230488906033 -13.318628817142 -20.6592566786957 -15.7480812452113 -20.8898610986038 -0.391239607891298 
-33.8 3.20183940402057 -1.12539934087205 -8.72428367790677 -1.56100037224447 -1.72709248295234 -1.89919480856489 -13.7540394387474 -23.580403337955 -33.5438116979614 -43.530667907125 -56.8674610902249 -13.7259099056582 -20.8022939215832 -30.5158222121443 -11.5530793189201 -10.0312565929629 -8.56009652110872 -9.60119500787995 -10.6462206010584 -18.780484216972 -15.2459105174773 -20.0517655289794 -3.10607300101715 -3.66413701382681 -13.2548124635725 -20.5110954660918 -15.6355685109431 -20.8129968426711 -0.444875364800335 
-33.6 3.19126894065994 -1.16091453819448 -8.68876848058434 -1.58845657061539 -1.79006387864569 -1.99768140158067 -13.6961002280372 -23.4869489299223 -33.4148420926062 -43.3661831044475 -56.6674610902249 -13.6969402999499 -20.7378091185525 -30.4158222117912 -11.6110185292772 -10.1247110006424 -8.68906612611069 -9.76567981020434 -10.8462206007053 -18.760974529882 -15.1908856330648 -19.9612254472445 -3.11401951265158 -3.63656832813804 -13.1917285805617 -20.3626161739999 -15.5226044161735 -20.735547945224 -0.497042879982506 
-33.4 3.1807401337428 -1.19628977601276 -8.65339324276606 -1.61640281236995 -1.85338535821853 -2.09637811897179 -13.6376011793103 -23.3930746433771 -33.2855925682428 -43.2015583422658 -56.4674610902249 -13.6676907753255 -20.6731843561098 -30.3158222115302 -11.669517577743 -10.2185852869266 -8.81831565021312 -9.93030457212505 -11.0462206004443 -18.7414561601515 -15.1359920255161 -19.8709566018776 -3.12244738493633 -3.60962096260528 -13.1294059772103 -20.213848280167 -15.4092117601589 -20.6575305270277 -0.547783955927529 
-33.2 3.17025425547035 -1.23152077991859 -8.61816223886023 -1.64481403536485 -1.91702758511926 -2.19525134977835 -13.5785251949337 -23.2987676550947 -33.1560545760545 -43.0367893461716 -56.2674610902249 -13.6381527829442 -20.6084153598226 -30.2158222113372 -11.7285935619267 -10.3128922750161 -8.94785364220848 -10.0950735680262 -11.2462206002513 -18.7219691287835 -15.0812739902423 -19.7810075626979 -3.13137157675656 -3.58331415051892 -13.0678681612185 -20.0648232568036 -15.2954177407014 -20.578967511476 -0.597151137574878 
-33 3.15981204355194 -1.26660507131742 -8.5830779474614 -1.67366743154403 -1.98096527269726 -2.29427332875518 -13.518862360529 -23.2040205292912 -33.0262231588522 -42.8718736375705 -56.0674610902249 -13.6083213655992 -20.5434996510788 -30.1158222111945 -11.7882563961887 -10.4076394006769 -9.07768505926808 -10.2599892764847 -11.4462206001085 -18.7025505354729 -15.0267711055328 -19.6914203865896 -3.14080637976742 -3.55766466213171 -13.007134381432 -19.9155732464334 -15.18125202173 -20.4998860839034 -0.645204814084705 
-32.8 3.14941384870326 -1.30154147185621 -8.54814154692261 -1.70294238324645 -2.04517662493848 -2.39342108153519 -13.4586079626842 -23.1088297309076 -32.8960959599298 -42.7068100381093 -55.8674610902249 -13.5781941665712 -20.478436051512 -30.015822211089 -11.8485107939279 -10.5028301989549 -9.20781225808489 -10.4250528758403 -11.6462206000029 -18.6832344492818 -14.972518618803 -19.6022314993209 -3.15076524538474 -3.53268712720948 -12.9472204459714 -19.7661299614255 -15.0667451372609 -20.4203155999731 -0.692010676490581 
-32.6 3.13905975429225 -1.33632970143105 -8.51335331734777 -1.73262040257387 -2.10964287384074 -2.4926755600123 -13.3977608809836 -23.0131944196321 -32.7656724190795 -42.5415982676841 -55.667461090225 -13.5477706256428 -20.4132242810087 -29.9158222110108 -11.9093578755504 -10.5984655101522 -9.33823579885707 -10.5902646461873 -11.8462205999248 -18.6640517853323 -14.9185477252786 -19.5134723762217 -3.16126060084039 -3.50839425309105 -12.8881393422778 -19.6165237567038 -14.951927162114 -20.3402858544011 -0.737637529663439 
-32.4 3.1287496733712 -1.37097005217336 -8.47871296660546 -1.76268507621683 -2.174347898226 -2.59202093513986 -13.3363222839528 -22.9171154718591 -32.6349531205641 -42.3762386184265 -55.467461090225 -13.5170513270696 -20.3478646316932 -29.815822210953 -11.9707964725234 -10.6945444578675 -9.46895509731463 -10.7556242953872 -12.046220599867 -18.6450301880503 -14.8648857772543 -19.4251700774551 -3.17230367725954 -3.48479697876713 -12.8299017172119 -19.4667828609643 -14.8368266171168 -20.2598256601462 -0.782155449605964 
-32.2 3.11848342735902 -1.40546312408929 -8.44421989468953 -1.79312201655129 -2.2392779104764 -2.69144401930619 -13.2742945716166 -22.8205946876069 -32.503939264396 -42.2107316903424 -55.267461090225 -13.4860374708587 -20.2823577035664 -29.7158222109103 -12.0328241848168 -10.7910652420769 -9.59996895343995 -10.9211312234284 -12.2462205998242 -18.6261938983248 -14.8115564156129 -19.3373476438978 -3.1839043279109 -3.46190455750332 -12.7725162240318 -19.3169327151134 -14.7214695431819 -20.1789616581272 -0.825634266285634 
-32 3.10826080988045 -1.43980961056929 -8.40987340820954 -1.82391881920019 -2.30442119960529 -2.79093379491508 -13.2116805175366 -22.7236341470469 -32.372632237356 -42.0450781768225 -55.0674610902251 -13.454730443787 -20.2167041900147 -29.6158222108786 -12.0954382388652 -10.8880257826052 -9.73127598044828 -11.0867847369167 -12.4462205997925 -18.6075636250672 -14.7585796558753 -19.2500243976802 -3.1960708573343 -3.43972460044596 -12.7159897804948 -19.1669954148476 -14.605878729396 -20.0977173308213 -0.86814234608809 
-31.8 3.09808163868729 -1.47401012394036 -8.37567289483847 -1.85506502729915 -2.36976792107532 -2.89048102975618 -13.1484825710209 -22.6262356871601 -32.2410332640982 -41.8792786901935 -54.8674610902251 -13.4231314705057 -20.1509047033624 -29.5158222108552 -12.1586361853574 -10.9854242424685 -9.86287495368268 -11.2525842235222 -12.646220599769 -18.5891564191669 -14.7059719366039 -19.1632161650377 -3.20880985955597 -3.41826308929732 -12.6603277559747 -19.0169892357128 -14.4900730636323 -20.0161121784287 -0.909745642671746 
-31.6 3.08794579835376 -1.50806505201613 -8.34161796676269 -1.88655210452177 -2.43530992637372 -2.99007796313035 -13.084702283324 -22.5284004713875 -32.1091431202498 -41.7133336182693 -54.6674610902251 -13.3912413266399 -20.0849596314208 -29.4158222108378 -12.2224164730369 -11.0832594582238 -9.99476509751376 -11.4185292954291 -12.8462205997516 -18.5709855476418 -14.653746137003 -19.0769354373611 -3.22212606527122 -3.39752436693604 -12.605534105538 -18.8669282203566 -14.3740669763519 -19.9341610192241 -0.950506983775976 
-31.4 3.07785327546299 -1.5419744398753 -8.30770857890352 -1.91837341527419 -2.50104062498531 -3.08971804960111 -13.0203398347607 -22.430128634965 -31.9769618959681 -41.5472430061285 -54.4674610902251 -13.3590601023454 -20.0188690192671 -29.315822210825 -12.2867789215874 -11.1815312946335 -10.1269463217826 -11.584619907557 -13.0462205997388 -18.5530603710167 -14.6019115725188 -18.9911914850177 -3.23602219941102 -3.37751111321743 -12.5516114639599 -18.7168218194628 -14.2578699633172 -19.8518733940485 -0.99048555796387 
-31.2 3.06780418817652 -1.57573789051248 -8.27394512826634 -1.9505242140051 -2.5669548743534 -3.18939574960639 -12.9553936373095 -22.3314189868766 -31.8444887972425 -41.3810064567658 -54.2674610902252 -13.3265870036103 -19.9526324698948 -29.2158222108155 -12.3517251190291 -11.2802409427124 -10.2594194204987 -11.7508564569103 -13.2462205997292 -18.5353862322397 -14.5504739831046 -18.9059904449663 -3.25049885937484 -3.3582243225433 -12.498561222649 -18.5666745819697 -14.1414861764614 -19.7692530578298 -1.02973656935073 
-31 3.0577988117293 -1.60935447917895 -8.24032853959988 -1.98300164523778 -2.63304889425254 -3.28910635817199 -12.8898599919754 -22.232268752876 -31.7117219745755 -41.2146230454322 -54.0674610902252 -13.2938201809362 -19.8862490585542 -29.1158222108085 -12.4172587643562 -11.3793911767059 -10.3921862431587 -11.9172398682368 -13.4462205997222 -18.5179643470656 -14.499435509264 -18.8213353824593 -3.26555440544006 -3.33966327994283 -12.4463835913816 -18.4164858741356 -14.0249140572937 -19.6862975273286 -1.0683110292549 
-30.8 3.04783760049031 -1.64282267926188 -8.20686033951695 -2.01580475152286 -2.69932020062055 -3.38884586462293 -12.8237327923071 -22.1326733531248 -31.5786583747414 -41.0480912455152 -53.8674610902252 -13.2607565810968 -19.819717258632 -29.0158222108033 -12.4833859640193 -11.4789865764519 -10.5252498429876 -12.0837716681486 -13.646220599717 -18.5007917074446 -14.4487946695601 -18.7372263426724 -3.28118487210972 -3.32182554652879 -12.395077657885 -18.2662496346857 -13.9081460179267 -19.6029976880446 -1.10625565372209 
-30.6 3.03792120824801 -1.67614029412856 -8.17354272465026 -2.04893449464411 -2.76576755860849 -3.48861083747754 -12.7570032517739 -22.0326261977249 -31.4452936044748 -40.8814088603819 -53.6674610902253 -13.2273918108264 -19.7530348734948 -28.9158222107994 -12.5501155045487 -11.579033731848 -10.6586146132503 -12.2504540532781 -13.8462205997131 -18.4838609933206 -14.3985463405694 -18.653660398815 -3.29738390111044 -3.3047069606636 -12.3446414571528 -18.1159541502989 -13.7911681484067 -19.5193374333912 -1.14361284543488 
-30.4 3.02805050721508 -1.70930439327302 -8.14037862550581 -2.08239378873329 -2.83239095184212 -3.58839832985564 -12.6896596483518 -21.9321184951583 -31.3116218027637 -40.7145729595264 -53.4674610902253 -13.1937200091122 -19.6861989726362 -28.8158222107964 -12.617459107968 -11.6795414344117 -10.7922864149585 -12.4172899541307 -14.0462205997102 -18.4671604818871 -14.3486817299915 -18.5706316890926 -3.31414268376918 -3.28830164417749 -12.2950720415222 -17.9655818371572 -13.6739599344094 -19.4352933185384 -1.18042073533506 
-30.2 3.01822660630569 -1.74231125090733 -8.10737176787149 -2.11618754519586 -2.89919156593901 -3.68820580158684 -12.6216870788883 -21.8311390680605 -31.1776355180316 -40.54757981716 -53.2674610902246 -13.1597337243788 -19.6192058302684 -28.7158222107943 -12.6854316774293 -11.7805208615074 -10.9262726996885 -12.584283096495 -14.2462205997088 -18.4506739773778 -14.2991883678479 -18.4881314693147 -3.33144993572462 -3.27260203849862 -12.2463655782094 -17.815109047918 -13.5564940028045 -19.3508342445678 -1.21671326627722 
-30 3.00845086982008 -1.7751562831839 -8.07452673559492 -2.15032273398828 -2.96617178700801 -3.78803105493241 -12.5530672079954 -21.7296741648911 -31.0433255825856 -40.3804248494374 -53.0674610902254 -13.1254237889304 -19.5520508625435 -28.6158222107927 -12.7540515483207 -11.8819857646753 -11.060582635133 -12.7514380642161 -14.4462205997065 -18.4343807321546 -14.250050090348 -18.4061481595383 -3.34929187929533 -3.25759894979275 -12.1985174572266 -17.6645058672502 -13.4387358544133 -19.2659211284532 -1.25252030437354 
-29.8 2.99872493679868 -1.80783398316876 -8.04184903561006 -2.18480846050839 -3.03333521351297 -3.88787218142223 -12.4837780079341 -21.6277072648449 -30.9086809825546 -40.2131025494215 -52.8674610902247 -13.0907791888989 -19.4847285625272 -28.5158222107916 -12.8233407483808 -11.9839526647203 -11.1952272351629 -12.9187603642308 -14.6462205997061 -18.4182553699462 -14.2012470281548 -18.3246673973602 -3.36765224360818 -3.24328161412075 -12.1515224215701 -17.513735905012 -13.3206435921599 -19.1805065661847 -1.28786776461252 
-29.6 2.98905074154027 -1.84033785190338 -8.00934516687544 -2.21965605939637 -3.10068668113557 -3.98772751777946 -12.4137934828734 -21.5252188710496 -30.7736887200246 -40.045606418157 -52.6674610902255 -13.0557869263673 -19.4172324312609 -28.4158222107907 -12.8933252734407 -12.0864410585148 -11.330219497692 -13.0862564954946 -14.8462205997044 -18.4022678105545 -14.1527556000285 -18.2436721004993 -3.38651228310533 -3.22963778488328 -12.1053747235977 -17.3627560830912 -13.2021676389738 -19.0945344817332 -1.32277774099126 
-29.4 2.97943053586641 -1.87266032359953 -7.97702269517929 -2.25487920751442 -3.16823230094977 -4.0875956092898 -12.3430833696573 -21.4221862861373 -30.6383336634162 -39.8779288898524 -52.4674610902248 -13.020431869759 -19.3495549029565 -28.3158222107901 -12.9640353866562 -12.1894736434265 -11.4655745542998 -13.2539340237985 -15.0462205997045 -18.3863831764701 -14.1045484942479 -18.1631425230226 -3.40585079713965 -3.21665382722144 -12.0600682942401 -17.2115163923991 -13.0832504199778 -19.0079397344333 -1.35726863210258 
-29.2 2.9698669136269 -1.90479268330462 -7.9448903354742 -2.29049405808207 -3.23597951122251 -4.18747517926763 -12.2716128084785 -21.3185833652534 -30.5025983828273 -39.7100612495583 -52.2674610902256 -12.9846965891687 -19.2816872626611 -28.2158222107897 -13.0355059478346 -12.29307656431 -11.6013098348884 -13.4218016640922 -15.2462205997033 -18.3705616968479 -14.0565946549206 -18.0830563239902 -3.42564416808556 -3.20431483846227 -12.0155969457754 -17.0599596321883 -12.9638260194721 -18.9206476936328 -1.39135525848944 
-29 2.96036283788271 -1.93672497557094 -7.91295804320788 -2.32651939782602 -3.30393714323278 -4.28736510354421 -12.1993419775431 -21.2143802420517 -30.3664629673592 -39.541993541824 -52.0674610902249 -12.948561173701 -19.2136195549271 -28.1158222107893 -13.1077767787697 -12.3972796875114 -11.7374452503562 -13.5898693718263 -15.4462205997037 -18.3547585799958 -14.0088592458023 -18.0033886226055 -3.44586639097779 -3.19260476908818 -11.9719545841354 -16.9080210998686 -12.8438197794187 -18.8325737458456 -1.42504896400057 
-28.8 2.95092167123221 -1.9684459025641 -7.88123711621472 -2.36297682937848 -3.3721155017784 -4.387264389083 -12.1262256855166 -21.109543023032 -30.2299048213464 -39.373714468818 -51.8674610902258 -12.9120030276871 -19.14534048192 -28.0158222107891 -13.1808930707961 -12.5021169065309 -11.8740033963688 -13.7581484448321 -15.6462205997026 -18.3389238674805 -13.9613036062937 -17.9241120561038 -3.46648911001514 -3.18150656113237 -11.929135449186 -16.7556282413406 -12.7231478478839 -18.743622741304 -1.45835769989752 
-28.6 2.94154720928054 -1.99994271161079 -7.84974030716803 -2.39989097821252 -3.44052645965913 -4.48717215601042 -12.0522129217027 -21.0040334501715 -30.0928984394391 -39.205211277864 -51.6674610902251 -12.8749966457803 -19.0768372909665 -27.9158222107889 -13.2549058346098 -12.6076264793914 -12.011009778276 -13.9266516357859 -15.8462205997032 -18.3230022610482 -13.9138851908148 -17.8451968315782 -3.48748165241713 -3.17100229448767 -11.887134373495 -16.6027002530013 -12.6017166685913 -18.6536883710581 -1.49128608598226 
-28.4 2.93224371853285 -2.03120106788327 -7.81848195089556 -2.43728973212222 -3.50918356984131 -4.58708762246507 -11.9772463467935 -20.8978085189898 -29.9554151519849 -39.0364696341374 -51.467461090226 -12.8375133583251 -19.0080956472388 -27.8158222107888 -13.329872409519 -12.713851410573 -12.1484930657301 -14.0953932795125 -16.0462205997022 -18.3069328960585 -13.8665574695526 -17.7666107540436 -3.50881104133729 -3.16107332713535 -11.8459470498698 -16.4491476005576 -12.4794223724201 -18.5626524311593 -1.5238354487567 
-28.2 2.92301597818732 -2.06220491398067 -7.78747810479815 -2.47520450924793 -3.57810219306442 -4.68701009178559 -11.9012617311825 -20.7908200572814 -29.8174228441791 -38.8674734802342 -51.2674610902254 -12.7995210505198 -18.9390994933362 -27.7158222107887 -13.40585702513 -12.8208398722815 -12.2864853735359 -14.2643894334158 -16.2462205997029 -18.2906490900797 -13.8192698174764 -17.6883192558699 -3.53044201248422 -3.15170045218488 -11.8055703288223 -16.294871486773 -12.3561501047329 -18.4703840095696 -1.55600383456917 
-28 2.91386932705063 -2.09293631230032 -7.7567467064785 -2.51367056246797 -3.6472996446041 -4.78693894164492 -11.824187324462 -20.6830142522413 -29.6788856408194 -38.6982048785548 -51.0674610902264 -12.7609838471591 -18.8698308916557 -27.6158222107886 -13.4829314318506 -12.9286456773217 -12.4250225768958 -14.4336580350953 -16.446220599702 -18.2740780239154 -13.7719673529925 -17.6102853930664 -3.55233699954011 -3.14286404092112 -11.7660025192386 -16.1397632172491 -12.2317732335286 -18.376738536685 -1.58778599569606 
-27.8 2.90480971487705 -2.1233752725457 -7.72630774623312 -2.55272731514151 -3.71679535752303 -4.88687361480922 -11.745943165443 -20.5743311329769 -29.5397635613096 -38.5286438387996 -50.8674610902258 -12.7218617676498 -18.8002698519011 -27.5158222107886 -13.5611755908698 -13.0373287965862 -12.5641446564057 -14.6032190748506 -16.6462205997027 -18.2571403813669 -13.7245907501985 -17.532469830027 -3.57445610966513 -3.13454419080076 -11.7272437088732 -15.9837034951909 -12.1061524717157 -18.2815567351174 -1.61917334727015 
-27.6 2.89584375976119 -2.15349955889529 -7.69618345988354 -2.59241873887771 -3.78661106760881 -4.9868136112446 -11.6664403108424 -20.4647039920267 -29.4000121340099 -38.3587681251503 -50.6674610902269 -12.6821103403489 -18.7303941382507 -27.4158222107886 -13.6406784454706 -13.1469559375366 -12.7038960837057 -14.7730947885002 -16.8462205997019 -18.2397499187845 -13.6770760012665 -17.4548307947454 -3.59675707081894 -3.12672086560498 -11.6892960973275 -15.8265616053087 -11.9791348681832 -18.1846634179345 -1.65015389931666 
-27.4 2.8869788099546 -2.18328448230811 -7.66639853647071 -2.63279376217552 -3.85677101431945 -5.08675848136806 -11.5855800044933 -20.3540587622648 -29.2595819808351 -38.1885530485627 -50.4674610902265 -12.6416801871746 -18.6601790616635 -27.3158222107885 -13.72153875182 -13.2576011672989 -12.8443262368808 -14.9433098650881 -17.0462205997026 -18.2218129840658 -13.6293541431351 -17.3773240132011 -3.61919515939813 -3.11937403077135 -11.6521643390814 -15.6681945174153 -11.8505527037026 -18.0858661768667 -1.68071215681404 
-27.2 2.878223011503 -2.21270267327239 -7.63698034550643 -2.67390671912732 -3.92730216223552 -5.18670782024841 -11.5032527683517 -20.2423133351589 -29.1184183627649 -38.0179712395282 -50.2674610902277 -12.6005165691031 -18.5895972526277 -27.2158222107885 -13.8038659879621 -13.3693465944052 -12.9854898549514 -15.113891674123 -17.2462205997018 -18.2032279632928 -13.5813509313978 -17.2999026104996 -3.64172309557693 -3.11248377598587 -11.6158558933312 -15.5084458785721 -11.7202222558237 -17.9849539199521 -1.71082899415238 
-27 2.86958538135514 -2.24172383617068 -7.60795918260814 -2.71581783568587 -3.99823444169237 -5.28666126260355 -11.4193374199447 -20.1293768238536 -28.9764606885613 -37.8469924024264 -50.0674610902276 -12.5585588948997 -18.518618415526 -27.1158222107885 -13.8877813363697 -13.4822831057111 -13.1274475291556 -15.2848705112254 -17.4462205997026 -18.1838846688934 -13.5329864741001 -17.2225169903036 -3.6642909177361 -3.10603043524675 -11.5803813896942 -15.3471449099692 -11.587942450119 -17.8816952771457 -1.74048150901285 
-26.8 2.86107588210143 -2.27031449816908 -7.57936852060974 -2.75859372757893 -4.06960099558383 -5.38661847849341 -11.3337000679398 -20.0151488098503 -28.8336420125597 -37.6755830644263 -49.8674610902291 -12.5157402188965 -18.4472090775244 -27.0158222107886 -13.9734186883753 -13.5965111197151 -13.270266205158 -15.4562798492263 -17.6462205997018 -18.1636636959259 -13.4841748391342 -17.1451146933393 -3.68684583666164 -3.09999469217389 -11.5457549846226 -15.184105261 -11.4534934631483 -17.7758369521733 -1.76964284400701 
-26.6 2.85270550171845 -2.2984377412875 -7.55124527749132 -2.80230793241395 -4.14143844353727 -5.48657916956527 -11.2461930404138 -19.8995185392059 -28.6898884987968 -37.503706307545 -49.6674610902294 -12.4719867051332 -18.3753323206427 -26.9158222107884 -14.0609257159024 -13.7121413903606 -13.4140197189219 -15.6281566061086 -17.8462205997025 -18.1424357185187 -13.4348236186086 -17.0676402296953 -3.70933206408969 -3.09435767648314 -11.5119947258138 -15.0191237698299 -11.3166352150966 -17.6671019472401 -1.79828200532476 
-26.4 2.84448633156717 -2.32605294033699 -7.52363007844183 -2.84704143054271 -4.21378714071552 -5.58654306579301 -11.1566538366131 -19.7823641363557 -28.5451188968972 -37.3313215065959 -49.4674610902308 -12.4272171032322 -18.3029475196922 -26.8158222107884 -14.1504649197044 -13.8292957932121 -13.5587893208229 -15.8005414070591 -18.0462205997025 -18.1200607911999 -13.3848334922402 -16.9900349042774 -3.73169063489919 -3.08910104824391 -11.4791228985247 -14.8519792406114 -11.1771058849276 -17.5551878161206 -1.82636366878657 
-26.2 2.83643163950182 -2.35311551728488 -7.49656750149394 -2.89288313348152 -4.28669142060222 -5.6865099226276 -11.0649041444065 -19.6635518672012 -28.3992440507948 -37.1583840835456 -49.2674610902326 -12.381342257128 -18.2300100966401 -26.7158222107884 -14.2422146119128 -13.9481080623684 -13.7046641669271 -15.9734788301112 -18.2462205997025 -18.0963876871884 -13.3340978112809 -16.9122366463702 -3.75385923382693 -3.084207070223 -11.4471663435563 -14.6824312904976 -11.0346205117617 -17.4397650199026 -1.85384799167707 
-26 2.82855593459681 -2.3795767237819 -7.47010629499692 -2.93993031633992 -4.36019980995763 -5.78647951848003 -10.9707489703971 -19.5429354866948 -28.2521664637914 -36.9848452900452 -49.0674610902351 -12.3342646701221 -18.1564713031372 -26.6158222107885 -14.3363697859247 -14.0687244428774 -13.8517417539331 -16.1470176236142 -18.4462205997025 -18.071253306407 -13.2825022240024 -16.8341798525947 -3.77577203590346 -3.07965866580327 -11.4161567326391 -14.5102193227127 -10.8888697504738 -17.3204754651117 -1.88069045785817 
-25.8 2.82087501231581 -2.40538348940049 -7.44429952937833 -2.98828891911485 -4.43436517835116 -5.88645165249216 -10.873976032875 -19.4203557835541 -28.103779995032 -36.8106520556672 -48.8674610902386 -12.2858782013593 -18.0822780687558 -26.5158222107885 -14.4331427234504 -14.1913041460216 -14.0001282226959 -16.3212108579956 -18.6462205997025 -18.0444822729023 -13.2299244248791 -16.7557952878528 -3.79735960517406 -3.07543946945452 -11.3861307706722 -14.3350618204487 -10.7395190138283 -17.1969314940848 -1.90684177610934 
-25.6 2.81340597034432 -2.43047836844003 -7.4192046503388 -3.03807365108347 -4.50924478935932 -5.98642614253985 -10.774355549038 -19.2956404206776 -27.953969753116 -36.6357469347116 -48.6674610902435 -12.2360679594384 -18.0073729477954 -26.4158222107885 -14.5327632072922 -14.316019508903 -14.1499384646168 -16.496115978956 -18.8462205997025 -18.0158868053787 -13.176234078316 -16.6770100622502 -3.81854886961868 -3.07153385486037 -11.3571302770381 -14.156656111009 -10.5862081834282 -17.0687155427242 -1.93224786991479 
-25.4 2.80616718227975 -2.45479962832404 -7.39488339045479 -3.08940781218546 -4.58490021034532 -6.08640282340985 -10.671640588581 -19.1686042003365 -27.8026122728909 -36.4600681946025 -48.4674610902504 -12.1847104792065 -17.9316942076794 -26.3158222107886 -14.6354781677562 -14.443055729251 -14.3012959448488 -16.6717947190721 -19.0462205997025 -17.985266997253 -13.1212930103064 -16.5977477343565 -3.83926322259538 -3.06792694795229 -11.3292021102464 -13.9746788226582 -10.4285521549614 -16.9353807741415 -1.9568500182133 
-25.2 2.79917820356786 -2.47828156563999 -7.37140145313884 -3.14242265926457 -4.66139699474037 -6.18638154512086 -10.5655683378547 -19.0390500122943 -27.6495761475327 -36.2835501319284 -48.2674610902603 -12.1316743538384 -17.8551761449954 -26.2158222107886 -14.7415504184924 -14.5726099173032 -14.454332070217 -16.8483127817561 -19.2462205997026 -17.9524117648718 -13.0649558406092 -16.5179286273434 -3.8594228372928 -3.06460462533453 -11.3023978503123 -13.7887874649187 -10.2661427345379 -16.7964532910339 -1.98058519366865 
-25 2.79245959757827 -2.50085509049989 -7.34882792827894 -3.19725623573879 -4.73880409607449 -6.28636217131488 -10.4558624373088 -18.9067705868885 -27.494723197267 -36.1061236568028 -48.0674610902748 -12.0768214035583 -17.7777496698554 -26.1158222107887 -14.8512563190529 -14.7048893427235 -14.6091850204972 -17.0257392568963 -19.4462205997026 -17.9171005754621 -13.0070711263396 -16.4374703882139 -3.87894522435771 -3.06155348753877 -11.276773187657 -13.5986233252433 -10.0985521197224 -16.6514362010783 -2.00338670584401 
-24.8 2.78603264084086 -2.52244871690249 -7.32723430187633 -3.25405138932916 -4.81719287606747 -6.38634457771045 -10.3422369429407 -18.7715514661178 -27.3379104500937 -35.927717283227 -47.8674610902964 -12.0200086563635 -17.699343296258 -26.0158222107888 -14.9648818134425 -14.8401084635157 -14.765997767692 -17.2041456304937 -19.6462205997026 -17.8791063677619 -12.9474832922368 -16.3562889277085 -3.8977461702474 -3.05876080702662 -11.2523868807419 -13.4038163703698 -9.92533879125146 -16.4998164990099 -2.02518520092161 
-24.6 2.77991889417171 -2.54299000368681 -7.30669301509201 -3.31295288859012 -4.89663566211275 -6.48632865054006 -10.2244020901105 -18.6331753265033 -27.1789930236949 -35.7482585700438 -47.6674610903289 -11.9610912299323 -17.6198845830424 -25.9158222107888 -15.0827166663052 -14.9784846031628 -14.9249151941234 -17.3836043437094 -19.8462205997027 -17.8381997974346 -12.8860354351251 -16.2742997838125 -3.91574109918135 -3.05621444917549 -11.2292992361068 -13.2039923736436 -9.74605608130957 -16.3410750758524 -2.04591015292156 
-24.4 2.77413960243575 -2.56240757124122 -7.2872754475376 -3.37410338790705 -4.97720372898409 -6.58631428496581 -10.1020723603783 -18.4914280292166 -27.0178281588538 -35.5676761376483 -47.467461090379 -11.8999263650412 -17.539302150597 -25.8158222107889 -15.2050463960877 -15.1202319004996 -15.0860800590147 -17.5641867761551 -20.0462205997027 -17.794155180807 -12.8225732509432 -16.1914200320761 -3.93284698187029 -3.05390276431077 -11.2075699836873 -12.9987828921749 -9.56026416739527 -16.1747007294925 -2.06549190012947 
-24.2 2.76871491526254 -2.58063371978328 -7.26904929899555 -3.43763818929772 -5.05896467891681 -6.68630138344059 -9.97497695462497 -18.3461064749213 -26.8542804560164 -35.3859022862689 -47.2674610904575 -11.8363786621254 -17.4575282991391 -25.715822210789 -15.3321418019195 -15.2655534548735 -15.2496277619306 -17.7459606276131 -20.2462205997028 -17.7467582096816 -12.7569501312756 -16.1075707638666 -3.94898481213576 -3.05181444603343 -11.1872555168683 -12.7878382182119 -9.36754564197435 -16.0002083526136 -2.08386429356326 
-24 2.76366293057799 -2.59760764295202 -7.25207537582681 -3.50367881354029 -5.14197922632813 -6.78628985402064 -9.84287264742534 -18.1970282445529 -26.6882283024793 -35.202876209563 -47.0674610905829 -11.770326508463 -17.374502222308 -25.6158222107892 -15.4642461092447 -15.4146316853674 -15.4156799155932 -17.9289867044444 -20.4462205997029 -17.6958154309637 -12.689033429389 -16.0226801388112 -3.96408265765994 -3.04993836838963 -11.1684055160554 -12.5708432859568 -9.16752463288796 -15.817161266696 -2.10096794235994 
-23.8 2.75899859657511 -2.61327911702447 -7.23640390175435 -3.57232562004538 -5.22629750690567 -6.88627960867065 -9.70555854391948 -18.0440426669746 -26.5195712508285 -35.0185476838398 -46.8674610907872 -11.7016694566081 -17.2901736963806 -25.5158222107893 -15.6015602129549 -15.5676172631502 -15.5843369674484 -18.1133152303721 -20.646220599703 -17.6411651338014 -12.6187116581542 -15.936686893504 -3.97807916700297 -3.04826340365944 -11.1510590772531 -12.3475359371435 -8.9598887581472 -15.6251968660277 -2.1167539352466 
-23.6 2.75473254034296 -2.62761243654931 -7.22207058222951 -3.64364993396814 -5.31195514035327 -6.98627056164308 -9.56289182235823 -17.8870426258885 -26.3482378902176 -34.832881003704 -46.6674610911266 -11.6303360956579 -17.2045070159056 -25.4158222107895 -15.7442269348558 -15.7246173045758 -15.7556703283989 -18.2989819108474 -20.8462205997032 -17.5826889769535 -12.5459021817816 -15.8495440976065 -3.99092732407735 -3.04677824120975 -11.1352405952782 -12.1177264196846 -8.74441256021311 -15.4240539876184 -2.13118778286957 
-23.4 2.75086995353922 -2.64059015832265 -7.20909286045617 -3.71768655681783 -5.3989694849763 -7.08626262803945 -9.41480271002643 -17.7259757917834 -26.1741933343391 -34.6458587260522 -46.4674610917014 -11.5562915392048 -17.1174847376792 -25.3158222107897 -15.8923160477626 -15.885684139256 -15.9297148848524 -18.4860041890743 -21.0462205997034 -17.5203230685647 -12.4705585516194 -15.761222745671 -4.00259803853838 -3.04547123389668 -11.1209558661922 -11.8813159554171 -8.52097981771895 -15.2135989668976 -2.1442532087792 
-23.2 2.7474096622318 -2.65221622658317 -7.19746679219565 -3.79442751496918 -5.48733651138817 -7.18625572271185 -9.26130698406059 -17.560853997557 -25.9974454718523 -34.4574847953048 -46.2674610926935 -11.4795436757261 -17.02911080594 -25.21582221079 -16.0458117747207 -16.0508059344747 -16.1064627483316 -18.674378120814 -21.2462205997036 -17.4540672556998 -12.392676670494 -15.671714796285 -4.01308318382422 -3.04433031092276 -11.1081888749573 -11.6383122800651 -8.28960221062744 -14.9938474280666 -2.15595527649463 
-23 2.74434354668483 -2.6625179224454 -7.18716509633343 -3.87381816017148 -5.57702885245269 -7.28624975963859 -9.10251376925277 -17.3917590868869 -25.81804886532 -34.2677864929103 -46.0674610944368 -11.4001470674509 -16.9394125018025 -25.1158222107903 -16.2046049912721 -16.2199008468883 -16.2858593566075 -18.8640764249521 -21.4462205997039 -17.3839909783157 -12.3122986972476 -15.5810351271764 -4.02239755164242 -3.04334298287796 -11.0968998510507 -11.3888393961483 -8.05043102257292 -14.7649779358743 -2.16632236217645 
-22.8 2.74165640352294 -2.67154632700746 -7.17813669177136 -3.95575624327345 -5.66799534011673 -7.38624465186468 -8.93862739061588 -17.218844303688 -25.636105677559 -34.0768149005872 -45.8674610975516 -11.3182038765753 -16.8484409063648 -25.0158222107905 -16.368491373025 -16.3928156332032 -16.4678025474845 -19.0550480203911 -21.646220599705 -17.3102348128882 -12.2295141272581 -15.4892221526248 -4.03057946931632 -3.04249649599019 -11.0870249596009 -11.1331400429594 -7.80376007394609 -14.5273353918095 -2.1754066178395 
-22.6 2.73932627169415 -2.67937522616383 -7.17030779261499 -4.0400941050921 -5.76016210109176 -7.48624031199609 -8.76994299289799 -17.0423310068137 -25.4517634815283 -33.8846438054002 -45.6674611032083 -11.2338616748885 -16.7562698055217 -24.9158222107911 -16.5371757763993 -16.5693289357338 -16.6521447491715 -19.2472191212345 -21.8462205997048 -17.2330075310525 -12.144457946266 -15.3963370724764 -4.03769004929875 -3.04177817681625 -11.0784777412702 -10.8715705650926 -7.5500194952356 -14.2814237122554 -2.18328289899523 
-22.4 2.73732506437227 -2.68609898750663 -7.16358403127219 -4.12664292352215 -5.8534346808646 -7.58623665311173 -8.59683804868052 -16.8625023012535 -25.2652110146253 -33.6913675771543 -45.4674611136196 -11.1473091975748 -16.6629935668651 -24.8158222107917 -16.7102807310294 -16.7491576517068 -16.8386972264872 -19.4404953598931 -22.0462205997061 -17.1525803398956 -12.0573069937663 -15.3024623586339 -4.04381167657128 -3.04117604274597 -11.0711518458575 -10.604590907032 -7.28976359851782 -14.0278915768804 -2.19004661948423 
-22.2 2.73561920109205 -2.6918304364446 -7.15785258233422 -4.21517696232185 -5.94770016860227 -7.68623358978738 -8.41976386383716 -16.6796966674721 -25.076673931906 -33.4970990454971 -45.2674611330243 -11.0587720954515 -16.5687250158039 -24.7158222107925 -16.8873549352775 -16.9319633048929 -17.0272343286113 -19.6347639109551 -22.2462205997061 -17.0692815282511 -11.9682767331838 -15.2077006491134 -4.04904690372566 -3.04067982096239 -11.0649241751355 -10.3327550126674 -7.02365915309117 -13.7675185803918 -2.19581167103125 
-22 2.73416963079944 -2.69670077875773 -7.15298224002109 -4.30543372669919 -6.04282727529274 -7.78623103879097 -8.23924526962023 -16.4943077309421 -24.8864146530628 -33.3019694243407 -45.0674611695549 -10.9685127800788 -16.473595358118 -24.6158222107935 -17.0678735660268 -17.1173522779552 -17.2174936439868 -19.8298935686437 -22.4462205997079 -16.9834979410947 -11.8776228037143 -15.1121763773308 -4.05352008094566 -3.04028265586926 -11.0596566677297 -10.0567121466669 -6.75248662940376 -13.5012163990175 -2.200710359471 
-21.8 2.73293032404035 -2.70086466662058 -7.14881835215824 -4.39710383098194 -6.13866126743835 -7.88622891879943 -8.05590089038046 -16.3067994638395 -24.6947424980973 -33.1061333815124 -44.8674612388637 -10.8768405558057 -16.3777592459821 -24.5158222107947 -17.2512180145758 -17.3048606143671 -17.4091658682615 -20.0257296807813 -22.6462205997083 -16.8956931633689 -11.7856541381257 -15.0160438238793 -4.05738540750137 -3.03998409456211 -11.0551942185593 -9.77723521397433 -6.4771735845741 -13.2300672420507 -2.20489855563547 
-21.6 2.73184373462573 -2.704515446738 -7.14516757204082 -4.48980050017956 -6.23500871675338 -7.98622714823188 -7.87050414292325 -16.1177519362648 -24.5020441904053 -32.9097842937029 -44.6674613709368 -10.7841421160421 -16.2814100261011 -24.4158222107963 -17.4366148941084 -17.4939082740172 -17.601864308029 -20.2220789006661 -22.8462205997106 -16.8064586061654 -11.6927688008048 -14.919507706441 -4.060847519494 -3.03979542643732 -11.0513547703175 -9.4953023490773 -6.19889149979448 -12.9554359373885 -2.20857112478017 
-21.4 2.73083093389869 -2.70791830775194 -7.14176471102689 -4.58299326984258 -6.33160434743033 -8.08622563992277 -7.68411583854468 -15.9279607708723 -24.3088501639988 -32.7131874062826 -44.4674616225025 -10.6909478380719 -16.184812887117 -24.3158222107982 -17.6230034500538 -17.6836996909765 -17.7950585860022 -20.4186760396534 -23.0462205997117 -16.7166224244672 -11.5995297580926 -14.8228658027149 -4.06420410745682 -3.03974915338621 -11.047905636252 -9.21227214097067 -5.91926415270178 -12.6792114513097 -2.21199536815274 
-21.2 2.72977363690734 -2.71147066964895 -7.13821234912987 -4.67588719732109 -6.42805063680586 -8.18622429119531 -7.49832576135707 -15.7386183317877 -24.1159553630172 -32.5167402434039 -44.2674620977268 -10.5980525618683 -16.0883652490164 -24.2158222108006 -17.8087940024689 -17.8730426052886 -17.9879538622113 -20.6151236777594 -23.2462205997148 -16.6274464646719 -11.5068014364003 -14.7265851191256 -4.06792207513772 -3.03991475917009 -11.0445188801393 -8.93020138019141 -5.64074575381954 -12.4042454143245 -2.21557197836059 
-21 2.72848737752065 -2.71579231141314 -7.13389070736569 -4.76724259200817 -6.52372767325712 -8.28622296941075 -7.31561320754504 -15.5515841362115 -23.9245995256768 -32.3210627642993 -44.0674629768581 -10.5066958453996 -15.9926868907834 -24.1158222108035 -17.9915074354142 -18.0600776799981 -18.1793105786851 -20.8108020359974 -23.4462205997169 -16.540918746181 -11.4159520761452 -14.6314141171063 -4.07274975133099 -3.04042079359919 -11.0407032728038 -8.65231782435721 -5.36718383974953 -12.1350051420187 -2.21992591018191 
-20.8 2.72669560508803 -2.72181240242812 -7.1278706163507 -4.85520094023481 -6.61770611249874 -8.38622149966736 -7.13969513352832 -15.3696459711798 -23.7366412696301 -32.1270844172377 -43.8674645387814 -10.4187360274329 -15.8987069818018 -24.0158222108069 -18.1674270713584 -18.2420174069573 -18.3672703966592 -21.0047819449865 -23.6462205997211 -16.4600332882943 -11.3290465272436 -14.5384884771897 -4.07982264166756 -3.04147359292077 -11.0357359811108 -8.38347411042045 -5.10436021682775 -11.8782016101119 -2.22599407798956 
-20.6 2.72403688775375 -2.73074530040332 -7.1189377183755 -4.93733331933828 -6.70877138957742 -8.48621967472124 -6.97542932335085 -15.1964472630271 -23.5545096635022 -31.9360199131346 -43.6674671367032 -10.3366018233872 -15.8076398797809 -23.9158222108108 -18.3316954794607 -18.4152187130348 -18.5494046007119 -21.1958490470144 -23.8462205997242 -16.3887033660995 -11.2487837070735 -14.4492927590444 -4.09062509857233 -3.04334315185033 -11.0286726420648 -8.13001258209387 -4.85983158647637 -11.6426058777357 -2.23500065437814 
-20.4 2.72014609375037 -2.74381779420578 -7.10586522457304 -5.01118596722439 -6.79569653126599 -8.58621731021228 -6.82772324365928 -15.0356686895331 -23.3806585962057 -31.7490963520356 -43.4674710818017 -10.2627468109963 -15.7207123735875 -23.8158222108149 -18.4794055042557 -18.5760012316323 -18.7232596131119 -21.3827765532168 -24.0462205997291 -16.3308618202043 -11.1778696673758 -14.3653062255442 -4.10663620055906 -3.04628176003461 -11.018538756447 -7.898319968898 -4.64121146708296 -11.4370582521447 -2.24818143467469 
-20.2 2.71478836564347 -2.76181897016417 -7.08786404861465 -5.07518063130247 -6.87769237130247 -8.68621432620714 -6.69973334277554 -14.8896776126909 -23.2166663434052 -31.5671029232767 -43.2674764770844 -10.1987491629173 -15.6387135495501 -23.7158222108191 -18.6074008004256 -18.7219977037605 -18.8872572611985 -21.5647753772618 -24.2462205997325 -16.2889881354859 -11.1179948066991 -14.2874301889091 -4.12875717991461 -3.05040156343176 -11.0046573838853 -7.69245403137494 -4.4533467055183 -11.2671946665385 -2.26632949581568 
-20 2.70793686737306 -2.78483899348065 -7.06484402529817 -5.12913704169071 -6.95466880500718 -8.78621078322833 -6.5918201070509 -14.7587443536498 -23.0627130610476 -31.3901296176027 -43.0674831480939 -10.1447892095543 -15.5617335728706 -23.6158222108232 -18.7153207071645 -18.8529376338159 -19.0412172145703 -21.7417553539501 -24.4462205997372 -16.2632647960539 -11.0692514439506 -14.2156668028441 -4.15699025086676 -3.05561461106744 -10.9868504082049 -7.51277740958126 -4.29669010704109 -11.1335580913777 -2.28953197112202 
-19.8 2.69973249873146 -2.81240446164144 -7.03727855713738 -5.17400216184123 -7.02709939331849 -8.88620683970043 -6.50208956480937 -14.6414483432475 -22.9178515824845 -31.2177026708788 -42.8674907332092 -10.0999201458796 -15.4892990410352 -23.5158222108269 -18.8050588345242 -18.9702412293364 -19.1860862782517 -21.9141898857923 -24.6462205997402 -16.2520363740572 -11.0304575537931 -14.1493074445258 -4.19062694901684 -3.06168584105673 -10.965356170033 -7.35668750901771 -4.16816567463833 -11.0325991271358 -2.31730743990568 
-19.6 2.69038881454617 -2.84379786193409 -7.00588515684473 -5.21121120183534 -7.09570183360525 -8.98620268027985 -6.42767126217397 -14.5356366403195 -22.7806464792638 -31.0491041673654 -42.6674988294032 -10.0627069464683 -15.4206924413312 -23.4158222108303 -18.8794852333578 -19.0760610284626 -19.3232994776705 -22.0827964855038 -24.8462205997443 -16.2528664794544 -10.9998942588977 -14.0873507493378 -4.22866609440484 -3.06833158615208 -10.9406085148361 -7.22031251119091 -4.06318407710418 -10.9590109298943 -2.34892897333831 
-19.4 2.68011992587708 -2.87829981278735 -6.97138320599148 -5.24220308720065 -7.16119566982382 -9.08619846735166 -6.3656873244017 -14.4391507516939 -22.649658639785 -30.8836143770334 -42.4675070882179 -10.0317108481778 -15.3551943921875 -23.3158222108333 -18.941477429947 -19.1725551759051 -19.4542955759662 -22.2482945346528 -25.0462205997466 -16.2633344257229 -10.9758602543129 -14.0288147938997 -4.27012592603555 -3.07528946692953 -10.9130644447599 -7.09979261797752 -3.97716613474404 -10.9074949383874 -2.38366888314016 
-19.2 2.66910900967196 -2.91529486668271 -6.93438815209611 -5.26820883595183 -7.22419647247036 -9.18619432389357 -6.31367569931486 -14.3501440727117 -22.5236569069075 -30.7206175902604 -42.2675152475496 -10.0057009559713 -15.2921894460856 -23.2158222108361 -18.993497214369 -19.2615700142224 -19.580305468179 -22.4112994807608 -25.24622059975 -16.281380400123 -10.9569111748177 -13.9728706605092 -4.31417764918422 -3.08234613618284 -10.8831260601183 -6.99183685949745 -3.90620543015934 -10.873529287698 -2.42090548012271 
-19 2.65750235319138 -2.95429152000791 -6.89539149877091 -5.29021153986402 -7.28519582970775 -9.28619033445616 -6.26967019240807 -14.2671419124797 -22.4016580933503 -30.559622123378 -42.067523127342 -9.9836942626239 -15.231186099413 -23.1158222108383 -19.0375106010705 -19.3445800542492 -19.7023121615309 -22.572302827438 -25.4462205997524 -16.3053679746408 -10.9419020960102 -13.9188649283765 -4.36016792761153 -3.08933976128533 -10.8511230318952 -6.89382562045556 -3.84719084444266 -10.8535113553066 -2.46014315209254 
-18.8 2.64541368652135 -2.99490765645372 -6.8547753623251 -5.30897548503416 -7.3445759113237 -9.38618655251792 -6.23214222397552 -14.1889978076014 -22.2828978520261 -30.4002457456081 -41.8675306131262 -9.96492653551766 -15.1718022358609 -23.0158222108404 -19.0750460552894 -19.4227316449139 -19.8210798886414 -22.7316866909943 -25.6462205997545 -16.3340332478376 -10.9299512327612 -13.8662979286817 -4.40759714597676 -3.09615284320398 -10.8173199773684 -6.8037306523261 -3.797712012759 -10.8446486600687 -2.50099752963943 
-18.6 2.63293091626838 -3.03684792279208 -6.81283509598675 -5.32509140831757 -7.40263210094547 -9.48618300847805 -6.19991031506352 -14.114825632351 -22.1667854104374 -30.242193037681 -41.6675376388608 -9.94880706819628 -15.1137425022012 -22.9158222108423 -19.1072849899379 -19.4969108459007 -19.9371993559666 -22.8897464246578 -25.8462205997564 -16.3664079560563 -10.9203856746416 -13.8147921042237 -4.45608777747662 -3.10270320836626 -10.7819300761919 -6.71999291895422 -3.75591454572548 -10.8447914593736 -2.54317259153058 
-18.4 2.62012231349945 -3.07988293831062 -6.76980008046821 -5.33901808517223 -7.45959379331867 -9.58617971636978 -6.17205691102757 -14.0439372127965 -22.0528619753643 -30.0852345870894 -41.4675441727507 -9.93487709923505 -15.0567775177214 -22.815822210844 -19.1351449278654 -19.5678057993467 -20.0511293249312 -23.046711409141 -26.046220599758 -16.4017490073128 -10.9126917103795 -13.7640631244431 -4.50535550558642 -3.10893592095675 -10.7451277732643 -6.64141053513595 -3.72036717742575 -10.8522791065924 -2.58643958305424 
-18.2 2.60704143205658 -3.12383277000154 -6.72585024877728 -5.35111538438219 -7.51564092421955 -9.68617667896159 -6.14786227159054 -13.9757927416686 -21.9407676725455 -29.9291904525796 -41.26755020655 -9.92277676261841 -15.0007273494139 -22.7158222108455 -19.1593456011032 -19.6359563042755 -20.1632296615508 -23.2027615774515 -26.2462205997595 -16.4394824119131 -10.9064752832889 -13.7138968656616 -4.55518620939482 -3.11481679307499 -10.7070588136912 -6.56704963691589 -3.68995611089661 -10.8658178717541 -2.63062038744989 
-18 2.59373079705983 -3.16855453973555 -6.68112847904327 -5.3616690574344 -7.57091636700576 -9.78617389148181 -6.12675489177794 -13.909963592122 -21.8302167532648 -29.773917763565 -41.0675557478013 -9.91222030208778 -14.9454491191492 -22.6158222108469 -19.1804585221684 -19.7017909950747 -20.2737861220841 -23.3580398077188 -26.4462205997608 -16.4791610443082 -10.90143214595 -13.6641319585887 -4.6054185148412 -3.1203273287866 -10.6678475796692 -6.49617735002907 -3.6638055937438 -10.8843891243353 -2.67557508451333 
-17.8 2.58022460946813 -3.21393333733674 -6.63574968144209 -5.3709089150296 -7.62553502220215 -9.88617134427939 -6.10827514868337 -13.8461050514262 -21.7209794149679 -29.6193016276669 -40.867560814302 -9.90297789729136 -14.8908279167516 -22.5158222108481 -19.1989433317649 -19.7656546022724 -20.3830285268829 -23.5126610101188 -26.646220599762 -16.5204334832564 -10.897325787297 -13.6146468023345 -4.65593081138302 -3.125460827728 -10.627602281009 -6.42821245067913 -3.64121949199505 -10.9071818201878 -2.72119281279791 
-17.6 2.56655072560534 -3.25987556966684 -6.58980744911199 -5.37902213078477 -7.67959047028742 -9.98616902469476 -6.09204869392481 -13.7839363643375 -21.6128684955492 -29.465248475918 -40.6675654302231 -9.89486236195264 -14.8367701490828 -22.4158222108492 -19.2151744024455 -19.8278279052831 -20.4911440622237 -23.6667187777898 -26.846220599763 -16.5630210709748 -10.8939711426854 -13.5653499253927 -4.70663161485592 -3.13021939887003 -10.5864186198213 -6.36268911897772 -3.62163839262373 -10.9335429531466 -2.76738532976092 
-17.4 2.55273210117593 -3.30630410894568 -6.54337890983314 -5.38616294590939 -7.73315982469089 -10.0861669183771 -6.07776704419395 -13.7232261753278 -21.5057297672606 -29.3116812083506 -40.4675696233768 -9.88771944051129 -14.7831986883626 -22.3158222108501 -19.2294602453311 -19.8885422874475 -20.598286983667 -23.8202902385118 -27.046220599764 -16.6067010207562 -10.8912225531879 -13.5161727966164 -4.75745237976061 -3.13461162449664 -10.5443823061687 -6.29923034046962 -3.60460815339448 -10.9629412531962 -2.81408228323609 
-17.2 2.53878785739653 -3.35315471070661 -6.49652830807221 -5.39245983420992 -7.78630731475235 -10.1861650101995 -6.06517325118475 -13.6637817805577 -21.3994347707295 -29.1585356100586 -40.2675734233239 -9.88142064403402 -14.7300492901244 -22.215822210851 -19.2420578382882 -19.9479904821655 -20.704585780146 -23.9734396367517 -27.2462205997648 -16.6512938470551 -10.8889647777258 -13.4670644193934 -4.80834209435951 -3.13865073733384 -10.5015708172454 -6.23752817023654 -3.58975658492233 -10.9949402864849 -2.86122787925239 
-17 2.52473407704383 -3.40037333919274 -6.44930967958608 -5.39802085191848 -7.83908696094704 -10.2861632848803 -6.05405120188332 -13.6054411027702 -21.2938754644558 -29.0057576752988 -40.0675768600779 -9.87585790100706 -14.6772679186113 -22.1158222108518 -19.2531833243444 -20.0063345967079 -20.8101485231744 -24.1262210082664 -27.4462205997655 -16.6966539349473 -10.8871062371319 -13.4179872503134 -4.85926319995917 -3.14235321444814 -10.4580546658732 -6.17732895185433 -3.57677599502625 -11.029178325075 -2.90877870128595 
-16.8 2.51058439956978 -3.44791416785794 -6.40176885092089 -5.40293763712072 -7.89154457481447 -10.3861617274129 -6.04421761968166 -13.5480666919033 -21.1889602249238 -28.8533016071016 -39.8675799632155 -9.87093955833813 -14.6248087472772 -22.0158222108525 -19.2630200096843 -20.063712110713 -20.9150668658447 -24.2786801796018 -27.6462205997662 -16.7426624108526 -10.8855738843721 -13.3689140688883 -4.91018846106642 -3.14573764688943 -10.4138982696496 -6.11842218822692 -3.56541006006404 -11.065353218778 -2.95670208823776 
-16.6 2.49635047884658 -3.495738041411 -6.35394497736783 -5.40728848593983 -7.94371929718664 -10.4861603233381 -6.03551591198116 -13.4915411106497 -21.0846107701172 -28.7011282787419 -39.6675827613028 -9.86658730544487 -14.5726326208309 -21.9158222108531 -19.2717245154726 -20.1202404900544 -21.0194191187392 -24.4308563060493 -27.8462205997668 -16.7892216760832 -10.8843092760495 -13.3198255870127 -4.96109857511507 -3.14882388738578 -10.3691606365925 -6.06063199865022 -3.55544374404039 -11.1032107763074 -3.0049754012335 
-16.4 2.48204233217984 -3.54381130318302 -6.30587171559581 -5.41114069798191 -7.99564477100074 -10.5861590589243 -6.0278114792863 -13.4357634161829 -20.9807598138783 -28.549204060731 -39.4675852815198 -9.86273382898946 -14.5207058826034 -21.8158222108536 -19.2794314683851 -20.1760207047388 -21.1232725951957 -24.5827830442779 -28.0462205997673 -16.8362512019112 -10.8832655401055 -13.2707085892967 -5.011980312985 -3.15163236348294 -10.3238958509181 -6.00381056823879 -3.54669557540098 -11.14253586944 -3.05358556402253 
-16.2 2.46766861551441 -3.59210487047644 -6.25757814830238 -5.41455242573555 -8.04735006604781 -10.6861579212647 -6.02098801638797 -13.3806463859911 -20.8773492163931 -28.3974998959524 -39.2675875494478 -9.8593209635768 -14.4689994498974 -21.7158222108541 -19.2862571992118 -20.231140002859 -21.2266854606093 -24.7344894769849 -28.2462205997678 -16.8836842507545 -10.8824050216554 -13.2215545035531 -5.06282508958107 -3.15418357278635 -10.2781534929277 -5.94783301959643 -3.53901159405204 -11.1831454553845 -3.10252928386614 
-16 2.453236841131 -3.64059350313642 -6.20908951564241 -5.41757413747629 -8.09886041044853 -10.7861568983254 -6.01494458654551 -13.3261143234887 -20.7743285212307 -28.24599056813 -39.0675895889654 -9.8562982288972 -14.4174880825578 -21.6158222108546 -19.2923026685723 -20.2856741048795 -21.3297081952897 -24.8860008443253 -28.4462205997682 -16.9314653005306 -10.8816974387715 -13.1723582880093 -5.11362785109788 -3.15649770164241 -10.2319789891241 -5.8925933742097 -3.53226058132529 -11.2248830753177 -3.15181381616415 
-15.8 2.43875354970805 -3.6892552254484 -6.16042779333042 -5.42024977348609 -8.15019776877031 -10.8861559789592 -6.00959330903982 -13.272101323671 -20.671653799101 -28.0946541236883 -38.8675914222118 -9.85362167352157 -14.3661498048702 -21.515822210855 -19.2976557793248 -20.3396889379439 -21.4323847506661 -25.0373391220137 -28.6462205997685 -16.9795480208095 -10.8811184367385 -13.1231175636642 -5.16438620738583 -3.15859433561913 -10.1854139007885 -5.83800137235855 -3.52633030178614 -11.2676145180905 -3.20145807437027 
-15.6 2.42422445118427 -3.73807085286079 -6.11161216591803 -5.42261769259222 -8.20138131528883 -10.9861551528901 -6.00485746608636 -13.2185498533051 -20.5692867013228 -27.9434713984977 -38.6675930696088 -9.8512529283467 -14.3149654322829 -21.4158222108553 -19.3023932696755 -20.3932420557071 -21.5347534958417 -25.1885234946016 -28.8462205997689 -17.0278936613237 -10.8806484498403 -13.0738319493537 -5.2150997670062 -3.16049226782635 -10.1384962055837 -5.78397991509418 -3.52112447193416 -11.3112243156509 -3.25149453069789 
-15.4 2.4096545400098 -3.78702360475801 -6.06265941402082 -5.42471144659002 -8.25242782118384 -11.0861544106823 -6.00066995398744 -13.165409589309 -20.4671936854294 -27.7924256307071 -38.467594549921 -9.84915843214145 -14.2639181841804 -21.3158222108556 -19.306582262087 -20.4463838000157 -21.6368479920475 -25.3395707427047 -29.0462205997692 -17.0764697597451 -10.8802717963645 -13.0245025439807 -5.26576961942474 -3.16220936834844 -10.0912605542082 -5.73046299762196 -3.51656030635914 -11.3556129019731 -3.30197192724507 
-15.2 2.39504818897694 -3.83609878920302 -6.0135842295758 -5.42656041071786 -8.3033519697567 -11.1861537437002 -5.99697202217901 -13.1126364730556 -20.365345384731 -27.6415021455637 -38.2675958803325 -9.84730880103157 -14.2129933686255 -21.2158222108557 -19.3102815243071 -20.4991582466809 -21.7386976231577 -25.4904955582599 -29.2462205997694 -17.1252491126002 -10.8799759647746 -12.9751315279457 -5.31639793640758 -3.16376250088589 -10.0437385023006 -5.67739404977831 -3.51256654296051 -11.4006943230195 -3.35295879533029 
-15 2.38040922861546 -3.88528353618103 -5.96439948259779 -5.42819031711705 -8.35416662313391 -11.2861531440554 -5.99371220630023 -13.0601919101988 -20.2637160748962 -27.4906880887508 -38.0675970765417 -9.84567829498785 -14.1621781156038 -21.115822210856 -19.3135425363961 -20.5516040057479 -21.8403281292027 -25.6413108112829 -29.4462205997704 -17.1742089472301 -10.8797510524264 -12.9257218686196 -5.36698767743642 -3.16516749493672 -9.99595874937382 -5.62472457457315 -3.50908181473337 -11.4463943417704 -3.40454846164462 
-14.8 2.36574101354927 -3.93456657465064 -5.91511644412819 -5.42962370067985 -8.40488304516631 -11.3861526045575 -5.99084543650819 -13.0080421019371 -20.1622832281649 -27.33997220355 -37.8675981528712 -9.84424437192728 -14.1114611540736 -21.0158222108562 -19.3164103825171 -20.6037548903385 -21.9417620522629 -25.7920277728127 -29.6462205997698 -17.2233302431657 -10.8795893098925 -12.876277087616 -5.41754235693463 -3.16643913596532 -9.94794735193244 -5.5724130237773 -3.50605330240712 -11.4926488679138 -3.45686580162061 
-14.6 2.35104647837579 -3.98393804479743 -5.86574497398139 -5.43088027448519 -8.45551108911844 -11.4861521186564 -5.98833228658913 -12.9561574818713 -20.0610271379523 -27.1893446431905 -37.667599122365 -9.84298731222106 -14.0608326242206 -20.9158222108564 -19.3189245019309 -20.655640479899 -22.0430191119703 -25.9426563026669 -29.8462205997708 -17.2725971952904 -10.8794847918704 -12.8268010994471 -5.46806588286449 -3.16759119174839 -9.8997279375691 -5.52042388568918 -3.50343563446579 -11.5394026701192 -3.5100764633132 
-14.4 2.33632818376645 -4.03338934314325 -5.81629367563558 -5.43197723952962 -8.50605935250869 -11.5861516803924 -5.9861383545091 -12.9045122514454 -19.9599306091806 -27.0387968160731 -37.4675999969017 -9.84188990891287 -14.0102839225666 -20.8158222108566 -19.321119308547 -20.707286584861 -22.144116515278 -26.0932050043204 -30.0462205997701 -17.3219967778186 -10.8794330760527 -12.7772980852837 -5.51856243043692 -3.168636440975 -9.85132188844951 -5.46872693944552 -3.50118998656794 -11.5866083205672 -3.56439924445209 
-14.2 2.32158835884184 -4.08291298017181 -5.76677003860701 -5.43292956941788 -8.55653531942551 -11.6861512843378 -5.98423369301802 -12.8530839529258 -19.8589786736324 -26.8883212434963 -37.2676007872964 -9.84093718297016 -13.9598075595953 -20.7158222108567 -19.3230247604336 -20.7587156737762 -22.2450692412218 -26.2436813672928 -30.246220599771 -17.3715183838617 -10.8794310450672 -12.7277724172696 -5.56903636636809 -3.16958673987761 -9.80274855032394 -5.41729660994022 -3.49928329409122 -11.634225265119 -3.62012445204127 
-14 2.30682893376797 -4.13250247081003 -5.7171805479688 -5.43375022935318 -8.60694546999903 -11.7861509255496 -5.98259237168126 -12.8018531409508 -19.7581583710192 -26.7379114502449 -37.0676015034068 -9.84011616424672 -13.9093970502337 -20.6158222108569 -19.3246667978801 -20.8099472018609 -22.3458902599447 -26.3940918766539 -30.4462205997704 -17.4211535462532 -10.8794767168205 -12.6782285983846 -5.61949218869476 -3.17045307156606 -9.75402539137379 -5.3661114697184 -3.49768764450761 -11.6822191061736 -3.67763912174235 
-13.8 2.29205157002434 -4.182152232732 -5.66753078604683 -5.43445037947816 -8.65729538204597 -11.8861505995185 -5.98119207018524 -12.7508030775328 -19.6574585456793 -26.587561862983 -36.8676021542229 -9.83941568809079 -13.8590468121558 -20.515822210857 -19.3260677501931 -20.8609979160958 -22.4465907361016 -26.5444421147328 -30.6462205997712 -17.4708957057993 -10.8795691144446 -12.6286712340868 -5.66993449836574 -3.17124561931507 -9.70516817720122 -5.31515380392444 -3.49637974063562 -11.7305609642236 -3.73746521322648 
-13.6 2.2772576850839 -4.23185750343771 -5.61782551534111 -5.43503954067066 -8.70758981394419 -11.9861503021224 -5.98001374675469 -12.6999194833965 -19.5568696808373 -26.4372677274353 -36.6676027479694 -9.83882622950232 -13.8087520828616 -20.4158222108571 -19.3272466673695 -20.911882103978 -22.5471801946895 -26.6947368440264 -30.8462205997705 -17.5207400349733 -10.8797081729129 -12.5791050218494 -5.72036798873214 -3.17197383897575 -9.6561911261558 -5.26440926825635 -3.49534047567325 -11.779226969967 -3.80031752782464 
-13.4 2.26244847266935 -4.28161427219499 -5.56806874658383 -5.43552573061865 -8.75783277264946 -12.086150029585 -5.97904136599191 -12.6491903338765 -19.4563837625599 -26.2870250404006 -36.4676032921775 -9.83833976701698 -13.758508851619 -20.3158222108572 -19.3282195923412 -20.962611797707 -22.6476666571758 -26.8449800752699 -31.0462205997714 -17.5706832994525 -10.8798946686349 -12.529534748814 -5.77079744315926 -3.1726465246456 -9.60710704306875 -5.21386661445815 -3.49455459063232 -11.8281978536833 -3.86719551948493 
-13.2 2.24762492254376 -4.33141921354596 -5.51826380523286 -5.43591559676253 -8.80802758014431 -12.1861497784308 -5.97826163300646 -12.5986056595401 -19.3559941468725 -26.1368304833623 -36.2676037937882 -9.837949649719 -13.70831379297 -20.2158222108573 -19.3289998269366 -21.0131969736533 -22.7480567744731 -26.9951751339182 -31.2462205997706 -17.6207237427326 -10.880130170564 -12.4799653093922 -5.82122775258317 -3.17327189271853 -9.55792746979033 -5.16351744205079 -3.49401035957593 -11.8774585639779 -3.93953887464771 
-13 2.23278783308342 -4.38126964506413 -5.4684133737147 -5.43621450074548 -8.85817691564543 -12.2861495454501 -5.97766382449581 -12.5481574195113 -19.2556954753256 -25.9866813802971 -36.0676042592049 -9.8376505127554 -13.6581642244883 -20.1158222108573 -19.3295981008648 -21.0636456790996 -22.8483559114376 -27.1453247024009 -31.4462205997714 -17.6708610238387 -10.880417020152 -12.430401727462 -5.87166393767223 -3.17385764628943 -9.50866279184344 -5.11335605160992 -3.49369940065323 -11.9269980365734 -4.01950212510757 
-12.8 2.21793782617897 -4.43116347728866 -5.41851954149017 -5.4364266185043 -8.90828286562877 -12.3861493276579 -5.97723958857992 -12.4978393513708 -19.1554835749606 -25.8365756477077 -35.8676046943909 -9.83743817720452 -13.6080580567129 -20.0158222108574 -19.3300227719659 -21.1139641824253 -22.9485682469878 -27.2954308701756 -31.6462205997707 -17.7210961525923 -10.880758316681 -12.3808491917665 -5.92211118418455 -3.17441106057722 -9.45932237390632 -5.06337927999848 -3.49361646126632 -11.976808929411 -4.11049046024326 
-12.6 2.20307535398751 -4.48109919103838 -5.36858382774045 -5.43655498561455 -8.95834694648874 -12.4861491222676 -5.97698285409826 -12.4476469031395 -19.0553554129795 -25.6865117719768 -35.6676051049104 -9.837309604704 -13.5579937704626 -19.9158222108574 -19.3302799169678 -21.1641570411769 -23.0486968194891 -27.4454951564267 -31.8462205997715 -17.7714314718139 -10.8811579221529 -12.3313130834887 -5.97257487051638 -3.17493903315933 -9.4099146327391 -5.01358643723895 -3.49375933225651 -12.0268875141509 -4.2183088218535 
-12.4 2.18820070987567 -4.53107580064475 -5.31860721813407 -5.43660157078564 -9.00837014126621 -12.5861489266515 -5.97688968363105 -12.3975771230659 -18.9553090232996 -25.5364887726905 -35.4676054960176 -9.83726282391679 -13.507970380069 -19.8158222108575 -19.3303734785415 -21.214227212357 -23.1487436002756 -27.5955185468195 -32.0462205997707 -17.8218706376689 -10.8816204784015 -12.2817990301309 -6.02306062154241 -3.17544817457899 -9.36044716455199 -4.96397921341394 -3.49412871803787 -12.0772335095386 -4.35406068398264 
-12.2 2.17331403261051 -4.58109283987093 -5.2685901789079 -5.43656730399652 -9.05835291370326 -12.6861487383147 -5.97695821721461 -12.3476286174233 -18.8553434784308 -25.3865061885955 -35.2676058726965 -9.83729690236917 -13.4579874192952 -19.7158222108575 -19.3303053216376 -21.2641760946793 -23.248709521824 -27.7455015075941 -32.2462205997715 -17.8724186344326 -10.8821514359391 -12.2323129484423 -6.07357435151703 -3.17594486532743 -9.31092681607465 -4.91456166530888 -3.49472820915899 -12.1278500398859 -4.54340863087824 
-12 2.15841531101614 -4.63115034626618 -5.21853267251265 -5.43645210775785 -9.10829522385984 -12.7861485548665 -5.9771886098294 -12.2978015036428 -18.7554588582551 -25.2365640620246 -35.0676062397303 -9.83741191515968 -13.4080449256905 -19.6158222108575 -19.3300752960558 -21.3140035754928 -23.3485945090327 -27.8954440011981 -32.4462205997707 -17.9230817960033 -10.8827570911145 -12.1828610972225 -6.12412231684905 -3.1764353242642 -9.26135976861578 -4.86534020670387 -3.49556425694922 -12.1787435940714 -4.87357084350861 
-11.8 2.14350438653491 -4.68124885256087 -5.16843416621795 -5.43625491429666 -9.15819653669335 -12.8861483739947 -5.97758299702046 -12.2480973845392 -18.6556562328567 -25.0866629303316 -34.8676066017426 -9.83760892774909 -13.3581434319852 -19.5158222108575 -19.3296812708778 -21.3637080566094 -23.4483974964441 -28.0453454949041 -32.6462205997715 -17.9738678412999 -10.8834446301164 -12.1334501299297 -6.17471116868439 -3.17692566980484 -9.21175160786211 -4.81632362660206 -3.49664618314211 -12.229924026559 -5.78346346953502 
-11.6 2.12858095485717 -4.73138938119055 -5.11829363758828 -5.43597367648246 -9.20805582750882 -12.9861481934399 -5.97814547305567 -12.1985193319447 -18.5559376516326 -24.9368038204777 -34.6676069632591 -9.83788998500824 -13.3082839606147 -19.4158222108573 -19.3291191563591 -21.4132864707204 -23.5481164391847 -28.1952049662744 -32.8462205997714 -18.0247859235453 -10.8842221837321 -12.0840871549157 -6.2253480131154 -3.17742198560657 -9.16210739503378 -4.76752312762333 -3.49798621279306 -12.2814045848396 -4.77859586005039 
-11.4 2.1136445668526 -4.78157344116678 -5.06810957761204 -5.43560537405883 -9.25787158506143 -13.0861480109687 -5.97888207845054 -12.1490718773633 -18.456306137075 -24.7869882459439 -34.467607328749 -9.8382581049607 -13.2584680205909 -19.3158222108573 -19.3283829164541 -21.4627342907916 -23.6477483192322 -28.3450209062982 -33.0462205997714 -18.0758466887419 -10.8850988889525 -12.0347798001599 -6.27604047588886 -3.17793038840302 -9.11243173785438 -4.71895237826243 -3.49959952340839 -12.3332019554312 -4.49735475925318 
-11.2 2.0986946253106 -4.83180303902908 -5.01787997974974 -5.43514599172594 -9.30764180059084 -13.1861478243604 -5.97980084381452 -12.099761044865 -18.3567657067144 -24.637218217721 -34.2676077026638 -9.83871730068529 -13.2086976184532 -19.2158222108573 -19.3274645250048 -21.5120454972047 -23.7472891235075 -28.4947913084358 -33.2462205997713 -18.1270623462721 -10.8860849486204 -11.9855362619655 -6.32679675108576 -3.17845706573839 -9.06272881732707 -4.67062760543199 -3.50150434844026 -12.3853363783253 -4.32486186323499 
-11 2.08373038703576 -4.88208067180439 -4.96760234697443 -5.43459053318964 -9.35736397482985 -13.2861476313747 -5.98091176174412 -12.0505943300193 -18.2573213590933 -24.4874962373247 -34.0676080894922 -9.83927256623588 -13.1589752512285 -19.1158222108573 -19.3263539939035 -21.5612125988787 -23.8467338579569 -28.6445136756604 -33.4462205997713 -18.1784467361735 -10.8871917057465 -11.9363653863163 -6.37762568245132 -3.17900836432787 -9.01300248314162 -4.62256764771244 -3.50372202349601 -12.4378316861564 -4.19805818620407 
-10.8 2.06875095725991 -4.93240934578172 -4.9172736729971 -5.43393298360294 -9.40703509922048 -13.3861474297427 -5.98222686194681 -12.0015807562447 -18.1579791113414 -24.3378253155954 -33.8676084937855 -9.8399299141905 -13.1093039252058 -19.0158222108573 -19.3250392979941 -21.6102265769466 -23.9460765100021 -28.794185001683 -33.6462205997712 -18.2300154114742 -10.8884317070699 -11.8872767136623 -6.42853680816498 -3.17959081606497 -8.96325626090101 -4.57479407526122 -3.50627712502212 -12.4907154616598 -4.09609822856713 
-10.6 2.05375529034063 -4.98279257416534 -4.86689044461349 -5.43316631423338 -9.45665165823454 -13.4861472171404 -5.98376020190181 -11.952730867816 -18.0587459945291 -24.1882089703995 -33.6676089202061 -9.84069637095769 -13.0596871535894 -18.9158222108572 -19.3235063844596 -21.6590768917957 -24.0453100532348 -28.9438017732993 -33.8462205997711 -18.281785709673 -10.889818776885 -11.8382805550938 -6.4795404369946 -3.18021121651021 -8.91349343296301 -4.52733125664778 -3.5091975347923 -12.5440190998136 -4.00949615828235 
-10.4 2.0387421855703 -5.03323439115571 -4.81644862762311 -5.43228245428992 -9.50620961528145 -13.5861469911777 -5.98552792320902 -11.9040567721329 -17.9596300818556 -24.0386512407356 -33.4676093735518 -9.84158000493838 -13.0101289705797 -18.8158222108571 -19.321739116498 -21.7077514408245 -24.144426419254 -29.0933599563089 -34.046220599771 -18.3337768308691 -10.8913680810907 -11.7893880423092 -6.53064769824692 -3.18087666077292 -8.86371706023496 -4.48020646517041 -3.5125145603053 -12.597777942317 -3.93315276202618 
-10.2 2.02371028764173 -5.08373935038501 -4.76594366839382 -5.43127229403197 -9.5557044142528 -13.6861467493783 -5.98754824536985 -11.8555721350644 -17.8606404855578 -23.8891566852085 -33.2676098587954 -9.8425899233969 -12.9606339298089 -18.7158222108571 -19.3197192795807 -21.7562365631365 -24.2434165007953 -29.2428549970795 -34.2462205997709 -18.3860098978022 -10.8930961887946 -11.7406111907838 -6.5818706049226 -3.18159460821854 -8.81393004845167 -4.43344993580589 -3.51626299017008 -12.6520313314111 -3.86402756331928 
-10 2.00865808455274 -5.13431253195753 -4.7153704868213 -5.43012567067897 -9.60513097247231 -13.7861464891703 -5.98984149396936 -11.8072922020914 -17.7617873710123 -23.7397303890905 -33.0676103811049 -9.84373628654186 -12.9112071113813 -18.615822210857 -19.3174265532905 -21.8045170184188 -24.3422701376502 -29.3922818155069 -34.4462205997708 -18.4385080127631 -10.8950211221829 -11.6919629425996 -6.63322209653018 -3.18237291825436 -8.76413517691459 -4.38709493622133 -3.52048117215803 -12.7068226949716 -3.8001782648827 
-9.80000000000004 1.99358391016722 -5.1849595338447 -4.66472348493413 -5.42883138560552 -9.65448368928604 -13.8861462078712 -5.99243006628564 -11.7592337725205 -17.6630819395543 -23.5903779557453 -32.8676109458724 -9.84503029031611 -12.8618541132684 -18.5158222108569 -19.3148385457417 -21.8525760127572 -24.4409761338757 -29.5416348136196 -34.6462205997707 -18.4912962866353 -10.897162394168 -11.6434572126975 -6.68471608532944 -3.18321990516569 -8.71433516193913 -4.34117777863559 -3.52521101645947 -12.7621995411602 -3.74030165859558 
-9.60000000000004 1.97848594840616 -5.23568645780409 -4.61399656097474 -5.42737723249244 -9.70375646013234 -13.9861459026769 -5.99533837498875 -11.7114151572642 -17.5645364003386 -23.4411054925702 -32.667611558738 -9.84648413823479 -12.8125810372277 -18.4158222108568 -19.3119308499041 -21.9003952408789 -24.5395222859568 -29.69090788966 -34.8462205997706 -18.5444018429047 -10.899541026478 -11.5951089210481 -6.73636748848545 -3.18414438436308 -8.66453271717675 -4.2957377956894 -3.53049795747267 -12.8182134061328 -3.68349207673313 
-9.40000000000004 1.9633622399997 -5.28649988669337 -4.56318313208545 -5.42575004269082 -9.75294269922 -14.0861455706539 -5.99859275741268 -11.6638561107989 -17.466163924984 -23.2919195883263 -32.4676122256048 -9.84811099601324 -12.7633944661169 -18.3158222108567 -19.3086771343468 -21.9479549542109 -24.6378954281781 -29.8400944607706 -35.0462205997704 -18.5978537900839 -10.9021795447679 -11.5469340104487 -6.78819224586352 -3.1851557128511 -8.61473061677587 -4.25081726751408 -3.53639085818663 -12.874919735736 -3.62910413446917 
-9.20000000000004 1.94821069389582 -5.33740684613879 -4.51227617264003 -5.4239357618775 -9.80203537785211 -14.1861452087314 -6.00222132224365 -11.6165777161844 -17.3679785709241 -23.142827274821 -32.2676129526541 -9.84992491490395 -12.7143014255622 -18.2158222108566 -19.3050492965649 -21.9952340758745 -24.7360815092871 -29.989187501325 -35.2462205997703 -18.6516831501342 -10.9051019453727 -11.4989494516081 -6.84020732510026 -3.18626383264318 -8.56493177712214 -4.20646127350463 -3.5429418236226 -12.9323776606174 -3.57666948247298 
-9.00000000000004 1.93302910542116 -5.38841474351758 -4.46126827526125 -5.42191957208134 -9.85102708543474 -14.2861448136928 -6.00625370546912 -11.5696022020311 -17.269995159392 -22.9938359659101 -32.0676137463644 -9.85194070966138 -12.6653093229408 -18.1158222108564 -19.3010177070496 -22.0422103837379 -24.8340657145293 -30.1381796039461 -35.4462205997701 -18.7059227270429 -10.9083336249027 -11.4511732337593 -6.89243071221341 -3.18747932237678 -8.51513936947735 -4.16271743888146 -3.55020588637822 -12.9906496207518 -3.52584344471359 
-8.80000000000004 1.91781517956406 -5.43953128973028 -4.41015172904854 -5.41968604813287 -9.89991010769897 -14.3861443821697 -6.01072075747865 -11.522952707828 -17.1722291189761 -22.8449533792815 -31.8676146135231 -9.85417380208663 -12.6164258691533 -18.0158222108563 -19.2965515221986 -22.0888607450996 -24.9318326221037 -30.2870630577332 -35.6462205997699 -18.7606069185884 -10.9119012702355 -11.4036243328794 -6.94488137981021 -3.18881344376164 -8.46535694464912 -4.11963559001124 -3.5582405837207 -13.049800864307 -3.47637004704348 
-8.60000000000004 1.90256656287238 -5.49076439202888 -4.35891862674994 -5.41721937200042 -9.94867653386512 -14.4861439106345 -6.01565411439248 -11.4766529624432 -17.0746962712927 -22.6961874292995 -31.6676155612425 -9.85664000668366 -12.5676589714518 -17.9158222108561 -19.291619113004 -22.1351614382036 -25.0293664175063 -30.4358299554344 -35.8462205997697 -18.8157714532013 -10.9158327025498 -11.3563226628951 -6.99757923829123 -3.19027819994329 -8.41558859853255 -4.07726727694095 -3.56710537294901 -13.1098987558339 -3.42805773651437 
-8.40000000000004 1.88728088513017 -5.54212201398928 -4.30756100478954 -5.41450361283389 -9.99731839665899 -14.5861433953888 -6.02108563797362 -11.4307268640639 -16.9774125509531 -22.5475460869995 -31.4676165969821 -9.85935525060427 -12.519016593412 -17.8158222108559 -19.2861886251622 -22.1810885723222 -25.1266511735853 -30.5844723334737 -36.0462205997695 -18.8714530455676 -10.9201566729557 -11.3092890113406 -7.0505450714908 -3.19188641118323 -8.3658391878117 -4.03566514896777 -3.57686086693623 -13.1710118717815 -3.38076201167652 
-8.20000000000005 1.87195581104606 -5.59361200184588 -4.25607101693294 -5.41152307428121 -10.0458278459629 -14.6861428325493 -6.02704672099352 -11.3851979592272 -16.8803936582598 -22.3990372064496 -31.2676177285756 -9.86233522631728 -12.4705065812684 -17.7158222108557 -19.2802286737355 -22.2266186087522 -25.2236711978719 -30.7329823456169 -36.2462205997692 -18.9276889687232 -10.9249026082546 -11.262544958783 -7.10380045609427 -3.19365180792933 -8.31611459670159 -3.99488217943023 -3.5875678852553 -13.2332088779572 -3.33437282277763 
-8.00000000000005 1.85658910591155 -5.6452418638896 -4.20444115488923 -5.40826273566761 -10.094197369393 -14.7861422180231 -6.03356740487473 -11.3400887810647 -16.7836546180535 -22.2506683041996 -31.0676189642819 -9.86559495040449 -12.4221364433119 -17.6158222108555 -19.2737092255604 -22.2717290226208 -25.3204114737842 -30.881352483573 -36.446220599769 -18.9845165268972 -10.9301003043849 -11.2161127928695 -7.15736767565449 -3.19558916544661 -8.26642209217477 -3.95497069739823 -3.59928626526701 -13.2965571200126 -3.28880472134342 
-7.80000000000005 1.84117871057242 -5.69701851857477 -4.15266450020405 -5.40470875575539 -10.142420044166 -14.8861415474813 -6.0406753721726 -11.2954200936774 -16.6872092759811 -22.102446307442 -30.8676203128391 -9.86914825977443 -12.3739130979967 -17.5158222108551 -19.2666026068195 -22.316399058565 -25.4168581644136 -31.0295758288875 -36.6462205997687 -19.0419724515945 -10.9357795743971 -11.1700154081965 -7.21126962044004 -3.1977144555466 -8.21677072758959 -3.91598128002333 -3.61207350257728 -13.361121012008 -3.24398984345465 
-7.60000000000005 1.82572283502668 -5.74894798004399 -4.10073503873484 -5.40084910164078 -10.1904898515206 -14.9861408163051 -6.04839468877413 -11.2512099488097 -16.5910696696442 -21.9543772396359 -30.6676217835638 -9.87300718271262 -12.3258425594656 -17.4158222108548 -19.2588847609431 -22.3606106741579 -25.5129992414757 -31.1776463674188 -36.8462205997692 -19.1000922072276 -10.9419698685609 -11.1242762408911 -7.26552972195873 -3.20004509559608 -8.16717190617023 -3.87796142931973 -3.62598311334289 -13.4269600842429 -3.19987161230094 
-7.40000000000005 1.81022006063722 -5.80103501470863 -4.04864800407019 -5.39667423553842 -10.2384020200829 -15.086140019532 -6.05674443033871 -11.2074726557097 -16.4952453418795 -21.8064658772065 -30.4676233864698 -9.87718125204168 -12.27792959413 -17.3158222108546 -19.2505366222835 -22.4043495701629 -25.6088251721453 -31.3255593327531 -37.0462205997682 -19.1589092379793 -10.9486998646481 -11.0789192023136 -7.32017188660841 -3.20260022558111 -8.11764000149023 -3.84095413230705 -3.64106285099486 -13.4941268565595 -3.1564004117386 
-7.20000000000005 1.79466946143657 -5.85328273368279 -3.99640028509603 -5.39217792982002 -10.2861534333386 -15.1861391517619 -6.06573705220292 -11.1642175585997 -16.3997425257953 -21.6587153421483 -30.2676251324373 -9.88167668998976 -12.230177313104 -17.2158222108544 -19.2415457463874 -22.4476064132409 -25.7043297341975 -31.4733116137795 -37.2462205997687 -19.2184541661656 -10.9559970738601 -11.0339686925515 -7.37522050907649 -3.20540112907503 -8.06819318601037 -3.80499624440943 -3.65735268207141 -13.5626644066102 -3.11352938496197 
-7.00000000000005 1.77907073241659 -5.90569216174883 -3.94399085703 -5.38735812898095 -10.3337430605656 -15.2861382070549 -6.07537666546237 -11.1214477437931 -16.3045632829227 -21.5111266712096 -30.0676270334327 -9.88649554612158 -12.1825867411698 -17.1158222108541 -19.2319080341222 -22.4903781290418 -25.7995108780644 -31.6209021857124 -37.4462205997677 -19.2787539861964 -10.963887465825 -10.9894496564503 -7.43070052826852 -3.20847172020102 -8.01885434906995 -3.7701168215679 -3.67488268729591 -13.6326038399007 -3.07121166385537 
-6.80000000000005 1.76342432945967 -5.95826176720913 -3.89142125156969 -5.38221788979963 -10.3811724268446 -15.3861371787942 -6.08565715663189 -11.0791586295023 -16.2097045631716 -21.3636983459982 -29.867629102761 -9.89163475704195 -12.1351563466298 -17.0158222108539 -19.2216296122815 -22.5326693126613 -25.8943716671443 -31.7683325802526 -37.6462205997682 -19.3398312996077 -10.9723951737759 -10.945387758941 -7.48663760249872 -3.21183918897092 -7.96965221237993 -3.73633541522834 -3.69367088641665 -13.7039616444818 -3.02939801363944 
-6.60000000000004 1.74773161648773 -6.01098696748732 -3.83869605129151 -5.37676636997063 -10.4284461072938 -15.4861360595216 -6.09656021038918 -11.0373364829814 -16.1151572163726 -21.2164257989209 -29.6676313554055 -9.89708515759809 -12.0878815469078 -16.9158222108537 -19.2107288111677 -22.5744937118258 -25.9889212665869 -31.9156073799734 -37.8462205997671 -19.4017036294933 -10.9815423033833 -10.9018096882702 -7.54305841255556 -3.21553479874958 -7.92062262188002 -3.70366039831509 -3.71372106978159 -13.7767370281249 -2.98803509376924 
-6.40000000000004 1.73199501330964 -6.06385963238257 -3.78582338639626 -5.37101982140714 -10.4755722236255 -15.5861348407486 -6.10805332295193 -10.9959569306489 -16.0209049991448 -21.0693009167979 -29.4676338083873 -9.90283048738839 -12.0407542118028 -16.8158222108535 -19.1992381515872 -22.6158757171405 -26.0831759367969 -32.0627347150786 -38.0462205997677 -19.4643828939352 -10.99134890293 -10.8587436229216 -7.59999112843415 -3.21959484973292 -7.87181000796849 -3.67208744552942 -3.73502078189117 -13.8509094051297 -2.94706455994109 
-6.20000000000004 1.71621814183891 -6.11686759279993 -3.73281542597889 -5.36500257256577 -10.5225629352015 -15.6861335127419 -6.12008783743409 -10.9549834847137 -15.9269235927922 -20.922311550028 -29.2676364812 -9.90884640822294 -11.99376217222 -16.7158222108533 -19.1872063099168 -22.6568518358875 -26.1771600159612 -32.2097267546603 -38.2462205997667 -19.5278750956351 -11.0018331442125 -10.8162199037868 -7.65746608129291 -3.22406184217431 -7.82326903999213 -3.64159824087699 -3.7575395376561 -13.926436121312 -2.9064227839774 
-6.00000000000004 1.7004059641622 -6.16999417686027 -3.67968884191855 -5.3587479559944 -10.5694349026905 -15.7861320642913 -6.13259708872825 -10.9143661519476 -15.8331796759657 -20.7754410491411 -29.0676393962528 -9.91509957634348 -11.9468887562802 -16.6158222108531 -19.174699973676 -22.697472083707 -26.2709068478411 -32.3566001706006 -38.4462205997673 -19.5921803068559 -11.013011771373 -10.7742719468869 -7.7155166759425 -3.22898585276356 -7.77506646652143 -3.61215953527143 -3.78122741611089 -14.0032505838272 -2.8660413420841 
-5.80000000000004 1.68456490943208 -6.22321778355954 -3.62646523521928 -5.35229916077093 -10.6162097141663 -15.8861304824663 -6.14549469863552 -10.8740401551555 -15.7396300724744 -20.6286678389506 -28.8676425793629 -9.92154678974193 -11.9001123629794 -16.515822210853 -19.161805546878 -22.7378012636083 -26.3644596344417 -32.5033765639004 -38.6462205997664 -19.6572930077561 -11.0249008655739 -10.7329374343885 -7.7741805816193 -3.23442615174109 -7.7272831587993 -3.58372263268042 -3.80601412021915 -14.0812608946347 -2.82584814059073 
-5.60000000000004 1.66870298283175 -6.27651151666331 -3.57317150211551 -5.34570996447537 -10.6629142509745 -15.9861287523783 -6.15867311189898 -10.8339248353152 -15.6462210195304 -20.4819650529027 -28.6676460602113 -9.92813425594943 -11.8534060960831 -16.415822210853 -19.1486306144637 -22.7779200642977 -26.4578721682348 -32.6500828307973 -38.8462205997671 -19.7232028643638 -11.0375169890778 -10.6922598247887 -7.83350124193149 -3.24045307894951 -7.68001635290434 -3.55622343634409 -3.83180865698658 -14.1603491645059 -2.78576933435671 
-5.40000000000004 1.65282985870726 -6.32984287179612 -3.5198401469827 -5.33904535878271 -10.7095810004146 -16.0861268569513 -6.17200234502189 -10.7939227133053 -15.5528875423877 -20.3353002206272 -28.467649872803 -9.93479696621508 -11.806737451216 -16.315822210853 -19.1353051939317 -22.8179259988985 -26.5512094579685 -32.7967514756638 -39.0462205997663 -19.789895989998 -11.0508787595792 -10.6522902401573 -7.89352976187301 -3.24715024375822 -7.63338216257985 -3.52958308483557 -3.85849966061087 -14.240371523263 -2.74573170305079 
-5.20000000000004 1.63695695623755 -6.3831734822016 -3.46650953657723 -5.33238205774489 -10.7562483097823 -16.1861247767244 -6.18532896968433 -10.7539187275623 -15.4595529462391 -20.1886350140732 -28.2676540558435 -9.94145818702614 -11.7600680616215 -16.2158222108531 -19.1219827523106 -22.8579341676829 -26.6445482371583 -32.9434208652591 -39.2462205997672 -19.8573567523274 -11.0650089115032 -10.6130897816758 -7.95432722316452 -3.25461709464425 -7.58751840306079 -3.50370925101638 -3.88595643719716 -14.3211589102548 -2.70566551974425 
-5.00000000000004 1.62109750090167 -6.43645891222142 -3.4132241065574 -5.32580891068412 -10.8029605927414 -16.2861224897033 -6.19847528695914 -10.7137796148173 -15.3661284034743 -20.0419250412886 -28.0676586530391 -9.94802904706598 -11.7133534916416 -16.1158222108533 -19.1088410322307 -22.8980778776229 -26.7379773771181 -33.0901354352387 -39.4462205997666 -19.9255701801423 -11.0799369092982 -10.574732349451 -8.01596750391845 -3.26297194537836 -7.5425878237747 -3.47849813606624 -3.91403075226684 -14.4025186553443 -2.6655077723407 
-4.80000000000004 1.60526658408344 -6.48964845703251 -3.36003456174632 -5.31942730263244 -10.8497685295008 -16.3861199712738 -6.21123852641672 -10.6733533094638 -15.2725125533097 -19.8951196463129 -27.8676637132523 -9.95440813668846 -11.666543036453 -16.0158222108536 -19.0960828529874 -22.9385092431907 -26.831598287497 -33.2369458904287 -39.6462205997676 -19.9945249992721 -11.095702183617 -10.5373080789587 -8.07854071499631 -3.27235561164513 -7.49878194523077 -3.45383710503119 -3.94255926604288 -14.4842367139314 -2.62520538487777 
-4.60000000000004 1.58948123059236 -6.5426849157868 -3.30699810299203 -5.31335160805867 -10.8967292936813 -16.4861171942086 -6.2233899386787 -10.6324682629715 -15.1785910480631 -19.748161682312 -27.6676692904971 -9.96048105419746 -11.6195794952077 -15.9158222108541 -19.0839370179699 -22.9793998669274 -26.925525369988 -33.383909431674 -39.8462205997672 -20.064217365023 -11.1123580906135 -10.5009275272009 -8.14215738617296 -3.28293582406749 -7.45632569889845 -3.42960796553501 -3.97136658530099 -14.5660804919438 -2.58471844014758 
-4.40000000000004 1.57376049738377 -6.59550425992598 -3.25417875885284 -5.3077098543583 -10.9439068841201 -16.5861141287866 -6.23467346841826 -10.5909324485718 -15.0842358895243 -19.600987179634 -27.4676754436799 -9.96611974247637 -11.5723988393474 -15.8158222108546 -19.0726596414144 -23.0209418345111 -27.0198866817109 -33.5310900875361 -40.0462205997685 -20.1346553551831 -11.1299767366344 -10.4657268290826 -8.20695362263218 -3.29491271638752 -7.41548324707968 -3.40569079715578 -4.00026876106094 -14.6478020118429 -2.54402311798355 
-4.20000000000004 1.55812562769279 -6.64803511531437 -3.20164790346445 -5.30264475786735 -10.9913726430175 -16.6861107430724 -6.24480368235012 -10.5485318071153 -14.9893043926794 -19.4535248274007 -27.2676822360582 -9.97118145325363 -11.5249296947363 -15.7158222108551 -19.0625362198615 -23.0633492683466 -27.1148249709348 -33.6785592321483 -40.2462205997691 -20.2058643153191 -11.1486548413821 -10.4318740784419 -8.27309748627639 -3.30852572464373 -7.37656539994712 -3.38196826044623 -4.02907707973978 -14.7291411859101 -2.50311434114345 
-4.00000000000004 1.54260030039586 -6.70019792442064 -3.14948509435818 -5.29831539997175 -11.0392060942282 -16.7861070033894 -6.25346241699337 -10.5050277326523 -14.8936375091101 -19.3056951347251 -27.0676897342764 -9.97550707146697 -11.4770925038433 -15.6158222108559 -19.0538849834372 -23.1068608410286 -27.210499352723 -33.8263964230428 -40.4462205997699 -20.277893240393 -11.1685209573497 -10.3995773853033 -8.3407970534543 -3.3240624827146 -7.33993934891209 -3.35833030195006 -4.05760193034988 -14.8098288456265 -2.46200802929904 
-3.80000000000004 1.52721101650968 -6.75190364773869 -3.09777937104014 -5.2948998250249 -11.0874962425994 -16.8861028750786 -6.26029358285199 -10.4601531751929 -14.7970572283326 -19.1574091306296 -26.8676980068628 -9.978918518104 -11.4287982271623 -15.5158222108568 -19.0470620901659 -23.1517436710753 -27.3070879060878 -33.9746906997257 -40.6462205997708 -20.3508224224939 -11.1897444161325 -10.369095120768 -8.410310660607 -3.34187036655002 -7.30604150942909 -3.33467920327253 -4.0856565549904 -14.8895891935851 -2.42074316596415 
-3.60000000000004 1.51198769034818 -6.80305177758728 -3.04663124119155 -5.29259901387151 -11.1363435612946 -16.9860983236224 -6.26489521736357 -10.4136066798559 -14.699362603147 -19.0085663755954 -26.6677071219801 -9.98121477780225 -11.379946357012 -15.4158222108579 -19.0424695707726 -23.1982992815306 -27.4047916463917 -34.1235425698781 -40.8462205997719 -20.4247727802687 -11.2125466440588 -10.3407492188457 -8.48196020722773 -3.3623717833214 -7.27539479635227 -3.31093493586066 -4.11306041742712 -14.9681411858704 -2.37938376610079 
-3.40000000000004 1.49696452589706 -6.8535273936209 -2.99615562515792 -5.29164277447072 -11.1858629379274 -17.0860933162888 -6.26680770365931 -10.365043550118 -14.6003238573755 -18.8590520137903 -26.4677171441413 -9.98216600987069 -11.3304219730468 -15.3158222108591 -19.0405671066393 -23.2468724334309 -27.5038404143256 -34.2730669538457 -41.046220599773 -20.4999174559775 -11.237215703734 -10.3149426624872 -8.5561486435342 -3.38608460359501 -7.24863200059187 -3.28704086579681 -4.13964196339689 -15.0451983478738 -2.33802113203778 
-3.20000000000004 1.48218128806911 -6.90319689159948 -2.94648612717934 -5.29229828673376 -11.2361879481691 -17.186087824509 -6.26549668089512 -10.3140630293752 -14.4996738386542 -18.7087324970904 -26.2677281294628 -9.98150500582917 -11.2800914710267 -15.2158222108604 -19.0418891147262 -23.2978639394964 -27.6045014183697 -34.4233974558684 -41.2462205997743 -20.5764965799868 -11.2641253297646 -10.2921827905393 -8.6333832798056 -3.41364974188706 -7.22652764090572 -3.26296997108342 -4.16524056666208 -15.1204664491176 -2.29677690436875 
-3.00000000000004 1.46768512669951 -6.9519018550334 -2.89778116374542 -5.29488236263181 -11.287476987501 -17.2860818272749 -6.26032852405111 -10.2601899090973 -14.3970957549423 -18.5574494499446 -26.0677401188831 -9.97891493269842 -11.228796434462 -15.1158222108618 -19.0470692609919 -23.351749049196 -27.7070914915032 -34.5746924924358 -41.4462205997757 -20.6548364950213 -11.2937602813653 -10.273112778706 -8.7143072707364 -3.44586876938471 -7.21004170496907 -3.2387318024047 -4.18970736141729 -15.1936382073067 -2.25580742221475 
-2.80000000000004 1.45353315025568 -6.99945040789785 -2.85023261088097 -5.2997787456234 -11.3399219233571 -17.3860753159954 -6.25053574510019 -10.2028485772819 -14.2922058702625 -18.4050110124003 -25.8677531284744 -9.9740120384288 -11.1763449873279 -15.0158222108633 -19.0568750495355 -23.4091033906041 -27.8119943857758 -34.7271439395728 -41.6462205997771 -20.7353752796989 -11.3267505131785 -10.2585544576548 -8.79974243840454 -3.48375538418764 -7.20037976690793 -3.21438070240105 -4.21290481427809 -15.2643842130319 -2.21531033595094 
-2.60000000000004 1.43979602050968 -7.04560513706422 -2.8040778817146 -5.30746227266843 -11.3937601795685 -17.4860683013732 -6.23516866902552 -10.1413267720409 -14.1845293358551 -18.2511797488266 -25.6677671357342 -9.96632149676309 -11.1224997164959 -14.9158222108648 -19.0722561328716 -23.4706392031065 -27.9196849274446 -34.880989210408 -41.8462205997786 -20.8186970100948 -11.3639175144079 -10.2495667297179 -8.89074769584351 -3.528605912461 -7.19907556601453 -3.19002589838796 -4.23470473943137 -15.3323388673516 -2.1755343496304 
-2.40000000000004 1.42656286619604 -7.09006658313453 -2.75961643564429 -5.31853190219607 -11.4492912551664 -17.5860608230414 -6.21302937799415 -10.0747260349392 -14.0734671526831 -18.0956561195843 -25.4677820604216 -9.95524438890531 -11.0669611625678 -14.8158222108664 -19.0944103485919 -23.5372548648972 -28.0307620353055 -35.0365277643392 -42.0462205997802 -20.9055775980216 -11.4063366562644 -10.2475244255041 -8.98869791329671 -3.58209468384313 -7.20810289132674 -3.16584430314116 -4.25498459025486 -15.3970801642454 -2.13679324621914 
-2.20000000000004 1.41394773777574 -7.13245155338692 -2.7172314653919 -5.33375410135629 -11.506898424579 -17.6860529627065 -6.18258493706428 -10.0018966237569 -13.9582527712485 -17.9380567678972 -25.2677977384822 -9.94001432941179 -11.0093461328219 -14.7158222108681 -19.124870467584 -23.6100999541417 -28.1459920948024 -35.1941427940885 -42.2462205997819 -20.9970444177174 -11.4554185057078 -10.2542213046951 -9.09538693215068 -3.64639873244547 -7.23002196967631 -3.14209674140064 -4.27362199876673 -15.4581025430096 -2.09948502268208 
-2.00000000000004 1.40209734905511 -7.17226711107837 -2.67741590770046 -5.35411488433376 -11.5670747652479 -17.7860448610668 -6.1418633180207 -9.92135944702191 -13.837900036822 -17.7778884757793 -25.0678138886728 -9.91964544479657 -10.9491616905152 -14.61582221087 -19.1656082368201 -23.6906532810692 -28.2663609794214 -35.3543272363989 -42.4462205997837 -21.0944476264934 -11.5130061567924 -10.2719933980882 -9.21315092390262 -3.7243471665052 -7.26815484604497 -3.11914721574826 -4.29048803080581 -15.5147841327402 -2.06411540102221 
-1.80000000000004 1.3911982930731 -7.20888633112796 -2.64079668765087 -5.38086831997823 -11.630447420942 -17.8860367368105 -6.08835638504442 -9.83123329399603 -13.7111546637465 -17.6145238826543 -24.8678300754982 -9.89288388489801 -10.8857809105671 -14.5158222108723 -19.219131356624 -23.7807956209227 -28.3931225393244 -35.5177080163516 -42.646220599786 -21.1995270502639 -11.5814663605133 -10.3038343817595 -9.344983783315 -3.81956080586875 -7.32674926535855 -3.09748126644108 -4.30544130154822 -15.5663566235322 -2.03132013670985 
-1.60000000000004 1.38147793454118 -7.24154530165063 -2.60813771712819 -5.41554254266012 -11.6977806141466 -17.9860289005377 -6.01900787485807 -9.72922581328701 -13.5764882125148 -17.4471984608999 -24.6678456832212 -9.85820182594641 -10.8184398810928 -14.4158222108753 -19.2884954745363 -23.8828187093577 -28.5278045982821 -35.6850490458319 -42.846220599789 -21.3144222129197 -11.6637025526464 -10.35341160337 -9.49455316865003 -3.93647122068035 -7.41100070964786 -3.07770997786215 -4.31832898349196 -15.6119032759986 -2.00186790344494 
-1.40000000000004 1.37318554148078 -7.26940651887144 -2.58027649990738 -5.45981295290001 -11.7699122416073 -18.0860217452192 -5.93046699885824 -9.61282372006638 -13.4322249020734 -17.2750739332376 -24.4678599383381 -9.81392426039259 -10.7463010983181 -14.3158222108799 -19.3770506056576 -23.9992350576998 -28.672082163845 -35.8571878286156 -43.0462205997935 -21.4415033276173 -11.7629224501233 -10.424770283626 -9.66590469358263 -4.07996152839291 -7.52662980013922 -3.0605277821138 -4.32900800496442 -15.6504435146919 -1.97660127556124 
-1.20000000000004 1.36653323099017 -7.29175730063602 -2.55792571814281 -5.51510532660882 -11.8475553970807 -18.1860156824572 -5.81988223003354 -9.4798881694771 -13.2769385697195 -17.0974368191192 -24.2678720424551 -9.75862582392889 -10.6686518800899 -14.215822210887 -19.4876474786064 -24.1321827124132 -28.827380600323 -36.0348370468582 -43.2462205998006 -21.582836637411 -11.8819049781524 -10.5214020298906 -9.86253037707838 -4.25423643012331 -7.67855392010544 -3.0465747595465 -4.3374057641617 -15.6811920556537 -1.95625108612449 
-1.00000000000004 1.3615917887073 -7.3083598176446 -2.54132320113422 -5.58189561878997 -11.9309482062704 -18.2860110086555 -5.68630170221693 -9.3297051246519 -13.1101530078857 -16.9140487402768 -24.0678814466041 -9.69183085795724 -10.5852543971096 -14.1158222108982 -19.6212374105832 -24.2823751613986 -28.994175566317 -36.2182345298607 -43.4462205998118 -21.7392363655252 -12.021702189258 -10.6445967239876 -10.0857203973622 -4.4608239333993 -7.86853890637245 -3.03618892581575 -4.34362244743953 -15.7040112559401 -1.94110758583004 
-0.800000000000041 1.35819833120331 -7.31976133418628 -2.52992168459255 -5.65908934156208 -12.0195434455842 -18.3860077645109 -5.53191445974726 -9.16391636564057 -12.9329627323327 -16.7254569481821 -23.8678881379678 -9.61463389105737 -10.4966559136681 -14.015822210915 -19.7756313444333 -24.4481706117903 -29.1713725332504 -36.4068330133358 -43.6462205998285 -21.909417488859 -12.1804817960501 -10.791974814238 -10.3330952434517 -4.69679726294635 -8.09311071937822 -3.02917977357974 -4.3480148117452 -15.7198051367875 -1.93072678448689 
-0.600000000000041 1.35597649728879 -7.32722636832902 -2.5224566504498 -5.74415723079089 -12.1120763689557 -18.4860057220253 -5.36177912847187 -8.98631600022243 -12.7478973327718 -16.5329265144785 -23.6678926701214 -9.52956395936648 -10.4041209478345 -13.9158222109386 -19.9457712078868 -24.6257755093866 -29.3564424649894 -36.5993679792176 -43.8462205998531 -22.0901661757201 -12.3537654487684 -10.9577934328136 -10.5989118195176 -4.95514880486989 -8.34399722715901 -3.02486306085614 -4.35116313316434 -15.7304184923494 -1.92398990760938 
-0.400000000000041 1.35447178129107 -7.33228199207513 -2.51740102670369 -5.8340447883528 -12.2070195502638 -18.5860045270794 -5.18200483856379 -8.80148608656823 -12.5580117953715 -16.3379853533321 -23.4678958852289 -9.43967520689073 -10.3091765716126 -13.8158222109707 -20.1255487129336 -24.8106086381795 -29.5463312175284 -36.7943123555027 -44.0462205998843 -22.2775624278435 -12.5361060771457 -11.1350784374447 -10.8761956291708 -5.22737699077704 -8.61116978931967 -3.02237377554718 -4.3537294716015 -15.7380404545326 -1.91952755646314 
-0.200000000000041 1.35327753005549 -7.33629450002648 -2.51338851875234 -5.9260191024622 -12.3030063723245 -18.6860038570915 -4.99805759825965 -8.61352633831274 -12.3660395391647 -16.1420005891739 -23.2678986131193 -9.3477002228348 -10.2131890796053 -13.715822211012 -20.3094986811703 -24.9985711143675 -29.7383062016678 -36.9902998475935 -44.2462205999264 -22.4681326648462 -12.722663806197 -11.3176236585447 -11.1587401802416 -5.50590903389643 -8.88568932448809 -3.02097175630169 -4.35633996030735 -15.7446634511898 -1.91611886182235 
-4.1133763062362e-14 1.35207341401838 -7.34034015225555 -2.50934286652327 -6.01792742772886 -12.3989603498202 -18.7860034868163 -4.81424315166999 -8.42566623949402 -12.1741337881169 -15.946049185897 -23.0679015576134 -9.25579152734474 -10.1172347318862 -13.6158222110638 -20.493316072305 -25.1864341577313 -29.9302148972607 -37.1862541954154 -44.4462205999774 -22.6592166925322 -12.909702181654 -11.5006163817727 -11.4417325331425 -5.78485573456827 -9.16059037293048 -3.02015003288815 -4.35956388912288 -15.7519330322344 -1.9128174642048 
