pO2 mew_e electrons holes VO{2} VO{1} VO{0} VM{-4} VM{-3} VM{-2} VM{-1} VM{0} Oi{-2} Oi{-1} Oi{0} Mi{4} Mi{3} Mi{2} Mi{1} Mi{0} Xei{-1} Xei{0} Xei{1} XesubO{1} XesubO{2} XesubO{3} XesubZr{-3} XesubZr{-4} XesubZr{-5} Stoich
-35 3.26550470845677 -0.911493311164359 -8.93818970761446 -1.40518506856805 -1.35737114956822 -1.31556744547308 -14.0984153199173 -24.1386852488325 -34.3159996385466 -44.5167618774179 -58.0674610902255 -13.8980978533222 -21.1883878989548 -31.1158222192237 -11.2087034448294 -9.47297468916453 -7.78790858760269 -8.61510104466623 -9.44622060813703 -20.8980617426352 -17.5773940728483 -22.5971551140581 -5.06783521592496 -5.83980525844194 -15.6443867378953 -23.4008609252611 -18.3114279404047 -23.274950242425 -0.102530510005656 
-34.8 3.25472892481082 -0.947698354352443 -8.90198466442638 -1.42876840384067 -1.41715952802893 -1.41156086712187 -14.0432354926689 -24.047300378396 -34.188409724922 -44.3529669206053 -57.8674610902247 -13.8705079374802 -21.1245929399248 -31.0158222170055 -11.2638832698597 -9.56435955738291 -7.91549849900915 -8.77889599926077 -9.64622060591966 -20.8799043417451 -17.52303162877 -22.5065876267917 -5.07326115252554 -5.80902615185443 -15.5774025881201 -23.2551136129645 -18.2018856712961 -23.2016130165046 -0.163793364205231 
-34.6 3.24395857383547 -0.983885144568833 -8.86579787420999 -1.45301622960464 -1.47759414400929 -1.50818227331862 -13.9879826535352 -23.955860749046 -34.0607833053556 -44.1891537108225 -57.6674610902255 -13.8428815162837 -21.0607797285118 -30.9158222153762 -11.319136107364 -9.65579918510359 -8.04312491694622 -8.94270920741423 -9.84622060428951 -20.8614753059486 -17.4684158027572 -22.4157850105625 -5.07907994412244 -5.77865815323493 -15.5108477992839 -23.109058159231 -18.092017007779 -23.1279311432038 -0.223696640181961 
-34.4 3.23320324441727 -1.02002146456949 -8.82966155420933 -1.47788626287177 -1.53860049727709 -1.60532494658708 -13.9325279335372 -23.8642697090472 -33.9330559453562 -44.0252900308224 -57.4674610902248 -13.815154155086 -20.9969160473135 -30.8158222141772 -11.374590826163 -9.74739022390329 -8.17085227574659 -9.10657288621526 -10.0462206030912 -20.8428334873574 -17.4136376641652 -22.3248705519699 -5.08530815999735 -5.74875004910918 -15.4448033751578 -22.9626889818394 -17.981784150388 -23.0538346058135 -0.282175569977578 
-34.2 3.22247010400554 -1.05608323278218 -8.79359978599664 -1.50333846979287 -1.60011447241087 -1.70290068993355 -13.8767750063887 -23.7724550136861 -33.8051794817823 -43.8613517990359 -57.2674610902256 -13.7872776906276 -20.9329778146425 -30.7158222132935 -11.4303437524278 -9.83920491838075 -8.29872873843673 -9.27051111711809 -10.2462206022067 -20.8240358606574 -17.3587782692526 -22.2339493888446 -5.09196274110214 -5.71934286200128 -15.3793344198369 -22.8160148924492 -17.8711718292106 -22.9792840528487 -0.339195161318258 
-34 3.21176435562199 -1.09205296782159 -8.75763005095723 -1.52933504982994 -1.66208078748735 -1.80083674004944 -13.8206539465456 -23.6803642188036 -33.6771189518604 -43.6973215340745 -57.0674610902248 -13.7592171600544 -20.8689475490298 -30.6158222126414 -11.4864648116189 -9.93129571261121 -8.4267892677066 -9.43454138142737 -10.4462206015554 -20.8051374895834 -17.3039101631392 -22.1431115476917 -5.09906095071728 -5.69047133657702 -15.3144931593736 -22.6690559921054 -17.7601826639061 -22.9042646225837 -0.394745869672927 
-33.8 3.20108962392135 -1.12791849138267 -8.72176452739615 -1.55584038497468 -1.72445164619317 -1.89907312231635 -13.7641160407899 -23.5879607894868 -33.5488499989826 -43.5331870576356 -56.8674610902249 -13.7309482066948 -20.8048130721091 -30.5158222121596 -11.5430027168929 -10.0236991414463 -8.5550582201028 -9.59867585738465 -10.6462206010738 -20.7861913813146 -17.2490985313093 -22.0524343923008 -5.10662017807466 -5.6621650403737 -15.2503213396088 -22.5218409314404 -17.6488331268022 -22.8287806090409 -0.448839491919004 
-33.6 3.19044827708171 -1.16367184673637 -8.68601117204245 -1.58282096685136 -1.78718558342355 -1.99756041490042 -13.7071294622047 -23.4952208555479 -33.42035670969 -43.3689404129893 -56.6674610902249 -13.7024549170462 -20.7405664271068 -30.4158222118037 -11.5999892951221 -10.1164390750292 -8.6835515090394 -9.76292250167494 -10.8462206007178 -20.7672483562126 -17.1944021508536 -21.9619846564914 -5.11465773520568 -5.63444924215025 -15.186852186032 -22.3744046174018 -17.5371501681173 -22.7528510057097 -0.501505325934678 
-33.4 3.1798416924355 -1.19930840624899 -8.65037461252983 -1.61024531069055 -1.85024648677536 -2.09625787776485 -13.6496757002552 -23.4021305340858 -33.2916298287153 -43.204576972502 -56.4674610902249 -13.6737280358081 -20.6762029863562 -30.3158222115404 -11.6574430568083 -10.209529396228 -8.81227838975083 -9.927285941899 -11.0462206004544 -20.7483572567816 -17.1398744919099 -21.8718204380351 -5.12319097987678 -5.6073459273095 -15.1241123116783 -22.2267866372593 -17.4251687474875 -22.6765061445925 -0.552786631665252 
-33.2 3.16927047387378 -1.23482614093565 -8.61485687784318 -1.63808386249941 -1.91360277327088 -2.19513189894703 -13.5917466390019 -23.3086837381458 -33.1626652980886 -43.0400947071887 -56.2674610902249 -13.6447635049866 -20.611720720848 -30.2158222113455 -11.7153721178668 -10.3029761919732 -8.94124292018265 -10.0917682070175 -11.2462206002596 -20.729564517613 -17.0855640180548 -21.7819922294933 -5.13223679271236 -5.58087400545766 -15.0621226551401 -22.079029367659 -17.3129292125738 -22.5997843443654 -0.602737421134268 
-33 3.15873462853324 -1.27022502681812 -8.57945799196071 -1.66630890344398 -1.97722670009791 -2.29415471165653 -13.5333421825318 -23.2148803957933 -33.0334630698536 -42.8754935930712 -56.0674610902249 -13.6155612766073 -20.5471196065862 -30.1158222112013 -11.7737765741927 -10.3967795341815 -9.07044514827344 -10.2563693209907 -11.4462206001153 -20.7109144729239 -17.0315150874831 -21.6925444130392 -5.14181178911162 -5.55505011597522 -15.0008998797749 -21.931177094879 -17.2004758256763 -22.5227298433504 -0.651419596397051 
-32.8 3.14823370955514 -1.30550656527581 -8.54417645350301 -1.69489445434256 -2.04109378945419 -2.3933033394705 -13.4744683363626 -23.1207250111664 -32.904026146769 -42.7107751315289 -55.8674610902249 -13.5861243534159 -20.4824011449371 -30.0158222110945 -11.832650420255 -10.4909349187016 -9.1998820712512 -10.4210877824262 -11.6462206000084 -20.6924490771684 -16.97776815327 -21.6035159403683 -5.15193194436193 -5.52988873276707 -14.9404569581094 -21.7832747761458 -17.0878550454008 -22.4453906015326 -0.698900444391461 
-32.6 3.13776693079785 -1.34067339762866 -8.50900962115016 -1.723816181899 -2.10518234936347 -2.49255873173263 -13.415135665774 -23.0262255082249 -32.7743598114747 -42.5459419638818 -55.667461090225 -13.5564580180425 -20.4175679772108 -29.9158222110153 -11.8919830907645 -10.5854344215639 -9.32954840646635 -10.5859209499942 -11.8462205999293 -20.6742079201457 -16.9243601638944 -21.5149411186399 -5.16261251497441 -5.50540247102746 -14.8808038640166 -21.6353672839079 -16.9751143855158 -22.3678167740004 -0.745250487709603 
-32.4 3.12733325854242 -1.3757289970198 -8.47395402175902 -1.75305130776526 -2.16947307462088 -2.59190505638118 -13.3553580633386 -22.9313923063984 -32.644471010257 -42.3809975632729 -55.467461090225 -13.5265692167661 -20.3526235765433 -29.8158222109567 -11.9517606931413 -10.6802676233318 -9.45943720762541 -10.7508653505444 -12.0462205998706 -20.6562282192755 -16.8713248636331 -21.4268502189875 -5.17386794002957 -5.48160229669071 -14.8219480902891 -21.4874987818787 -16.8623014828777 -22.2900594707535 -0.790541680425768 
-32.2 3.11693148443419 -1.41067742334262 -8.43900559543621 -1.78257852109155 -2.23394871426999 -2.6913291223531 -13.2951517686299 -22.8362375853668 -32.5143678629027 -42.2159459895958 -55.267461090225 -13.4964660693683 -20.2875720028227 -29.7158222109133 -12.0119669878065 -10.7754223443199 -9.58954035493629 -10.9159169241781 -12.2462205998272 -20.638544574525 -16.8186927925597 -21.3392697215913 -5.18571150864834 -5.45849743898743 -14.7638948062626 -21.3397119898173 -16.7494631171391 -22.2121695313377 -0.834845929595141 
-32 3.10656028316907 -1.44552312942329 -8.40415988935553 -1.81237789477211 -2.29859379403122 -2.79081990819501 -13.2345345929526 -22.7407747036089 -32.384059275064 -42.0507916956764 -55.067461090225 -13.4661574814974 -20.2224177088712 -29.6158222108811 -12.0725841634516 -10.8708852260456 -9.71984894274271 -11.0810712180652 -12.4462205997949 -20.6211890249186 -16.7664915368726 -21.2522227598235 -5.19815533275509 -5.43609555701275 -14.7066472182076 -21.1920478524044 -16.6366446858069 -22.1341968060862 -0.878233916494716 
-31.8 3.09621825783779 -1.48027080867091 -8.36941221010791 -1.84243080554549 -2.36339438405222 -2.89036817746363 -13.1735253099431 -22.6450177413518 -32.2535546335593 -41.8855393749241 -54.8674610902251 -13.4356528399688 -20.1571653880949 -29.5158222108572 -12.1335934464372 -10.9666421882789 -9.85035358422356 -11.2463235387936 -12.646220599771 -20.6041910463855 -16.714745879092 -21.1657294227953 -5.21121026501896 -5.41440281002976 -14.6502067919766 -21.0445452323906 -16.5238897450407 -22.0561895445676 -0.920774186909379 
-31.6 3.08590397531634 -1.51492527617067 -8.33475774260815 -1.87271985797555 -2.42833790398204 -2.98996616489321 -13.1121431799422 -22.5489811438511 -32.1228635685588 -41.7201938424239 -54.6674610902251 -13.4049617749506 -20.091819855577 -29.4158222108395 -12.1949755764204 -11.0626787857618 -9.9810446492063 -11.4116690712761 -12.8462205997533 -20.587577532984 -16.6634778981907 -21.0798069743942 -5.22488580406559 -5.39342388157587 -14.5945733960233 -20.8972406540063 -16.4112396341562 -21.9781939011828 -0.962532477353971 
-31.4 3.07561599366227 -1.54949137663649 -8.30019164214234 -1.90322881233255 -2.49341295880486 -3.08960732018184 -13.0504075818055 -22.4526794452486 -31.9919957694905 -41.5547599428897 -54.4674610902251 -13.3740939758691 -20.0263859560296 -29.3158222108263 -12.256711174544 -11.1589804843512 -10.1119124482615 -11.5771029707972 -13.0462205997401 -20.5713724044592 -16.6127066692 -20.9944696449377 -5.23918962991051 -5.37316160695574 -14.539745020937 -20.7501677264263 -16.2987328070419 -21.9002531745344 -1.00357124331973 
-31.2 3.06535288305099 -1.58397391406799 -8.26570910471084 -1.93394251593209 -2.5586091998359 -3.18928609864438 -12.9883377315315 -22.3561270575431 -31.8609608443535 -41.3892424803212 -54.2674610902251 -13.3430590507224 -19.9608684934514 -29.2158222108166 -12.3187810248082 -11.2555328720469 -10.2429473733887 -11.7426204333559 -13.2462205997303 -20.5555970866229 -16.5624488139323 -20.9097292522385 -5.2541280156839 -5.35361745529686 -14.485718331847 -20.6033574834628 -16.1864051015099 -21.8224080064339 -1.04394935708227 
-31 3.05511324161535 -1.61837759853202 -8.23130542024681 -1.96484683833657 -2.62391720670441 -3.28899778997692 -12.9259524693877 -22.2593381109352 -31.7297682132816 -41.2236461647853 -54.0674610902252 -13.3118664196432 -19.8952721779082 -29.1158222108094 -12.3811662869448 -11.3523218186476 -10.3741400044534 -11.9082167488846 -13.4462205997231 -20.5402700075438 -16.5127180503891 -20.8255948042313 -5.26970525901612 -5.33479101416581 -14.4324882062516 -20.456837773319 -16.0742890758302 -21.7446956652182 -1.08372194373169 
-30.8 3.04489570714304 -1.65270700686089 -8.19697601191794 -1.99592860970484 -2.68932838640154 -3.38873837800293 -12.8632701027032 -22.1623263359218 -31.5984270299394 -41.0579755731142 -53.8674610902252 -13.2805252362956 -19.8296015862317 -29.015822210804 -12.443848653624 -11.4493335936556 -10.5054811877903 -12.0738873405503 -13.6462205997177 -20.5254070088367 -16.4635256433532 -20.7420729888665 -5.28592403168305 -5.31668037850311 -14.3800481622604 -20.310633591275 -15.9624143021151 -21.667150299832 -1.12294032807003 
-30.6 3.03469896554816 -1.6869665541894 -8.16271646458942 -2.02717556266419 -2.75483488668941 -3.48850442561932 -12.8003082920173 -22.0651049779074 -31.4669461245965 -40.8922351204428 -53.6674610902252 -13.2490443309486 -19.7638611335562 -28.9158222108 -12.5068104643059 -11.546554951666 -10.6369620931292 -12.2396277932178 -13.8462205997137 -20.5110211670026 -16.4148802541905 -20.6591680523753 -5.30278514281191 -5.29928194230422 -14.3283901787326 -20.164766844102 -15.8508071022706 -21.589802647316 -1.16165206723623 
-30.4 3.02452175675853 -1.72116047417414 -8.12852254460468 -2.0585762773223 -2.82042952133226 -3.58829298024691 -12.7370839719563 -21.9676867378617 -31.335333964566 -40.7264290404275 -53.4674610902253 -13.217432170915 -19.6980550535378 -28.8158222107969 -12.5700347843639 -11.6439731917088 -10.7685742531568 -12.4054338732301 -14.0462205997107 -20.4971227736477 -16.366787940851 -20.576881819051 -5.32028746411835 -5.28259034362554 -14.2775046600692 -20.0192562907196 -15.739490468873 -21.5126799339031 -1.1999010480028 
-30.2 3.01436287856086 -1.75529280607441 -8.09439021270441 -2.09012012925256 -2.88610570516279 -3.6881014959777 -12.6736132995566 -21.8700837335618 -31.2035986283658 -40.5605613723271 -53.2674610902245 -13.1856968347133 -19.6321873854359 -28.7158222107947 -12.6335054567614 -11.7415761960066 -10.9003095893548 -12.5713015413284 -14.2462205997092 -20.4837195228276 -16.3192523581305 -20.4952139044303 -5.33842806523064 -5.26659861283756 -14.2273805973813 -19.8741177037015 -15.6284842137551 -21.4358060106855 -1.2377276309082 
-30 3.00422118886718 -1.78936738713728 -8.06031563164155 -2.12179724048632 -2.95185739745941 -3.78792776933719 -12.6099116238088 -21.7723074767511 -31.0717477904923 -40.3946359533907 -53.0674610902253 -13.1538459968374 -19.5662619664971 -28.6158222107931 -12.6972071325075 -11.8393524528155 -11.0321604272266 -12.7372269602631 -14.4462205997068 -20.4708165534972 -16.2722748077373 -20.4141617729742 -5.35720220713565 -5.25129817367971 -14.1780055771602 -19.7293638964992 -15.5178049876157 -21.359201365609 -1.27516882631916 
-29.8 2.99409560675758 -1.82338784909412 -8.0262951696847 -2.15359843339092 -3.01767905232086 -3.88776988615548 -12.5459934716355 -21.6743688626209 -30.9397887144053 -40.2286564153468 -52.8674610902246 -13.1218869207499 -19.5002824284528 -28.5158222107919 -12.7611252846797 -11.9372910669445 -11.1641195033125 -12.9032064983058 -14.6462205997063 -20.4584164460081 -16.2258542382913 -20.3337207415714 -5.37660329255237 -5.23667879713958 -14.1293657386636 -19.5850047129243 -15.4074662659976 -21.2828831059477 -1.31225849053559 
-29.6 2.98398511254209 -1.85735761795287 -7.99232540082596 -2.18551518703796 -3.08356557482665 -3.98762617752001 -12.4818725470713 -21.576278169198 -30.8077282521236 -40.0626261842064 -52.6674610902254 -13.0898264584665 -19.4342521973106 -28.415822210791 -12.825246209243 -12.0353817603666 -11.2961799655933 -13.0692367294453 -14.8462205997046 -20.4465195723602 -16.1799875957847 -20.253884330206 -5.3966231725524 -5.22272890828086 -14.0814460809458 -19.4410473769956 -15.2974786989277 -21.2068653077365 -1.34902753275319 
-29.4 2.97388874715898 -1.89127991601935 -7.95840310275947 -2.21753959654858 -3.14951228240375 -4.0874951831636 -12.4175617393365 -21.4780450633967 -30.6755728482558 -39.8965484822722 -52.4674610902247 -13.0576710545988 -19.3681744953765 -28.3158222107903 -12.8895570169771 -12.1336148661672 -11.4283353694604 -13.2353144313789 -15.0462205997047 -20.4351238979604 -16.1346696233184 -20.1746440596732 -5.41725190766391 -5.20943534532589 -14.0342302199247 -19.2974962987288 -15.1878499187273 -21.1311588256026 -1.38550412511968 
-29.2 2.9638056109834 -1.9251577659004 -7.92452525287843 -2.24966433457028 -3.21551487030649 -4.18737562094739 -12.3530731388615 -21.3796786130407 -30.5433285480187 -39.730426332154 -52.2674610902255 -13.0254267543604 -19.302052345257 -28.2158222107898 -12.9540456174516 -12.2319813165228 -11.560579669697 -13.4014365814966 -15.2462205997034 -20.4242253861514 -16.0898932616283 -20.0959898481021 -5.43847813387709 -5.19678372165802 -13.9877007463754 -19.1543534866831 -15.0785849565627 -21.0557717133191 -1.42171391111918 
-29 2.95373486228164 -1.95899399569707 -7.89068902308175 -2.28188261538292 -3.28156938091581 -4.28726636135337 -12.2884180580475 -21.28118730243 -30.4110010076113 -39.56426256195 -52.0674610902248 -12.9930992139534 -19.2358885750533 -28.1158222107894 -13.0187006982653 -12.3304726271331 -11.692907210104 -13.5676003517003 -15.4462205997038 -20.4138180534704 -16.0456496991507 -20.0179100558278 -5.46028908200911 -5.18475843999337 -13.9418392349144 -19.0116186135951 -14.9696863132714 -20.9807092998245 -1.45768020773419 
-28.8 2.94367571537168 -1.99279124518498 -7.85689177359384 -2.31418816115341 -3.34767217617422 -4.3871664060997 -12.223607056 -21.1825790508945 -30.278595506588 -39.3980598114387 -51.8674610902256 -12.9606937129289 -19.169685824541 -28.0158222107892 -13.0835117003126 -12.4290808786683 -11.8253127111271 -13.7338031022113 -15.6462205997027 -20.4038942261582 -16.0019286223505 -19.9403917295397 -5.48267080046767 -5.17334290896402 -13.8966264543968 -18.8692892852599 -14.861154234424 -20.905974470465 -1.49342419897856 
-28.6 2.93362743867965 -2.02655197234448 -7.82313104643434 -2.34657517089335 -3.41381991307365 -4.48707487015863 -12.1586499646373 -21.0838612323723 -30.1461169609063 -39.2318205385975 -51.6674610902249 -12.9282151672477 -19.1034465517003 -27.915822210789 -13.1484687916751 -12.5277986971904 -11.9577912568087 -13.9000423750523 -15.8462205997032 -20.3944443464263 -15.9587180154592 -19.8634203954889 -5.50560793047596 -5.1625193118128 -13.8520421300865 -18.7273608598465 -14.7529865361702 -20.8315674993707 -1.52896511847895 
-28.4 2.92358935255561 -2.06027846069905 -7.78940455807977 -2.37903829061077 -3.48000952114564 -4.58699096658519 -12.0935559180564 -20.9850406974369 -30.0135699376163 -39.0655470269529 -51.4674610902258 -12.8956681439567 -19.0371730400547 -27.8158222107888 -13.2135628382559 -12.6266192321257 -12.0903382800986 -14.0663158866968 -16.0462205997023 -20.3854576807155 -15.9160048613938 -19.7869807530689 -5.5290843844827 -5.15226927746498 -13.8080656073837 -18.5858271708458 -14.645179335524 -20.7574867870791 -1.56432042114356 
-28.2 2.9135608271572 -2.0939728264261 -7.75571019235273 -2.41157258625048 -3.5462381825124 -4.68691399367899 -12.0283333809638 -20.8861237946173 -29.8809586690697 -38.8992413926793 -51.2674610902251 -12.8630568754107 -18.9708674057816 -27.7158222107887 -13.2787853753484 -12.7255361349452 -12.2229495486451 -14.2326215209704 -16.2462205997029 -20.3769222266748 -15.873775041626 -19.7110565675741 -5.55308322608184 -5.14257375333707 -13.7646757175291 -18.4446804482586 -14.5377269786639 -20.683728795946 -1.59950594201598 
-28 2.90354128036688 -2.12763702535465 -7.72204599342417 -2.44417351879746 -3.61250331398793 -4.78684332408308 -11.9629901766789 -20.7871163914038 -29.7482870669276 -38.7329055916087 -51.0674610902259 -12.8303852732678 -18.9045316047101 -27.6158222107887 -13.3441285796333 -12.8245435381587 -12.3556211507871 -14.398957322041 -16.4462205997021 -20.3688246200281 -15.8320132360508 -19.6356305630704 -5.57758655198223 -5.13341288030891 -13.721850645572 -18.30391123947 -14.4306219688038 -20.6102879850145 -1.634536042837 
-27.8 2.89353017554458 -2.16127286051619 -7.68841015826263 -2.47683691988603 -3.67880255023804 -4.88677839549473 -11.8975335173244 -20.6880238968878 -29.61555873725 -38.5665414267696 -50.8674610902252 -12.7976569435908 -18.8381674398716 -27.5158222107886 -13.4095852389878 -12.9236360326748 -12.4883494804647 -14.5653214868801 -16.6462205997027 -20.3611509431762 -15.7907037240373 -19.5606852158953 -5.60257627621891 -5.12476676938405 -13.679568699486 -18.1635092329405 -14.3238557974359 -20.5371576488081 -1.66942374747251 
-27.6 2.88352701962685 -2.19488198853116 -7.65480103024766 -2.50955897108838 -3.74513372945536 -4.98671870272703 -11.8319700293852 -20.5888512809336 -29.4827769932809 -38.4001505547854 -50.6674610902261 -12.7648751996207 -18.7717765678865 -27.4158222107886 -13.4751487269271 -13.022808648629 -12.621131224434 -14.7317123588643 -16.8462205997019 -20.3538862309259 -15.7498298837721 -19.4862022476152 -5.62803361517109 -5.11661498032126 -13.6378077824079 -18.0234627767212 -14.2174184692315 -20.4643294486187 -1.70418086447005 
-27.4 2.87353136109596 -2.22846592643255 -7.62121709234627 -2.54233618345634 -3.8114948797247 -5.08666379089775 -11.7663057809901 -20.4896030946371 -29.349944869083 -38.2337344926861 -50.4674610902255 -12.7320430754234 -18.7053605057879 -27.3158222107885 -13.5408129753223 -13.1220568349256 -12.7539633486319 -14.8981284209636 -17.0462205997026 -20.3470149779714 -15.7093746929162 -19.4121631188578 -5.65393957458452 -5.1089370018333 -13.5965458660189 -17.8837593995688 -14.1112990299805 -20.3917939472691 -1.7388180996304 
-27.2 2.86354278814179 -2.26202605784154 -7.58765696093728 -2.57516537930851 -3.87788420698588 -5.18661324956792 -11.700546306627 -20.390283488865 -29.2170651319019 -38.067294624096 -50.2674610902264 -12.6991633382414 -18.6389206371969 -27.2158222107885 -13.6065724496855 -13.2213764406978 -12.8868430858131 -15.0645682895538 -17.2462205997018 -20.3405211951347 -15.6693207786705 -19.3385490732032 -5.68027498760005 -5.10171228343984 -13.5557610162161 -17.744385879551 -14.0054856413718 -20.3195406900693 -1.77334515774162 
-27 2.8535609268838 -2.29556363894159 -7.55411937983723 -2.60804367521987 -3.94430008399728 -5.28656670767937 -11.6346966310266 -20.2908962321645 -29.0841402941014 -37.9008322051955 -50.0674610902258 -12.6662385004415 -18.5724582182969 -27.1158222107885 -13.672422125286 -13.3207636973984 -13.0197679236137 -15.2310307084545 -17.4462205997025 -20.334388665669 -15.6296506681048 -19.2653413815374 -5.70702075404569 -5.09492046878543 -13.515431620462 -17.6053285122848 -13.8999658552056 -20.2475584850032 -1.80777083499297 
-26.8 2.84358543986491 -2.32907980353875 -7.52060321524008 -2.64096846751514 -4.01074104088971 -5.38652382916896 -11.5687612894161 -20.191444725957 -28.9511726232966 -37.7343483697936 -49.8674610902267 -12.6332708296358 -18.5059743828941 -27.0158222107885 -13.7383574668966 -13.4202152036061 -13.1527355944186 -15.3975145438566 -17.6462205997018 -20.3286007500557 -15.5903465878943 -19.1925211367297 -5.73415763072765 -5.08854118087023 -13.4755361679492 -17.4665729258668 -13.7947264333847 -20.1758352277794 -1.84210310183603 
-26.6 2.83361602438708 -2.36257556865372 -7.4871074501251 -2.67393741727044 -4.07720575575998 -5.4864843091542 -11.5027443498755 -20.0919320213013 -28.8181641535261 -37.567844134908 -49.6674610902262 -12.6002623598656 -18.4394701480089 -26.9158222107883 -13.8043744064374 -13.5197279082619 -13.2857440641894 -15.5640187787423 -17.8462205997025 -20.3231409923851 -15.5513910651087 -19.1200698488292 -5.76166682281255 -5.08255460783977 -13.4360538298042 -17.3281046984256 -13.6897539710585 -20.1043585305682 -1.87634917880594 
-26.4 2.82365241142179 -2.39605183818269 -7.45363118059613 -2.70694843966565 -4.14369304768416 -5.58644787060735 -11.4366494279916 -19.9923608298885 -28.6851166925842 -37.4013204044373 -49.4674610902265 -12.5672148989235 -18.3729464175379 -26.8158222107884 -13.8704693283215 -13.619299099675 -13.4187915251315 -15.7305425092133 -18.0462205997025 -20.3179925732945 -15.5127663764892 -19.0479688906807 -5.7895294261168 -5.07694094161582 -13.3969638940509 -17.1899088183932 -13.5850343605551 -20.0331151895937 -1.91051560316564 
-26.2 2.81369436412388 -2.42950940789042 -7.4201736108884 -2.73999969108747 -4.21020186881371 -5.68641426144464 -11.3704797068228 -19.892733539012 -28.552031832 -37.2347779741453 -49.2674610902267 -12.534130038339 -18.3064039872456 -26.7158222107884 -13.9366390494906 -13.7189263905518 -13.551876385716 -15.8970849395056 -18.2462205997025 -20.3131390659468 -15.4744552994338 -18.9762002439175 -5.81772717019134 -5.07168111598186 -13.3582464987096 -17.0519704504613 -13.4805535623309 -19.9620919610773 -1.94460829069231 
-26 2.803741676973 -2.46294896829493 -7.38673405048389 -2.77308956080525 -4.276731298936 -5.78638325197143 -11.3042379484412 -19.7930522202258 -28.4189109528093 -37.0682175345501 -49.0674610902271 -12.5010091591481 -18.2398435476501 -26.6158222107884 -14.0028808078725 -13.8186077093382 -13.6849972649069 -16.0636453791011 -18.4462205997024 -20.3085640383896 -15.4364407114721 -18.9047460955513 -5.84624201235155 -5.06675639773833 -13.3198822200612 -16.9142745437134 -13.3762972159876 -19.8912751751385 -1.97863258947338 
-25.8 2.79379417474229 -2.4963711081327 -7.35331191064612 -2.80621666179084 -4.34328053975936 -5.88635463263257 -11.2379265077927 -19.6933186397395 -28.2857552324853 -36.9016396743883 -48.8674610902275 -12.4678534388236 -18.1732656874879 -26.5158222107884 -14.0691922485214 -13.9183412898249 -13.8181529852314 -16.2302232392633 -18.6462205997024 -20.3042513574146 -15.3987058906592 -18.8335891349007 -5.87505643236246 -5.06214867791071 -13.2818523603961 -16.7768061424143 -13.2722509545262 -19.8206510535149 -2.01259332918723 
-25.6 2.7838517118762 -2.52977631644885 -7.31990670232997 -2.83937982455245 -4.40984891083712 -5.98632821202646 -11.1715473410577 -19.5935342646884 -28.152565649118 -36.7350448827048 -48.6674610902279 -12.4346638554559 -18.1066708958041 -26.4158222107884 -14.1355714152568 -14.0181256648764 -13.9513425685991 -16.3968180309471 -18.8462205997024 -20.3001849903848 -15.3612343153133 -18.7627123512386 -5.90415322809385 -5.05784026532671 -13.2441387394956 -16.6395501920172 -13.1684002124452 -19.7502055197501 -2.04649486435692 
-25.4 2.77391417165927 -2.56316498539008 -7.28651803338875 -2.87257808978913 -4.47643584501502 -6.0863038151456 -11.1051020168231 -19.4937002715126 -28.019342987001 -36.5684335516466 -48.4674610902284 -12.4014411933384 -18.0400595647453 -26.3158222107884 -14.2020167394919 -14.1179596580527 -14.0845652307166 -16.5634293620059 -19.0462205997024 -20.2963494085533 -15.3240100645406 -18.6920994315247 -5.93351591149941 -5.05381427979028 -13.2067240850183 -16.5024919480687 -13.0647306374379 -19.679924613684 -2.08034111423461 
-25.2 2.76398146586871 -2.596537411372 -7.25314560740682 -2.90581070449482 -4.54304088570263 -6.18628128181513 -11.0385917207514 -19.393817549459 -27.8860878389654 -36.4018059776291 -48.267461090229 -12.3681860453023 -17.9734319907273 -26.2158222107885 -14.2685270355642 -14.217842380107 -14.2178203787528 -16.7300569360239 -19.2462205997024 -20.2927293879678 -15.2870176179731 -18.6217345589753 -5.96312850561922 -5.05005444792893 -13.1695918271747 -16.3656167794476 -12.9612278947988 -19.6097942970268 -2.11413559722719 
-25 2.75405353450333 -2.62989379598974 -7.21978922278908 -2.93907711874669 -4.60966368457224 -6.28626046530248 -10.972017259223 -19.2938867033129 -27.7528006082016 -36.2351623622475 -48.0674610902297 -12.3348988145378 -17.906788375345 -26.1158222107885 -14.3351014970932 -14.3177732262537 -14.3511076095173 -16.8967005514062 -19.4462205997024 -20.2893100103811 -15.2502418557687 -18.5516024121532 -5.99297554228476 -5.04654509997597 -13.1327260946044 -16.2289101710971 -12.857877671066 -19.5398004579117 -2.14788146202428 
-24.8 2.74413034563986 -2.66323424650076 -7.18644877227807 -2.97237698349875 -4.67630399983533 -6.38624123107659 -10.9053790612679 -19.1939080548467 -27.6194815092244 -36.0685028127594 -47.8674610902305 -12.3015797155598 -17.8401288258561 -26.0158222107885 -14.4017396950492 -14.4177518747207 -14.4844267084952 -17.0633601008952 -19.6462205997024 -20.2860766637339 -15.2136680586105 -18.481688164484 -6.02304206038928 -5.04327116757023 -13.0961117116872 -16.0923577254727 -12.7546656759527 -19.4699289133094 -2.18158151504832 
-24.6 2.73421189529108 -2.69655877630154 -7.15312424247728 -3.00571014851802 -4.74296169465537 -6.48622345569741 -10.838677180472 -19.09388164425 -27.4861305688269 -35.9018273425611 -47.6674610902314 -12.2682287751614 -17.7734533556569 -25.9158222107885 -14.468441575846 -14.5177782853183 -14.6177776488937 -17.2300355710944 -19.8462205997024 -20.2830152428945 -15.1772821079704 -18.411977684043 -6.05331380456951 -5.04021838194892 -13.0597343962655 -15.9559453642358 -12.6515778445165 -19.4001656116741 -2.21523824566542 
-24.4 2.72429820764228 -2.7298673041331 -7.11981571464572 -3.03907666297834 -4.80963673694726 -6.58620702582086 -10.7719112917993 -18.9938072277458 -27.3527476244911 -35.7351358703937 -47.4674610902325 -12.2348458308246 -17.7067618834885 -25.8158222107886 -14.5352074645198 -14.6178527018236 -14.7511605932305 -17.3967270432628 -20.0462205997024 -20.2801120487327 -15.1410703859769 -18.342457434218 -6.08377712486757 -5.03737317441619 -13.0235806609008 -15.8196592257382 -12.5486002338504 -19.3304965288395 -2.24885384771147 
-24.2 2.71438933555328 -2.76315965239421 -7.08652336638462 -3.07247677793998 -4.87632920017 -6.6861918373047 -10.705080684845 -18.8936842725304 -27.2193323210146 -35.5684282186561 -47.2674610902338 -12.2014305273468 -17.6400542317496 -25.7158222107886 -14.6020380714754 -14.7179756570403 -14.8845758967083 -17.5634346950017 -20.2462205997024 -20.2773536362358 -15.1050196252189 -18.2731143251989 -6.11441882733269 -5.03472252861943 -12.9876376668434 -15.6834855097647 -12.4457188661381 -19.2609075093883 -2.28243023816669 
-24 2.70448536091862 -2.79643554593128 -7.05324747284754 -3.10591094796434 -4.94303926373144 -6.78617779440322 -10.6381842589948 -18.7935119531431 -27.0858841080903 -35.4017041121947 -47.0674610902353 -12.167982314421 -17.5733301252867 -25.6158222107886 -14.6689344973271 -14.8181479764291 -15.0180241096342 -17.7301588014646 -20.4462205997024 -20.274726963496 -15.0691170589421 -18.203935865385 -6.14522632461688 -5.03225413236731 -12.9518933770538 -15.5474106241006 -12.3429198740111 -19.1913844107983 -2.31596907438887 
-23.8 2.69458639536606 -2.82969460969158 -7.01998840908724 -3.13937983508128 -5.00976721460868 -6.88616480904076 -10.5712205140378 -18.6932891444257 -26.9524022356126 -35.2349631759567 -46.867461090237 -12.1345004419416 -17.506589189047 -25.5158222107887 -14.7358982422859 -14.9183707851482 -15.1515059821136 -17.8968997377043 -20.6462205997024 -20.2722193893634 -15.0333504210492 -18.1349101637318 -6.17618763760153 -5.0299563815909 -12.9163365625175 -15.4114211774903 -12.240189491161 -19.1219130917086 -2.3494717691151 
-23.6 2.68469258138794 -2.86293636492182 -6.986746653857 -3.17288431573584 -5.07651345049348 -6.9861528001558 -10.5041875349608 -18.5930144101185 -26.8188857460751 -35.068204931189 -46.6674610902391 -12.1009839524021 -17.4398309442773 -25.4158222107887 -14.8029312213649 -15.0186455194575 -15.2850224716531 -18.0636579824741 -20.8462205997024 -20.2698184693815 -14.9977077458371 -18.0660257332894 -6.20729119827382 -5.02781818703371 -12.8809566127296 -15.2755037679709 -12.1375138368719 -19.0524791926497 -2.38293950240816 
-23.4 2.67480409322889 -2.89616022618575 -6.95352279259308 -3.20642548615871 -5.14327848218028 -7.08614169310652 -10.4370829800188 -18.4926859939127 -26.6853334686053 -34.9014287924553 -46.4674610902414 -12.06743167493 -17.3730548055413 -25.3158222107887 -14.8700357763092 -15.1189739356657 -15.4185747491253 -18.2304341212102 -21.0462205997024 -20.2675121030025 -14.9621775181941 -17.9972716443825 -6.23852600231801 -5.02582912981322 -12.8457436942456 -15.1396451241221 -12.034879054287 -18.9830682713287 -2.41637323317798 
-23.2 2.66492113829736 -2.92936549662157 -6.92031752215725 -3.24000467131268 -5.21006293777007 -7.18613141913214 -10.3699040617649 -18.3923018052229 -26.5517440094798 -34.7346340628939 -46.2674610902442 -12.0338422158017 -17.3062600759771 -25.2158222107888 -14.9372146945659 -15.2193581243583 -15.5521642082536 -18.3972288507744 -21.2462205997024 -20.2652884787784 -14.9267486235342 -17.9286374792868 -6.26988156324749 -5.02397942030763 -12.8106887143038 -15.0038320407724 -11.9322712413731 -18.9136657288507 -2.44977370891432 
-23 2.65504395894823 -2.96255136195268 -6.88713165682615 -3.27362343638255 -5.27686756817105 -7.28612191486422 -10.3026475230926 -18.2918594012195 -26.4181157401452 -34.5678199282283 -46.0674610902475 -12.000213946464 -17.2394459413083 -25.1158222107888 -15.0044712332415 -15.3198005283649 -15.6857924775914 -18.5640429854433 -21.4462205997024 -20.2631358681094 -14.8914101475341 -17.8601131379556 -6.30134771764869 -5.02225970937696 -12.7757831380424 -14.8680511607688 -11.8296762267007 -18.8442565795093 -2.48314147202392 
-22.8 2.64517283364694 -2.99571688657624 -6.85396613220258 -3.30728359415252 -5.34369325056459 -7.38611312188133 -10.2353096215899 -18.1913559750933 -26.2844467893954 -34.4009854528549 -45.8674610902505 -11.966544995711 -17.1726114659317 -25.0158222107887 -15.071809134748 -15.420303954495 -15.8194614283451 -18.7308774608205 -21.6462205997032 -20.2610430218578 -14.8561517766589 -17.7916892424568 -6.33291502916684 -5.02066149627192 -12.7410194003138 -14.7322893637674 -11.7270799543228 -18.774825831755 -2.51647686941448 
-22.6 2.6353080803965 -3.0288610020491 -6.82082201672973 -3.3409872276303 -5.41054099951522 -7.48610498630481 -10.1678860834866 -18.0907883215171 -26.1507350203464 -34.234129568333 -45.6674610902558 -11.9328332266567 -17.1057555814046 -24.9158222107887 -15.1392326728559 -15.5208716080757 -15.9531731973986 -18.8977333453469 -21.8462205997024 -20.2589983577827 -14.820962997111 -17.7233563474361 -6.36457399856955 -5.01917635020178 -12.7063901387704 -14.5965329306432 -11.6244676366715 -18.7053576295766 -2.54978005243573 
-22.4 2.62545005764696 -3.06198250403195 -6.78770051474688 -3.3747366957892 -5.47741196965696 -7.58609745842941 -10.1003720914225 -17.9901528274701 -26.0169780243166 -34.0672510703203 -45.4674610902603 -11.8990762306225 -17.0388770833875 -24.8158222107888 -15.2067466649253 -15.6215071021279 -16.0869301934337 -19.0646118433648 -22.0462205997032 -20.2569907585358 -14.7858338958812 -17.6551057442235 -6.39631586748146 -5.01779671713085 -12.671889003717 -14.4607683353665 -11.5218245433776 -18.6358360382655 -2.58305098643168 
-22.2 2.61559916806436 -3.09508003962629 -6.75460297915254 -3.40853465855782 -5.54430746801992 -7.68609049238671 -10.0327622338068 -17.8894454342601 -25.8831730955122 -33.9003486059216 -45.2674610902672 -11.8652713018112 -16.9719746189819 -24.7158222107888 -15.2743565225471 -15.7222144953442 -16.2207351222443 -19.2315143077697 -22.2462205997025 -20.2550089582092 -14.7507545599603 -17.5869288727082 -6.42813202992346 -5.0165153439785 -12.63751009497 -14.3249816062355 -11.4191353498409 -18.5662443803232 -2.61628944973699 
-22 2.60575586090999 -3.12815209938051 -6.72153091939832 -3.44238409249973 -5.61122896171606 -7.78608404583706 -9.96505047283014 -17.7886616135292 -25.7493172150271 -33.7334206656823 -45.0674610902737 -11.8314154213197 -16.9050466787362 -24.6158222107889 -15.3420682835311 -15.8229983160823 -16.3545910027366 -19.3984422480163 -22.4462205997033 -20.2530418347364 -14.7157153767333 -17.518817629727 -6.46001434039251 -5.01532559469334 -12.603248285931 -14.1891586022775 -11.3163844056372 -18.4965654958737 -2.64949503829415 
-21.8 2.59592063660966 -3.16119700193771 -6.68848601684112 -3.47628832123736 -5.67817809301088 -7.88607807968909 -9.89723008306824 -17.6877963212101 -25.6154070201508 -33.5664655682488 -44.867461090283 -11.7975052264342 -16.8380915812935 -24.5158222107889 -15.4098886733015 -15.92386360841 -16.4885011976215 -19.5653973454584 -22.6462205997025 -20.2510778938827 -14.6807065333223 -17.4507638837588 -6.49195462827633 -5.01422098001995 -12.5690987687 -14.0532844665474 -11.2135551724643 -18.426781165258 -2.68266716225298 
-21.6 2.5860940493294 -3.19421288538177 -6.65547013339706 -3.51025103250136 -5.74515668771895 -7.98607255784121 -9.82929361685377 -17.5868439715516 -25.4814387870482 -33.3994814517022 -44.6674610902923 -11.7635369933224 -16.7711074647376 -24.415822210789 -15.4778251395261 -16.0248159580786 -16.6224694307342 -19.7323814620151 -22.8462205997033 -20.2491057612482 -14.6457185172438 -17.3827599842363 -6.52394520690586 -5.01319567520543 -12.5350575804418 -13.9173441008104 -11.1106306901713 -18.3568725664091 -2.71580505087738 
-21.4 2.57627671220689 -3.22719768966057 -6.62248532911825 -3.54427631304897 -5.81216677254536 -8.08606744694644 -9.7612328339816 -17.4857983844006 -25.3474083956185 -33.2324662559936 -44.4674610903049 -11.72950660188 -16.7040922690165 -24.3158222107891 -15.5458859224101 -16.1258615452415 -16.7564998221758 -19.8993966577356 -23.0462205997026 -20.2471137641661 -14.6107417158829 -17.3147983785965 -6.55597849037124 -5.012244154392 -12.5011212553492 -13.7813217122983 -11.0075931059381 -18.2868197864547 -2.74890774832753 
-21.2 2.56646930197894 -3.26014914103827 -6.58953387774056 -3.5783686795431 -5.87921059041718 -8.18606271619594 -9.69303863950557 -17.3846527385469 -25.213311298387 -33.0654177073845 -44.2674610903181 -11.6954095046355 -16.6370437203942 -24.2158222107892 -15.6140801169002 -16.2270071911092 -16.8905969194213 -20.0664452063587 -23.2462205997034 -20.2450899662196 -14.5757664665587 -17.2468716778946 -6.58804705891882 -5.01136127156189 -12.4672869211418 -13.6452008171204 -10.9044236621378 -18.2166017940321 -2.78197411264402 
-21 2.55667256488232 -3.29306473226941 -6.55661828650941 -3.61253311800569 -5.94629062011092 -8.28605833712083 -9.6247010044474 -17.2833995122576 -25.0791424808666 -32.8983332986329 -44.0674610903353 -11.6612406870979 -16.5699593116255 -24.1158222107892 -15.6824177519749 -16.328260417415 -17.0247657369583 -20.2335296151268 -23.4462205997027 -20.2430219972199 -14.5407829063278 -17.1789725264326 -6.62014352838161 -5.01054214979353 -12.4335522081419 -13.5089640306001 -10.8011024668487 -18.1461961899741 -2.81500281237871 
-20.8 2.54688732176146 -3.32594170543782 -6.523741313341 -3.64677511795764 -6.01340959323128 -8.3860542834096 -9.55620889713975 -17.1820304317815 -24.9448964272221 -32.73121027182 -43.8674610903541 -11.6269946334348 -16.502836284794 -24.0158222107893 -15.7509098593021 -16.4296294979106 -17.1590117906223 -20.4006526419593 -23.6462205997035 -20.2408972363072 -14.5057811722467 -17.1110938191831 -6.65226076742079 -5.0097824156643 -12.3999155008446 -13.3725932160429 -10.6976086254599 -18.0755793217537 -2.84799232609544 
-20.6 2.53711447663954 -3.35877702315898 -6.49090599561984 -3.68110072984731 -6.08057052284211 -8.48605053074159 -9.48755016804821 -17.0805363849688 -24.8105670626883 -32.564045589565 -43.6674610903779 -11.5926652688772 -16.4356716025152 -23.9158222107894 -15.8195685884167 -16.5311235447464 -17.2933411551792 -20.5678173242374 -23.8462205997028 -20.2387022824965 -14.4707509007149 -17.0432282299301 -6.68439142549969 -5.00907775602204 -12.3663755234808 -13.2360688976982 -10.5939196248364 -18.0047256388514 -2.88094093265822 
-20.4 2.52735502272844 -3.39156734838755 -6.45811567039127 -3.71551660528113 -6.1477767235045 -8.58604705663255 -9.41871146898902 -16.978907360681 -24.6761477131719 -32.3968359148201 -43.4674610904044 -11.5582459193344 -16.3684619277439 -23.8158222107895 -15.8884072875033 -16.6327525690616 -17.4277605047229 -20.7350269990097 -24.0462205997037 -20.2364232849448 -14.4356815779346 -16.9753685819213 -6.71652830338174 -5.00842430867551 -12.3329317509061 -13.0993705506301 -10.4900116029969 -17.9336079422404 -2.91384671162243 
-20.2 2.51761005118897 -3.4243090149842 -6.42537400379463 -3.75003005574855 -6.21503184056857 -8.68604384029326 -9.34967813540873 -16.8771323605041 -24.5416310463983 -32.2295775814499 -43.2674610904375 -11.5237292525278 -16.3012035943406 -23.7158222107896 -15.957440621116 -16.734527569271 -17.562277171529 -20.9022853324123 -24.246220599703 -20.2340457633209 -14.4005623897141 -16.9075077271041 -6.74866423222519 -5.00781857092232 -12.2995843465559 -12.9624763622326 -10.385859081196 -17.8621970870362 -2.94670753774529 
-20 2.50788076278695 -3.45699798855286 -6.39268503022596 -3.78464913081822 -6.2823398892069 -8.78604086250025 -9.28043402972107 -16.7751992812478 -24.4070089935734 -32.0622665550562 -43.0674610904752 -11.4891071996653 -16.2338925679094 -23.6158222107898 -16.0266847268422 -16.8364606485658 -17.6968992243925 -21.0695963588445 -24.4462205997038 -20.2315540679857 -14.3653817208102 -16.8396380846315 -6.7807916119595 -5.00725697708797 -12.2663337791533 -12.8253626140723 -10.2814343066043 -17.7904612860131 -2.97952106651224 
-19.8 2.49816847514012 -3.48962984209242 -6.36005317668641 -3.81938266671369 -6.34970527864192 -8.88603810547484 -9.2109614439258 -16.673094841913 -24.272272700699 -31.8948984086423 -42.8674610905217 -11.4543709067445 -16.1665244214491 -23.5158222107899 -16.0961573126833 -16.9385650879465 -17.8316355173127 -21.2369645053043 -24.6462205997032 -20.228931956432 -14.330127755717 -16.7717522659987 -6.81290303630119 -5.0067365478901 -12.2331814964154 -12.6880042096441 -10.1767077557157 -17.7183665886641 -3.01228473932933 
-19.6 2.48847463779384 -3.52219970534426 -6.32748331343456 -3.85424038750906 -6.41713286268914 -8.9860355527739 -9.14124089698692 -16.5708044317222 -24.1374124272564 -31.7274682719478 -42.6674610905755 -11.4195106332484 -16.0990942847011 -23.41582221079 -16.1658778596768 -17.0408554981918 -17.9664957908099 -21.4043946420533 -24.846220599704 -20.2261618417128 -14.2947877777459 -16.7038424247758 -6.84499064237716 -5.00625429071423 -12.2001293759881 -12.5503738214821 -10.0716472308056 -17.6458759270058 -3.04499576413016 
-19.4 2.47880084338249 -3.55470222729192 -6.29498079148691 -3.88923298002745 -6.48462797715519 -9.0860331891876 -9.07125098484334 -16.468311997631 -24.0024174712175 -31.5599707939613 -42.4674610906413 -11.3845156771438 -16.0315968066489 -23.3158222107902 -16.2358677718855 -17.1433479323482 -18.1014907469139 -21.571892120105 -25.0462205997034 -20.2232250553344 -14.2593484694198 -16.6359005945021 -6.87704644851703 -5.00580757490645 -12.1671801382323 -12.4124420790647 -9.9662180103358 -17.5729492284837 -3.07765111485708 
-19.2 2.46914884343278 -3.587131523064 -6.26255149571482 -3.92437219994186 -6.55219649284168 -9.18603100064618 -9.0009681680087 -16.3655998850243 -23.8672760628387 -31.3924000898104 -42.2674610907183 -11.3493742686881 -15.9640261024211 -23.2158222107903 -16.3061505887981 -17.2460600450328 -18.2366321553706 -21.7394628243338 -25.2462205997043 -20.2201014937658 -14.2237956120792 -16.5679184413894 -6.90906210686274 -5.00539393748007 -12.1343372050342 -12.2741771091172 -9.86038233616038 -17.4995428500804 -3.11024751698945 
-19 2.45952056485112 -3.61948111853929 -6.23020190023953 -3.95967098247894 -6.61984487085405 -9.28602897413384 -8.93036655000307 -16.2626486715434 -23.7319752538825 -31.2247496853789 -42.0674610908115 -11.3140734596387 -15.8963756978964 -23.1158222107903 -16.3767522068971 -17.3490112586071 -18.3719329644202 -21.9071132288587 -25.4462205997044 -20.2167694629121 -14.1881139857502 -16.4998872195851 -6.94102885854579 -5.00501109368821 -12.1016047657667 -12.1355442693071 -9.75409909182562 -17.4256092012209 -3.14278143658934 
-18.8 2.44991812825901 -3.65174388874241 -6.19793913003641 -3.99514356554727 -6.6875802241255 -9.38602709760841 -8.85941763092749 -16.1594369822647 -23.5965007944007 -31.057012455694 -41.8674610909234 -11.2785990000451 -15.8286384680997 -23.0158222107905 -16.4477011260848 -17.4522229479979 -18.5074074240141 -22.0748504586557 -25.6462205997046 -20.2132055163788 -14.1522872690137 -16.4317977326455 -6.97293749508094 -5.00465696001948 -12.0689878618952 -11.9965058632918 -9.64732345601336 -17.3510963356118 -3.1752490692346 
-18.6 2.44034386886051 -3.68391198773231 -6.16577103104651 -4.03080562988842 -6.75541038745655 -9.48602535992936 -8.78809002702185 -16.0559412793691 -23.4608369925152 -30.8891805548186 -41.6674610910582 -11.2429351980251 -15.7608065670898 -22.9158222107907 -16.5190287301253 -17.5557186510284 -18.6430712260345 -22.242682359666 -25.8462205997048 -20.2093841850971 -14.1162978387422 -16.3636402033841 -7.00477822813988 -5.00432959408928 -12.0364923969747 -11.8570207301245 -9.54000642183599 -17.2759474004243 -3.20764632311914 
-18.4 2.43080035818275 -3.71597677555718 -6.13370624322164 -4.06667444509861 -6.8233439904916 -9.58602375078928 -8.71634917848397 -15.9521356430064 -23.3249665683276 -30.7212453428061 -41.4674610912209 -11.2070647736751 -15.6928713549149 -22.8158222107909 -16.5907695788261 -17.659524287554 -18.778941650385 -22.4106175718413 -26.0462205997049 -20.205277854214 -14.0801267200342 -16.2954042968512 -7.03654071246709 -5.00402729059085 -12.0041253056518 -11.7170439750535 -9.43209445458988 -17.2001002210031 -3.23996880559342 
-18.2 2.42129042890156 -3.7479287348442 -6.10175428393463 -4.10276903638707 -6.89139054106709 -9.68602226065179 -8.64415701582891 -15.8479915210643 -23.1888704870985 -30.55319730229 -41.2674610914177 -11.1709686922494 -15.6248233142022 -22.7158222107912 -16.6629617416782 -17.7636684096931 -18.9150377318111 -22.5786656125545 -26.2462205997052 -20.2008565294839 -14.0437534360171 -16.2270790535471 -7.06821397902488 -5.00374859786239 -11.9718946536359 -11.5765265690941 -9.3235290079175 -17.1234867336177 -3.27221180714097 
-18 2.4118172043236 -3.77975737174377 -6.06992564703505 -4.13911038263067 -6.95956052421026 -9.78602088069453 -8.57147156366619 -15.743477432002 -23.0525277611367 -30.3850259394286 -41.0674610916567 -11.1346259660488 -15.556651951102 -22.6158222107914 -16.7356471940801 -17.8681824989946 -19.0513804580122 -22.7468369756552 -26.4462205997054 -20.1960873376881 -14.0071556073217 -16.1586525879521 -7.09978613347276 -5.00349211540994 -11.9398095342843 -11.4354146513362 -9.21424572705912 -17.0460320896589 -3.3043702701653 
-17.8 2.40238412417239 -3.81145112929239 -6.03823188948643 -4.17572158959457 -7.02786548872278 -9.88601960275568 -8.49824659415176 -15.6385587049389 -22.915915276525 -30.2167196972683 -40.8674610919478 -11.0980134811463 -15.4883457086509 -22.5158222107917 -16.8088721638859 -17.973101226349 -19.1879929429152 -22.9151432181068 -26.6462205997057 -20.1909346402598 -13.9703091523447 -16.0901123754265 -7.13124464300769 -5.00325686739701 -11.9078805287224 -11.2936494692959 -9.10417430256748 -16.9676544227159 -3.33643878178904 
-17.6 2.39299498160835 -3.84299726303066 -6.00668575574816 -4.2126281386484 -7.09631817151487 -9.98601841928603 -8.4244311294606 -15.5331971065095 -22.7790075443573 -30.0482658313623 -40.6674610923036 -11.0611057486232 -15.4198918423895 -22.4158222107921 -16.8826876289331 -18.0784628251345 -19.324900675439 -23.0835970843688 -26.8462205997059 -20.1853592580484 -13.9331876363951 -16.0214447257386 -7.16257580985017 -5.00304190050046 -11.8761194280879 -11.1511663549165 -8.99323732192633 -16.888263575813 -3.36841152762503 
-17.4 2.38365395157598 -3.87438174576109 -5.97530127301774 -4.24985807720506 -7.16493259280197 -10.0860173233036 -8.34996906081884 -15.4273505551373 -22.6417765102547 -29.8796503145293 -40.4674610927401 -11.0238747140844 -15.3512763251203 -22.3158222107924 -16.9571496980117 -18.1843093769436 -19.4621317099785 -23.2522126016387 -27.0462205997063 -20.1793186264056 -13.8957625220219 -15.952635128635 -7.19376511676337 -5.00284672468399 -11.8445397695407 -11.0078946891708 -8.88135013891105 -16.8077608755281 -3.4002822822223 
-17.2 2.3743656311417 -3.90558913201871 -5.94409388676011 -4.28744228973917 -7.2337241915937 -10.1860163083529 -8.27479860638713 -15.320972714448 -22.5041912833077 -29.7108577013247 -40.2674610932779 -10.9862894866 -15.2824837113783 -22.2158222107928 -17.0323201529816 -18.2906872181711 -19.5997169374636 -23.4210052153814 -27.2462205997066 -20.1727660588678 -13.8580025682265 -15.8836677885819 -7.22479676175969 -5.00267098342193 -11.8131566420214 -10.8637568946857 -8.76841973068356 -16.7260378535583 -3.43204436138376 
-17 2.36513506463962 -3.93660247358518 -5.91308054519364 -4.32541466672024 -7.30270991014124 -10.2860153684669 -8.19885197331856 -15.214012739813 -22.3662179671062 -29.5418710435567 -40.0674610939434 -10.9483161697334 -15.2134970529452 -22.1158222107932 -17.1082667867161 -18.397647193472 -19.737690254331 -23.5899918738154 -27.446220599707 -20.1656510631956 -13.8198742309878 -15.8145261097768 -7.25565414306774 -5.00251502316426 -11.7819873401968 -10.7186685828115 -8.65434476037587 -16.6429762248171 -3.46369062076539 
-16.8 2.35596778220497 -3.96740319002202 -5.8822798287568 -4.36381236351247 -7.37190832337031 -10.3860144981328 -8.12205483989347 -15.106414889951 -22.2278194008074 -29.3726717608211 -39.867461094771 -10.9099176026075 -15.1442977693825 -22.0158222107937 -17.1850639209692 -18.5052450441619 -19.8760888214578 -23.759191157379 -27.6462205997074 -20.1579186111186 -13.7813410624739 -15.7451922248261 -7.28631938778289 -5.00237955144182 -11.7510511520379 -10.5725375644353 -8.53901445843648 -16.5584466393145 -3.49521341746577 
-16.6 2.34686981723644 -3.99797100999983 -5.85171200877899 -4.40267591768443 -7.44133969752008 -10.4860136922604 -8.04432612083911 -14.9981183509188 -22.0889550417974 -29.2032395818333 -39.6674610958054 -10.8710532425637 -15.0748655893608 -21.9158222107942 -17.2627926410584 -18.613541584229 -20.0149531815026 -23.9286233374016 -27.8462205997079 -20.149509380059 -13.7423640114365 -15.6756473538109 -7.31677371089439 -5.00226605457626 -11.7203698351942 -10.4252639743652 -8.42230868834422 -16.4723086892 -3.52660462377606 
-16.4 2.3378477205988 -4.02828392357947 -5.82139909519935 -4.44204934441856 -7.51102603783385 -10.5860129461538 -7.96557777645776 -14.8890570929579 -21.9495808702568 -29.033552496713 -39.4674610971055 -10.8316790697235 -15.005178502941 -21.8158222107948 -17.3415409867404 -18.7226028434906 -20.1543273543439 -24.0983104238225 -28.0462205997084 -20.1403596052813 -13.7029013230792 -15.6058717518739 -7.34699736285068 -5.00217679295216 -11.6899676599908 -10.2767400280464 -8.30409765560501 -16.3844105700405 -3.55785565553375 
-16.2 2.32890852808487 -4.05831829153518 -5.79136472724365 -4.48197991783781 -7.58099097920881 -10.6860122554845 -7.88571524992441 -14.7791601984688 -21.8096496078121 -28.8635868663126 -39.2674610987493 -10.7917478056355 -14.9352128708974 -21.7158222107954 -17.4214035149182 -18.8324997396241 -20.2942586184331 -24.2682760558674 -28.246220599709 -20.1304023907924 -13.6629097406345 -15.5358458014736 -7.37697072177996 -5.00211578392649 -11.6598722830091 -10.126851551112 -8.18424354662637 -16.2945908290175 -3.58895764155786 
-16 2.32005972613115 -4.0880489605448 -5.76163405823403 -4.52251794060402 -7.65125967098464 -10.7860116162699 -7.80463792805468 -14.6683522075895 -21.6691109479231 -28.693317537414 -39.0674611008411 -10.7512091436555 -14.8649435399077 -21.6158222107961 -17.5024808388803 -18.9433077325959 -20.4347972804145 -24.4385453868585 -28.4462205997097 -20.1195675241371 -13.6223442049697 -15.4655495967991 -7.40667387789065 -5.0020882710268 -11.6301141011001 -9.97547802456714 -8.06260068909112 -16.2026786404919 -3.61990158266221 
-15.8 2.31130909582134 -4.11744978731515 -5.73223323146368 -4.56371569564421 -7.72185825279518 -10.8860110248508 -7.72224123781589 -14.5565546905803 -21.5279126041436 -28.5227183668642 -38.8674611035209 -10.710010797197 -14.7943443666788 -21.5158222107969 -17.5848775317997 -19.0551052522856 -20.5759956268745 -24.6091445600889 -28.6462205997104 -20.1077849043352 -13.5811607583974 -15.3949653234565 -7.43608901312776 -5.00210257949433 -11.6007275827969 -9.82249706098495 -7.93902055227928 -16.1084993304504 -3.6506789258795 
-15.6 2.30266449961346 -4.14649435514735 -5.70318866363147 -4.60562601300343 -7.79281313798661 -10.9860104778745 -7.63841951260239 -14.4436883975346 -21.3860017432657 -28.351762938154 -38.6674611069786 -10.6680999328622 -14.7233889345119 -21.4158222107977 -17.6686992604717 -19.1679715487898 -20.717906491211 -24.7800999922575 -28.8462205997113 -20.0949868605483 -13.5393181467784 -15.3240781440052 -7.46520128669964 -5.00217028523324 -11.571750720704 -9.66778815631932 -7.81335621544586 -16.0118795614492 -3.68128232290121 
-15.4 2.29413346585352 -4.17515736990949 -5.67452564886934 -4.64829947788239 -7.8641496176277 -11.0860099722777 -7.55307157614531 -14.3296774463154 -21.2433277772843 -28.1804259574106 -38.467461111473 -10.6254259623875 -14.652051949275 -21.3158222107987 -17.7540472014241 -19.2819825045044 -20.8605804616876 -24.9514369774963 -29.0462205997122 -20.0811142542294 -13.4967825256972 -15.2528795081619 -7.49400214525826 -5.00230812903049 -11.5432255497388 -9.51124158401801 -7.68547265790668 -15.9126590186722 -3.7117071305379 
-15.2 2.28572252194863 -4.20341690047676 -5.64626611830207 -4.69177994974296 -7.93588962005554 -11.1860095052728 -7.46610970430035 -14.2144560439032 -21.0998468443048 -28.0086854938638 -38.2674611173589 -10.5819450235229 -14.5803114798432 -21.2158222107996 -17.8410090791561 -19.3972039128036 -21.0040614005542 -25.1231774469301 -29.2462205997133 -20.066125328235 -13.4535340691356 -15.1813715210331 -7.52249369112361 -5.00254014432818 -11.5151980344692 -9.3527717250431 -7.55526232949904 -15.8107082208318 -3.74195386002743 
-15 2.27743613324128 -4.23125794395719 -5.61842507482163 -4.73609743184247 -8.00804814563548 -11.2860090743332 -7.37747388598684 -14.0979791821092 -20.9555289390305 -27.836526545109 -38.0674611251237 -10.537627110485 -14.5081525233248 -21.1158222108008 -17.9296449052363 -19.5136807823643 -21.1483793135953 -25.2953364034516 -29.4462205997153 -20.0500094854553 -13.4095771828755 -15.1095735912925 -7.55069533044215 -5.00290074016629 -11.4877175868272 -9.19233797698776 -7.42266962492413 -15.7059565597373 -3.77203221269492 
-14.8 2.26927506166976 -4.25867794035058 -5.59100507842824 -4.7812570419025 -8.0806277520889 -11.38600867718 -7.28715388187718 -13.9802391816062 -20.810368942134 -27.6639465518192 -37.8674611354405 -10.4924671032732 -14.4355725197196 -21.0158222108022 -18.0199649196634 -19.6314207931847 -21.2935393208091 -25.4679164070588 -29.6462205997159 -20.0328082237087 -13.3649559247354 -15.0375323367591 -7.57865367875418 -5.00343909208493 -11.4608359423521 -9.02997671834332 -7.28772836267308 -15.5984352938797 -3.80196755357182 
-14.6 2.2612339425832 -4.28569491409231 -5.56398810468651 -4.82722272900286 -8.15361041293098 -11.4860083117638 -7.19522179062705 -13.8612901166143 -20.6644029034004 -27.4909635393438 -37.6674611492234 -10.4465010507582 -14.3625894934629 -20.9158222108038 -18.1118970246988 -19.7503698719618 -21.4395053733279 -25.6408994333194 -29.8462205997182 -20.0146452060641 -13.3197759333491 -14.965335371631 -7.60645634820838 -5.0042247877974 -11.4346046643232 -8.86584766196358 -7.15061628003507 -15.4883401849834 -3.83181092322936 
-14.4 2.25329787109513 -4.31235894340189 -5.53732407537693 -4.87389433485853 -8.22694604809624 -11.5860079762386 -7.10187792635371 -13.7412822230314 -20.5177309805079 -27.3176275871417 -37.4674611677117 -10.3998291093792 -14.2892535227743 -20.8158222108056 -18.2052409074614 -19.870377784034 -21.5861773147097 -25.8142354040108 -30.0462205997191 -19.9957678697426 -13.2742345677181 -14.8931299766904 -7.63425061774086 -5.0053550280203 -11.4090708752362 -8.70029840274787 -7.01173105012895 -15.3761189843868 -3.86165388598269 
-14.2 2.2454380216077 -4.33876687803513 -5.51091614074369 -4.92107815827388 -8.30053780614483 -11.6860076689205 -7.00750968969884 -13.6205060517433 -20.3705468745866 -27.1440355465871 -37.2674611925239 -10.3526449786477 -14.2156614574095 -20.7158222108076 -18.2996091689312 -19.991153980137 -21.733361445446 -25.9878274693803 -30.2462205997219 -19.9765992926215 -13.2286580559638 -14.8211455303028 -7.66226586403311 -5.0069623396793 -11.3842702522623 -8.53394571970342 -6.87178630171773 -15.2625821706089 -3.89164903597988 
-14 2.23760688619222 -4.36507833762307 -5.48460468115575 -4.9684549584005 -8.37422606585939 -11.786007388223 -6.91275556122024 -13.4994404636767 -20.2231698269321 -26.9703470393447 -37.0674612256935 -10.3052678978258 -14.1419729169997 -20.6158222108098 -18.3943633305808 -20.1122196013747 -21.8807385262715 -26.1615160097938 -30.4462205997233 -19.9577916407188 -13.1835389444731 -14.7497149592242 -7.69083501225474 -5.009220028313 -11.3602164813077 -8.36776102014395 -6.73191306174621 -15.1490203902253 -3.92203512235567 
-13.8 2.22973478538916 -4.3915274348693 -5.45815558390953 -5.01555650825152 -8.44777671295664 -11.8860071325664 -6.81855199408616 -13.3787877992964 -20.0760680653056 -26.796796180472 -36.8674612695746 -10.2581660923207 -14.0684220142484 -20.5158222108123 -18.4885669415992 -20.2328723096392 -22.0278403317823 -26.3350669125508 -30.6462205997265 -19.9402595197744 -13.1395577262824 -14.6792846437873 -7.72040444115889 -5.01234035997092 -11.3368877157198 -8.20312713757055 -6.59372827641903 -15.0372847021443 -3.95316192390425 
-13.6 2.2217305743834 -4.41842040290496 -5.43126261587386 -5.06177033988387 -8.52088351262465 -11.9860069002701 -6.72612392324569 -13.2594667604203 -19.9298540583938 -26.6236892055245 -36.6674613265914 -10.2119520283947 -13.9953149822868 -20.415822210815 -18.5809950694584 -20.3521934055341 -22.1740543957129 -26.508173944517 -30.8462205997284 -19.9251569755356 -13.097562214008 -14.6103961634772 -7.75151572854974 -5.01655867932611 -11.3142130670389 -8.04181058641725 -6.4593046933014 -14.9297540870624 -3.98550464563411 
-13.4 2.2134897178039 -4.44610846515367 -5.40357455362515 -5.10639400457913 -8.59319523956861 -12.0860066894628 -6.63687624441244 -13.1425310193383 -19.7852302550631 -26.4513773399451 -36.4674613987634 -10.167328152895 -13.9230030445384 -20.3158222108179 -18.6702428204672 -20.4691292187916 -22.3186782712191 -26.680485882272 -31.0462205997321 -19.9137615470645 -13.0584787232882 -14.5436246105087 -7.78474396477104 -5.0220988532987 -11.2920651787632 -7.88579135461264 -6.33097352374549 -14.8291109797552 -4.01965541485013 
-13.2 2.20491011394188 -4.47493466829274 -5.37474835048608 -5.14874140689719 -8.66436884502576 -12.186006498059 -6.55218114537022 -13.029009717157 -19.6428827497427 -26.2802036314857 -36.2674614871648 -10.1249805591762 -13.8518292476805 -20.2158222108209 -18.7549380079132 -20.5826506093767 -22.4610258649432 -26.8516596791351 -31.2462205997343 -19.9072685995678 -13.0231595726525 -14.4794792567339 -7.82059841958942 -5.02912710497801 -11.270267227303 -7.73695090179258 -6.2109592740645 -14.7379229332132 -4.05628860098621 
-13 2.19591089128517 -4.50517072867131 -5.34451229010751 -5.18826911191667 -8.7341326104238 -12.2860063238356 -6.47312549124965 -12.9197180026579 -19.503354974865 -26.1104397962294 -36.06746159153 -10.0854526799365 -13.7820653080622 -20.1158222108241 -18.8339937664027 -20.6919424282448 -22.6005537441899 -27.0214236187604 -31.4462205997382 -19.906561552155 -12.9922164648611 -14.4183000885639 -7.85941907719296 -5.03771170220298 -11.2486157641498 -7.59671607949893 -6.10096051214942 -14.6581602316767 -4.09611693766753 
-12.8 2.1864457402844 -4.5369722395427 -5.31271077923612 -5.22466593091231 -8.80233094029083 -12.386006164574 -6.40033165348153 -12.8151226540184 -19.3669581153541 -25.9422414258471 -35.8674617102763 -10.0490557016824 -13.7138668189367 -20.0158222108272 -18.9067877229195 -20.796537895633 -22.7369507224495 -27.1896221078914 -31.6462205997405 -19.9120663528759 -12.9659197547106 -14.3602018675421 -7.9013206969064 -5.04781181104503 -11.2269143621201 -7.46582402070584 -6.00186996422772 -14.5908711946264 -4.13987372073654 
-12.6 2.17650547903031 -4.57037005076733 -5.27931296801149 -5.2578701620926 -8.86893298269575 -12.4860060182036 -6.33392302900529 -12.7153162183175 -19.2337538684286 -25.775639367697 -35.6674618409016 -10.0158513241348 -13.6472646301644 -19.9158222108303 -18.9731964780248 -20.8963444619629 -22.870155100004 -27.3562242966706 -31.8462205997443 -19.9237469638117 -12.9442025544217 -14.3050868560286 -7.94620553901934 -5.05929884193334 -11.2050035817841 -7.34430038471298 -5.9137441394595 -14.5361431810828 -4.18835118490462 
-12.4 2.16611110814847 -4.60529360334175 -5.24438941543707 -5.28802292162453 -8.9340092948021 -12.5860058828843 -6.27361737897891 -12.6200870157167 -19.1036011132534 -25.6105630599474 -35.4674619805775 -9.98569842928662 -13.5821881827419 -19.8158222108333 -19.0335022677294 -20.9915738042419 -23.0003079948574 -27.5213007440984 -32.0462205997466 -19.941216610978 -12.9267486490136 -14.2527093980461 -7.9938279457146 -5.07199769605418 -11.1827788833302 -7.2316172767011 -5.83598458402203 -14.4933071782198 -4.2425078525415 
-12.2 2.15530287288129 -4.64160767918922 -5.2080753395896 -5.31539464406396 -8.997695093089 -12.6860057570187 -6.21887382843349 -12.5290293893238 -18.9762294110131 -25.4468772818595 -35.2674621266422 -9.9583265809845 -13.5185022585923 -19.7158222108362 -19.0882459643432 -21.0826315767031 -23.1276798431662 -27.6849866682546 -32.2462205997502 -19.9638899856274 -12.9131079478156 -14.2027546210005 -8.04387304280053 -5.08572871729264 -11.1601958287216 -7.12691894910724 -5.76760033227564 -14.4612370023209 -4.30365297812351 
-12 2.1441302432213 -4.67914606643371 -5.17053695234512 -5.34031775177719 -9.06015658804671 -12.7860056392209 -6.16902752769098 -12.4416447013369 -18.8513063357816 -25.2844158193836 -35.0674622769218 -9.9334033554763 -13.4560406458396 -19.6158222108391 -19.1380924153673 -21.1700164149717 -23.2526030686792 -27.8474482810121 -32.4462205997523 -19.9911141371185 -12.9027937120621 -14.1549019980026 -8.09602030200195 -5.10033758924957 -11.1372663134336 -7.02922002536395 -5.70743979577684 -14.4386148530665 -4.37374513382931 
-11.8 2.13264488917775 -4.71773516146746 -5.13194785731136 -5.36313945075776 -9.12156738206104 -12.886005528269 -6.12338406074233 -12.3574121393544 -18.7284846787654 -25.1230050673336 -34.8674624298381 -9.91058154554656 -13.3946297408761 -19.5158222108418 -19.1837360352357 -21.2542491298739 -23.3754248786152 -28.0088591859818 -32.6462205997558 -20.0222565596088 -12.8953470395187 -14.1088662304254 -8.14998442347014 -5.11571261568401 -11.1140522448347 -6.9375407908354 -5.65434965628204 -14.4241138086055 -4.45592386513878 
-11.6 2.12089669657871 -4.75720735526842 -5.0924756635104 -5.38419495795047 -9.1820950830547 -12.9860054230636 -6.08127299052588 -12.275828875337 -18.6074292209471 -24.9624774157143 -34.6674625844178 -9.88952593315095 -13.3341019346795 -19.4158222108443 -19.2258472600345 -21.3358325484737 -23.4964804910159 -28.1693869921835 -32.8462205997584 -20.0567518219997 -12.8903701081086 -14.0644171052144 -8.20553519305088 -5.13179119146417 -11.0906586268135 -6.85098059540527 -5.60726165465287 -14.4164980007773 -4.55560477267263 
-11.4 2.10893195495009 -4.79740712185904 -5.05227589691979 -5.40379532430008 -9.24189521599494 -13.0860053225945 -6.04207221268861 -12.1964283309091 -18.4878289099285 -24.8026773381052 -34.4674627402181 -9.86992546633479 -13.2743017012727 -19.3158222108469 -19.2650481936746 -21.4152332487044 -23.6160809578373 -28.3291872255955 -33.046220599761 -20.0941209738716 -12.8875394933899 -14.0213867239051 -8.26250471127022 -5.14856094309213 -11.0672286118512 -6.7687494362561 -5.56523026209432 -14.4146663748094 -4.68316297485882 
-11.2 2.0967928643804 -4.83819267516817 -5.01149034361066 -5.42222412100725 -9.30110956601123 -13.1860052259199 -6.00521458295103 -12.1187851478624 -18.3694001735727 -24.6434630484402 -34.267462897244 -9.85149657295559 -13.2150872545844 -19.2158222108495 -19.3019059804406 -21.4928765887796 -23.7345098512215 -28.4884016722889 -33.2462205997635 -20.1339750047116 -12.8866079709208 -13.9796696481268 -8.32078753881445 -5.16605821732799 -11.0439403327776 -6.69017473073771 -5.52744110988505 -14.4176627759092 -4.86229105781138 
-11 2.08451773575507 -4.87943529627316 -4.97024772250566 -5.43973878503099 -9.35986685113997 -13.2860051321536 -5.97018522599055 -12.042513169797 -18.2518855744022 -24.4847058281648 -34.0674630558635 -9.83398181516812 -13.156329875692 -19.115822210852 -19.3369354960232 -21.5691487254671 -23.852024609014 -28.6471590511864 -33.446220599766 -20.1760106665561 -12.8874010116603 -13.9392200677613 -8.38033786468051 -5.18436592208829 -11.0210054164333 -6.61469579340918 -5.49320479366152 -14.4246690807907 -5.17022193076156 
-10.8 2.07214150181971 -4.92101761630272 -4.9286654024761 -5.45657405327776 -9.4182844394163 -13.3860050404595 -5.93651466697975 -11.9672602907566 -18.1350503753323 -24.3262883090653 -33.8674632167345 -9.81714645522977 -13.097912195724 -19.0158222108545 -19.3706062159074 -21.6444017653809 -23.9688599689574 -28.8055767311593 -33.6462205997685 -20.2200035500605 -12.8898115751351 -13.9000483112066 -8.44116601642882 -5.20361175380781 -10.9986689281228 -6.54185347784117 -5.46194479812307 -14.4349914052818 -6.65473469317397 
-10.6 2.05969633557834 -4.96283153871023 -4.8868514800686 -5.47294611805344 -9.47647042659949 -13.4860049500502 -5.90377052061871 -11.8927022219881 -18.0186783841563 -24.1681023954817 -33.6674633807434 -9.80077430004734 -13.0397261181341 -18.9158222108571 -19.4033505262799 -21.7189599981609 -24.0852321241449 -28.9637628087543 -33.846220599771 -20.2658014007282 -12.8937955033953 -13.8622183170593 -8.50333593187003 -5.22396774684075 -10.9772109987487 -6.47127933733028 -5.43318458001968 -14.4480451095859 -5.13957194384337 
-10.4 2.04721227637492 -5.0047761357319 -4.84490688304692 -5.48905683415116 -9.53452573971888 -13.5860048601913 -5.87154907692032 -11.818536181268 -17.9025677464145 -24.0100471607183 -33.4674635489583 -9.7846634940933 -12.9816707151584 -18.8158222108597 -19.4355721381958 -21.7931262070985 -24.2013429301042 -29.1218182117352 -34.0462205997736 -20.3133182103749 -12.8993677160204 -13.8258459326627 -8.56696345761151 -5.24565067556132 -10.9569493304472 -6.40268550923268 -5.40653534894376 -14.4633404755317 -4.8421624503014 
-10.2 2.03471782116685 -5.04675566179538 -4.80292735698344 -5.50509769204247 -9.59254612367367 -13.6860047702096 -5.83946735480721 -11.7444749330914 -17.7865269721745 -23.8520268604148 -33.2674637225913 -9.76862254622296 -12.9236502412246 -18.7158222108624 -19.4676540339445 -21.8671876289107 -24.3173838779799 -29.2798386856744 -34.2462205997762 -20.3625299275152 -12.9065999070972 -13.791098597676 -8.63221603264078 -5.26892372452634 -10.9382428533491 -6.33585645213018 -5.38168581790475 -14.4804704705561 -4.66420433092114 
-10 2.0222404692322 -5.08867772338359 -4.76100529539523 -5.52125347816119 -9.6506239713806 -13.7860046795047 -5.80715578153633 -11.6702412982323 -17.6703712757272 -23.6939491023793 -33.0674639029676 -9.7524666694022 -12.8655723028156 -18.6158222108652 -19.4999657875945 -21.9414214441488 -24.4335397548062 -29.437916624089 -34.446220599779 -20.4134722267005 -12.9156201446943 -13.7581967736848 -8.69931411794157 -5.29409974823969 -10.9214968154739 -6.27064305486534 -5.35839448222811 -14.4991011964677 -4.53525068608323 
-9.80000000000004 2.00980719935615 -5.13045167575881 -4.71923134302002 -5.53770548147463 -9.70884992706925 -13.8860045875686 -5.77425177957323 -11.595563343894 -17.5539193690136 -23.5357232432905 -32.8674640915036 -9.73601457415561 -12.8073462551938 -18.5158222108682 -19.5328699780966 -22.0160995870261 -24.5499918500588 -29.5961426717167 -34.646220599782 -20.4662390053746 -12.9266129709932 -13.7274156476086 -8.76853289992658 -5.32154457784872 -10.9071676927081 -6.20695792682299 -5.33648330656098 -14.5189639731758 -4.43288466458468 
-9.60000000000004 1.99744486249983 -5.17198730365316 -4.67769571512566 -5.55463413212797 -9.76731420561695 -13.9860044940106 -5.74039448933631 -11.5201704257627 -17.436990822988 -23.3772590693705 -32.6674642896893 -9.71908582994752 -12.7488818830914 -18.4158222108714 -19.5667274665223 -22.0914927033462 -24.6669205942732 -29.7546070438255 -34.8462205997851 -20.5209820658786 -12.9398204036028 -13.6990874523238 -8.84020461108033 -5.35168066110888 -10.8957681480735 -6.14477244129815 -5.31583344893049 -14.5398497434397 -4.34708498152452 
-9.40000000000004 1.98518047109246 -5.21319384928998 -4.63648916948885 -5.57222094543239 -9.82610756455818 -14.0860043985887 -5.7052208812663 -11.4437902720559 -17.3194041236444 -23.2184658243901 -32.467464499072 -9.70149892122459 -12.6900884287316 -18.3158222108748 -19.6019012839785 -22.1678730664392 -24.784507503003 -29.9134004981921 -35.0462205997886 -20.5779118457055 -12.9555436377929 -13.6736041408771 -8.91472120420863 -5.3849907085996 -10.8878716499278 -6.08411552177802 -5.29638307504718 -14.5616059151932 -4.27252567674526 
-9.20000000000004 1.9730412515346 -5.25397983598035 -4.59570318279848 -5.59064887471577 -9.88532148053194 -14.1860043012528 -5.66836505020906 -11.3661484543083 -17.2009763192064 -23.0592520332617 -32.2674647212533 -9.68307089460909 -12.6308744154257 -18.2158222108786 -19.6387573372207 -22.2455151063718 -24.902935529626 -30.0726145115055 -35.2462205997923 -20.6372956389949 -12.974141444392 -13.6514159607858 -8.99253292677728 -5.42201644447865 -10.8841113991161 -6.02507151062568 -5.27812505058521 -14.5841338774215 -4.20606332878528 
-9.00000000000004 1.96105439553503 -5.29425390359459 -4.55542911518423 -5.61010064042664 -9.94504731385705 -14.2860042021921 -5.62946155730124 -11.2869708937862 -17.0815246910701 -22.8995263375112 -32.0674649578885 -9.66361902984174 -12.5711484830441 -18.1158222108827 -19.6776610667679 -22.3246929035332 -25.0223873944016 -30.2323404438954 -35.4462205997964 -20.6994544267479 -12.9960261645306 -13.6330266133102 -9.0741434802373 -5.46335293032365 -10.8851738173472 -5.96777867023813 -5.26110627781191 -14.6073891722625 -4.14571057816671 
-8.80000000000004 1.94924626860302 -5.33392746791159 -4.51575555086723 -5.63075341148781 -10.0053736492352 -14.3860041018873 -5.588156067386 -11.205991839554 -16.9608720725208 -22.7392001546449 -31.8674652107052 -9.64296615848035 -12.5108220473658 -18.0158222108874 -19.7189668095045 -22.4056722105868 -25.1430402657722 -30.392666879583 -35.646220599801 -20.7647531198818 -13.0216512933476 -13.6189781778102 -9.16009494442742 -5.50963083019754 -10.8917781529037 -5.91242474481824 -5.24542591670901 -14.6313823754766 -4.09014899479937 
-8.60000000000004 1.93764083820861 -5.37292000176816 -4.47676301701066 -5.65276824304356 -10.0663810146475 -14.4860040011562 -5.54412647365282 -11.1229697119642 -16.8388574110745 -22.578192959342 -31.6674654815458 -9.62095122619866 -12.4498145812275 -17.9158222108925 -19.7629966740833 -22.4886946090222 -25.2650551980642 -30.5536743457315 -35.8462205998061 -20.8335808075287 -13.0514864471379 -13.6098207977439 -9.25093746362526 -5.56148081553805 -10.904635604388 -5.85923777101363 -5.23123147676097 -14.6561804693851 -4.0384697945728 
-8.40000000000004 1.92625710729044 -5.41116765809417 -4.43851536068466 -5.67627283041065 -10.1281332583406 -14.5860039011753 -5.49711738985232 -11.0377129718377 -16.715353014622 -22.4164409065635 -31.4674657724413 -9.59744653885648 -12.3880622375593 -17.8158222108983 -19.8100060487851 -22.57395164005 -25.388559885418 -30.7154266894113 -36.0462205998119 -20.9063167240908 -13.085974707374 -13.606061401654 -9.34717796754826 -5.61947366313581 -10.9243807956594 -5.8084692911174 -5.21871065319075 -14.6819073021409 -3.99002096436031 
-8.20000000000005 1.91510555206332 -5.4486352383535 -4.40104778042532 -5.70133757216626 -10.1906655803556 -14.6860038034496 -5.44698802417032 -10.9501160258964 -16.5902884884213 -22.2539088001035 -31.2674660857219 -9.57238169938171 -12.3255298178252 -17.7158222109049 -19.8601357277542 -22.6615488992785 -25.5136247249058 -30.8779591091585 -36.2462205998184 -20.9832794352901 -13.125469838314 -13.6080889523346 -9.44920542049706 -5.6840335358245 -10.9514730880891 -5.76036747610954 -5.20807641844222 -14.7087406476517 -3.94430791418237 
-8.00000000000005 1.90418400161434 -5.48533003649329 -4.36435298228553 -5.72794788214322 -10.2539706884723 -14.7860037097061 -5.39376755516441 -10.8602007587507 -16.4636784231358 -22.0906039366782 -31.0674664241568 -9.54577129566867 -12.2622246159724 -17.6158222109123 -19.9133565352024 -22.7514645048665 -25.6402351286336 -31.0412643110261 -36.4462205998258 -21.0646610776497 -13.1701566825338 -13.6160809984147 -9.55719737282586 -5.75533069001428 -10.9860754441388 -5.71513905317628 -5.19954279364875 -14.736901820998 -3.90092383231797 
-7.80000000000005 1.89347425097367 -5.52131321852616 -4.32836980025267 -5.75598143006823 -10.3179874184302 -14.8860036216969 -5.33770065022435 -10.7681506717778 -16.33564515413 -21.9265874856396 -30.8674667910853 -9.51773765974249 -12.1982077980133 -17.5158222109204 -19.9694238070792 -22.8435149587762 -25.7682687645761 -31.2052811290014 -36.646220599834 -21.1504618371559 -13.2199742600071 -13.6299153938551 -9.67103168024899 -5.83318181540417 -11.0279433874958 -5.67290654366842 -5.19329346617376 -14.7666356755559 -3.85950127747701 
-7.60000000000005 1.88294117490295 -5.55670280007058 -4.29298021870824 -5.78520218622227 -10.3825977561287 -14.9860035409398 -5.27925937580709 -10.6743198158161 -16.2064247166239 -21.7619774665891 -30.6674671904904 -9.48851682284057 -12.133597379567 -17.4158222109296 -20.0278654809115 -22.9373462141528 -25.8974896014972 -31.369891547467 -36.846220599844 -21.2404481680601 -13.2745710093669 -13.6491225616705 -9.79023876729805 -5.9169993209088 -11.0763713114564 -5.63367243705733 -5.18944894110709 -14.7981807320337 -3.81968404271903 
-7.40000000000005 1.87253580632387 -5.59166330328514 -4.25801971549368 -5.81528110732846 -10.4476371804494 -15.0860034684751 -5.21910182514738 -10.5792017619418 -16.0763461595351 -21.5969384062857 -30.4674676269724 -9.45843782927986 -12.0685578827917 -17.3158222109398 -20.0880234680626 -23.0324647045185 -26.0275685950775 -31.5349310442618 -37.0462205998534 -21.3341608739919 -13.3333232120841 -13.6729142611732 -9.91403039432582 -6.00583044472201 -11.1302419320546 -5.59730658589008 -5.1880435931544 -14.8317358872955 -3.78112034180662 
-7.20000000000005 1.86220213014167 -5.62638293062367 -4.22330008815515 -5.84584178890179 -10.5129174893613 -15.1860034047255 -5.15798081313943 -10.4833611225953 -15.9457858928501 -21.4316585122621 -30.2674681056103 -9.42787708396801 -12.0032775101413 -17.2158222109509 -20.1491449587203 -23.1283058225148 -26.1581293404122 -31.7002114169351 -37.2462205998652 -21.4309798966943 -13.395422607448 -13.7002940291985 -10.0414100985905 -6.09849052164813 -11.1881823816426 -5.56356534189638 -5.18902197649924 -14.8674338979789 -3.74347382194671 
-7.00000000000005 1.85188535682391 -5.66104576683153 -4.1886372519473 -5.87651606127258 -10.5782545979399 -15.286003349512 -5.09663268416179 -10.3873501574098 -15.8151120914567 -21.2663218746609 -30.0674686318013 -9.39720275639566 -11.9379403463611 -17.1158222109628 -20.2104936139001 -23.2243173139023 -26.2888036680077 -31.8655485807384 -37.4462205998763 -21.5302247863517 -13.4600046608975 -13.7302132464401 -10.1713292606067 -6.1937468474565 -11.2487758712427 -5.53213643014847 -5.19225590095918 -14.9053306586467 -3.7064429128956 
-6.80000000000005 1.84153875388438 -5.69580882616749 -4.15387419261133 -5.90698989528613 -10.6434914912894 -15.3860033021974 -5.03568550082156 -10.2916399147336 -15.6846387894446 -21.1010855133128 -29.8674692111172 -9.36672887508033 -11.8727034057098 -17.0158222109755 -20.2714413765697 -23.3200281359079 -26.4192775493492 -32.0307855214159 -37.6462205998898 -21.6312532082072 -13.5262700234171 -13.7617155496238 -10.3028315164631 -6.29048604397692 -11.3107520084276 -5.50269154997915 -5.19757408012582 -14.9454118971493 -3.6697772389046 
-6.60000000000004 1.83112726034597 -5.73078990834171 -4.11889311043711 -5.93702769062234 -10.7085103687999 -15.4860032618821 -4.97561046767389 -10.1965837994118 -15.5546015919485 -20.9360672336425 -29.6674698492727 -9.33669103944224 -11.8076844878975 -16.915822210989 -20.3315170478855 -23.4150848893979 -26.5493153850134 -32.1958044392543 -37.8462205999025 -21.7335280024432 -13.5935637354789 -13.7940281795113 -10.4351441060218 -6.38781755136145 -11.3731024336375 -5.47492914670559 -5.20479275902648 -14.9876116582242 -3.63328440735705 
-6.40000000000004 1.82062787126051 -5.76606630658585 -4.08361671219298 -5.96647485983137 -10.773233936253 -15.5860032275794 -4.91671676353413 -10.1024136970279 -15.4251550913205 -20.7713443347703 -29.4674705521564 -9.30724383594466 -11.7429608861558 -16.8158222110032 -20.3904114549238 -23.5092556946804 -26.6787625885401 -32.3605280410251 -38.0462205999174 -21.8366436286507 -13.6614029634422 -13.8265910092305 -10.5677069014242 -6.48510394851968 -11.435112432552 -5.44859827227088 -5.21373828283591 -15.0318335802777 -3.59682685478511 
-6.20000000000004 1.81002794404048 -5.80168049812873 -4.0480025206501 -5.99524644750371 -10.8376197154683 -15.6860031983375 -4.85917430349161 -10.0092570454425 -15.2963842481922 -20.6069593000991 -29.2674713259423 -9.27847221904522 -11.6785750777135 -16.715822211018 -20.4479546887663 -23.6024131200658 -26.8075342054683 -32.5249138494962 -38.2462205999314 -21.9403213425074 -13.729466485756 -13.8590403400015 -10.7001562029384 -6.58193905849104 -11.4963333509801 -5.42350514298451 -5.22425934509241 -15.0779688340771 -3.56031262768409 
-6.00000000000004 1.79932270146674 -5.83764853372185 -4.01203448505697 -6.02331035128419 -10.9016516548419 -15.7860031733042 -4.80304729711964 -9.91716200347736 -15.1683211706339 -20.4429281869478 -29.0674721771978 -9.25040829024689 -11.614543113322 -16.6158222110334 -20.5040825464099 -23.6945090133025 -26.9355981342982 -32.6889458139192 -38.4462205999475 -22.0443878462757 -13.7975649539312 -13.8911707725835 -10.8322866104718 -6.67810143043131 -11.5565276873276 -5.3995085691792 -5.23623080688023 -15.1259083314581 -3.5236843353965 
-5.80000000000004 1.78851280384697 -5.87396819482876 -3.97571482395007 -6.05067100751689 -10.9653319721815 -15.8860031517507 -4.74832687736358 -9.8261219226144 -15.0409614286641 -20.279248783871 -28.8674731130142 -9.22304761247674 -11.550862774445 -16.5158222110494 -20.5588039019976 -23.7855500299971 -27.0629588120996 -32.8526261528276 -38.6462205999628 -22.148749901971 -13.8656073485196 -13.922893506065 -10.9640093223838 -6.77350448123634 -11.6156110770253 -5.37651088288857 -5.2495527816965 -15.1755499673813 -3.48690908707829 
-5.60000000000004 1.77760234117159 -5.91062573968514 -3.93905727909368 -6.07735589912416 -11.0286744086451 -15.9860031330708 -4.69495808488123 -9.73609558527567 -14.914277546469 -20.1159073568195 -28.6674741411063 -9.19636270220617 -11.487520319318 -16.4158222110661 -20.6121737225894 -23.8755773954453 -27.1896437224043 -33.0159686079886 -38.8462205999802 -22.2533700366856 -13.9335699383778 -13.9541985510669 -11.095314348689 -6.86815196268521 -11.6736010136182 -5.35444713539143 -5.26414657905575 -15.2268013095969 -3.44997039824807 
-5.40000000000004 1.76659737172304 -5.9476008133558 -3.90208220542302 -6.10340573548004 -11.0916993186717 -16.086003116768 -4.6428595083841 -9.64702193510787 -14.7882288226305 -19.9528835593104 -28.4674752699265 -9.17031284956481 -11.424495393006 -16.3158222110834 -20.6642734279233 -23.9646521744499 -27.3156935750795 -33.1789935343344 -39.0462205999967 -22.3582476213715 -14.001472449393 -13.9851259884114 -11.2262417697135 -6.96210431003898 -11.7305782873009 -5.33327599622153 -5.27995051355651 -15.2795803177683 -3.41286233936638 
-5.20000000000004 1.7555049090297 -5.98486985142019 -3.86481316735863 -6.12886764502265 -11.1544302662787 -16.1860031024393 -4.5919368994643 -9.55883028812369 -14.6627681375819 -19.7901538361974 -28.2674765087492 -9.14485092571156 -11.3617644310884 -16.2158222111014 -20.7151972756845 -24.0528450602754 -27.4411554989694 -33.3417244962888 -39.2462206000154 -22.4634042508722 -14.0693600408294 -14.0157445417834 -11.3568603087388 -7.05545381099997 -11.7866587501979 -5.31297194065572 -5.29691549605509 -15.3338143383313 -3.37558545936029 
-5.00000000000004 1.74433227226837 -6.02240826252411 -3.82727475625471 -6.15379081013413 -11.2168918424941 -16.2860030897587 -4.54209190290819 -9.47144688046366 -14.537846318818 -19.6276936063296 -28.0674778677774 -9.11992774793808 -11.299302842211 -16.1158222111201 -20.7650436312867 -24.1402298269815 -27.5660786767794 -33.5041860852027 -39.4462206000333 -22.5688737104434 -14.1372910892967 -14.0461371791468 -11.4872529334029 -7.14830802456011 -11.8419745526538 -5.29351958144435 -5.31500154794764 -15.3894388013277 -3.33814410829313 
-4.80000000000004 1.73308668370009 -6.06019178093602 -3.7894912378428 -6.17822376201344 -11.2791083127853 -16.3860030784618 -4.49322746700565 -9.3847989261492 -14.4134148460916 -19.4654786151913 -27.8674793582272 -9.09549478478133 -11.2370863606423 -16.0158222111395 -20.8139095576592 -24.2268792717659 -27.6905116399758 -33.666402566811 -39.6462206000534 -22.6746950174024 -14.2053288778437 -14.0763914492819 -11.6175071922217 -7.24077876496705 -11.8966617746492 -5.27490941565754 -5.33417490057274 -15.4463956723648 -3.30054471194484 
-4.60000000000004 1.7217750310956 -6.09819726476253 -3.7514857540163 -6.20221278423298 -11.3411028188313 -16.4860030683343 -4.44525103652719 -9.29881701184424 -14.2894274479602 -19.3034857332333 -27.6674809924427 -9.07150575245452 -11.175091844489 -15.9158222111597 -20.8618876223726 -24.3128628203058 -27.8145006723421 -33.8283970830039 -39.8462206000728 -22.7809074117218 -14.2735357883366 -14.1065928759483 -11.7477086087405 -7.33297469765927 -11.9508522235145 -5.25713441182525 -5.35440538056696 -15.5046316361855 -3.26279465984632 
-4.40000000000004 1.71040375391021 -6.13640307838382 -3.713279940395 -6.22580114785762 -11.4028969960773 -16.5860030592016 -4.39807608256041 -9.21343624425617 -14.1658408667508 -19.1416933384027 -27.4674827839907 -9.04791737971812 -11.1132976581313 -15.8158222111807 -20.9090643679091 -24.3982453794637 -27.9380890451213 -33.9901912694043 -40.0462206000946 -22.8875480349172 -14.3419705979107 -14.1368218719011 -11.8779375955396 -7.42499787083706 -12.0046695830714 -5.24018845379033 -5.37566523615333 -15.5640973053931 -3.22490169784724 
-4.20000000000004 1.69897878236952 -6.17478929711685 -3.67489372166198 -6.24902870211065 -11.4645107690633 -16.6860030509207 -4.35162292129367 -9.1285968642564 -14.042615268018 -18.9800815209368 -27.2674847477919 -9.02468981720587 -11.051683876886 -15.7158222112024 -20.9555194929989 -24.4830867232865 -28.0613166076771 -34.1518050506931 -40.2462206001164 -22.994649531294 -14.4106858755545 -14.1671509308118 -12.0082666461473 -7.51694070271214 -12.058226196213 -5.22406435141241 -5.39792735250843 -15.6247456404813 -3.18687350102956 
-4.00000000000004 1.68750553089194 -6.21333772931459 -3.63634528946423 -6.27193183016803 -11.5259623293184 -16.7860030433735 -4.3058188025323 -9.04424431329729 -13.9197142848611 -18.8186321055822 -27.0674869002395 -9.00178668162418 -10.9902323091066 -15.6158222112252 -21.0013257642307 -24.567441426716 -28.1842197433044 -34.3132566185182 -40.4462206001392 -23.1022393691263 -14.4797272811891 -14.1976439042486 -12.1387596120146 -7.60888523638091 -12.1116222976845 -5.20875320606507 -5.42116463935884 -15.6865313595294 -3.14871748753847 
-3.80000000000004 1.67598891252419 -6.25203186786493 -3.59765115091389 -6.29454354615682 -11.5872681838576 -16.886003036463 -4.26059771583791 -8.96032908805255 -13.7971049210661 -18.6573286032368 -26.8674892593438 -8.97917495874866 -10.9289264476807 -15.515822211249 -21.0465492100531 -24.6513590110888 -28.3068314662275 -34.4745624799916 -40.646220600163 -23.2103394917621 -14.5491332652745 -14.2283557497838 -12.269471450615 -7.70090293643175 -12.1649458591846 -5.19424396488201 -5.44534953672612 -15.7494103954471 -3.11044071980702 
-3.60000000000004 1.66443336215161 -6.29085681220746 -3.55882620657137 -6.31689365111688 -11.6484432331602 -16.9860030301081 -4.21590007875018 -8.87680650662229 -13.6747573952933 -18.4961561331215 -26.6674918448859 -8.95682484745856 -10.8677513920481 -15.4158222112738 -21.0912494327078 -24.734884178086 -28.4291815775673 -34.6357375356739 -40.8462206001878 -23.3189657389827 -14.6189345681526 -14.2593321083194 -12.4004478027712 -7.7930543442447 -12.2182723226554 -5.18052268630502 -5.47045320249166 -15.8133390055551 -3.07204983948845 
-3.40000000000004 1.65284287597751 -6.32979913568866 -3.51988388309016 -6.3390089982875 -11.709500903812 -17.0860030242411 -4.17167220637441 -8.79363631076532 -13.5526448759551 -18.3351012903021 -26.4674946785854 -8.93470949444692 -10.8066937155553 -15.3158222112998 -21.1354801388089 -24.8180572076683 -28.5512969306308 -34.7967952122186 -41.0462206002137 -23.4281286155408 -14.6891551212295 -14.290610337915 -12.5317260264736 -7.88539024446664 -12.2716658993957 -5.16757304349899 -5.49644588316683 -15.8782740097115 -3.03355109827153 
-3.20000000000004 1.64122104436683 -6.36884677521206 -3.48083624356676 -6.36091371380471 -11.7704532588526 -17.1860030188051 -4.12786587016818 -8.71078233503569 -13.4307432607021 -18.1741520355257 -26.2674977842855 -8.91280477352087 -10.7457413551058 -15.2158222113269 -21.1792895807424 -24.9009142891252 -28.6732016516111 -34.9577475727223 -41.2462206002408 -23.5378331808104 -14.7598120469757 -14.3222196241378 -12.6633353072337 -7.97795188570254 -12.3251799011086 -5.15537599348843 -5.52329647267967 -15.9441722387477 -2.99495035489545 
-3.00000000000004 1.6295710906852 -6.4079889007447 -3.44169411803412 -6.38262945768636 -11.8313111282669 -17.2860030137521 -4.08443777616877 -8.62821211550364 -13.3090309156374 -18.0132975649284 -26.0675011881556 -8.89108902461454 -10.6848834806668 -15.1158222113553 -21.2227210786402 -24.9834879125557 -28.7949174005742 -35.1186054472181 -41.4462206002692 -23.6480798194761 -14.8309165601088 -14.3541820117383 -12.7952976897523 -8.07077214268927 -12.3788580325623 -5.14391028706107 -5.55097289178495 -16.0109907833856 -2.95625311913304 
-2.80000000000004 1.61789590332774 -6.44721580770518 -3.40246721107364 -6.40417563905439 -11.8920842165954 -17.3860030090411 -4.04134913476948 -8.54589656714387 -13.1874884603171 -17.8525282026476 -25.8675049189144 -8.86954283856525 -10.6241103876571 -15.0158222113851 -21.265813450828 -25.0658071917039 -28.9164635866829 -35.2793785402873 -41.6462206002989 -23.7588642340526 -14.9024740677248 -14.3865126123938 -12.9276282856674 -8.16387583164316 -12.4327348145561 -5.13315224628755 -5.57944175797191 -16.0786865565331 -2.91746456241818 
-2.60000000000004 1.60619807183684 -6.48651879561304 -3.36316422316578 -6.42556965883486 -11.9527812242837 -17.4860030046373 -3.99856517555882 -8.46380962002535 -13.0660985252907 -17.6918352797134 -25.6675090080722 -8.84814881441215 -10.5634133755961 -14.9158222114163 -21.3086014992277 -25.1478982280115 -29.0378576108983 -35.4400755524106 -41.8462206003301 -23.8701785251107 -14.974485370875 -14.4192209276361 -13.0603365964744 -8.25728115454306 -12.4868371495478 -5.12307660228808 -5.6086691018803 -16.1472168883493 -2.87858957005185 
-2.40000000000004 1.59447991604975 -6.52589007015749 -3.32379294862133 -6.44682710561946 -12.0134099456128 -17.5860030005108 -3.95605475586324 -8.38192792578532 -12.9448455565063 -17.5312110363845 -25.4675134901989 -8.82689136353373 -10.5027846501732 -14.8158222114489 -21.3511164010826 -25.2297844044108 -29.1591150618421 -35.6007042778988 -42.0462206003627 -23.9820115940033 -15.0469471652231 -14.4523114474398 -13.1934271121193 -8.35100039564273 -12.5411851161034 -5.1136567023635 -5.63862047650017 -16.2165395375137 -2.83963276063713 
-2.20000000000004 1.58274351207365 -6.56532265592466 -3.28436036285416 -6.46796193021013 -12.0739773559706 -17.6860029966358 -3.91379001195084 -8.30023059610576 -12.8237156410595 -17.3706485351706 -25.2675184032178 -8.80575653510239 -10.4422172359747 -14.7158222114833 -21.3933860580482 -25.3114866471436 -29.2802498903421 -35.7612716921659 -42.246220600397 -24.0943492558553 -15.119852241308 -14.4857839377576 -13.3268995985273 -8.44504029628439 -12.5957924309775 -5.10486444873454 -5.66926080863838 -16.286612455419 -2.80059849562585 
-2.00000000000004 1.5709907203709 -6.60481030203551 -3.24487271674331 -6.48898663434263 -12.134489706214 -17.78600299299 -3.87174598190202 -8.21869891994608 -12.702696318789 -17.2101415667892 -25.0675237887256 -8.78473182736014 -10.3817048821216 -14.6158222115193 -21.4354354736408 -25.3930237088471 -29.4012745981564 -35.9217840460911 -42.446220600433 -24.2071754469102 -15.193190786252 -14.5196348365907 -13.460750493679 -8.53940354532446 -12.6506680339071 -5.09667131748282 -5.70055532349751 -16.357394616389 -2.76149091825887 
-1.80000000000004 1.55922320492391 -6.64434741775467 -3.20533560102415 -6.50991239946825 -12.1949525870587 -17.8860029895539 -3.82990034840094 -8.13731617072584 -12.5817764538496 -17.0496845861306 -24.8675296923478 -8.76380605883636 -10.3212419978787 -14.5158222115572 -21.477287010802 -25.4744123617274 -29.5222003667559 -36.0822469304098 -42.6462206004709 -24.3204717596125 -15.2669499832352 -14.5538569178547 -13.5949725714687 -8.63408850739578 -12.7058158802589 -5.08904776520789 -5.73246888694174 -16.4288452955524 -2.72231394071822 
-1.60000000000004 1.5474424576314 -6.68392899052253 -3.16575402825629 -6.53074925068919 -12.2553710110475 -17.9860029863106 -3.78823311124702 -8.05606736080406 -12.46094607116 -16.8892726306731 -24.6675361641225 -8.74296920441196 -10.2608235706864 -14.4158222115971 -21.5189607197704 -25.5556676434637 -29.64303722126 -36.2426653576818 -42.8462206005107 -24.4342189627433 -15.3411156135981 -14.5884409754497 -13.7295566257809 -8.72909098893933 -12.7612367890349 -5.08196458560911 -5.76496728011083 -16.5009252614894 -2.68307128108534 
-1.40000000000004 1.5356498137262 -6.72355053415385 -3.12613248462497 -6.55150616036097 -12.3157494643506 -18.086002983245 -3.74672638057683 -7.97493908650255 -12.3401962532271 -16.728901269109 -24.467543258927 -8.72221229171659 -10.2004451143597 -14.3158222116391 -21.5604745452871 -25.6368030126117 -29.7637941340394 -36.4030438140924 -43.0462206005527 -24.5483965490922 -15.4156716563158 -14.6233754745361 -13.8644911217593 -8.82440394128719 -12.8169281977511 -5.07539235398328 -5.79801659211632 -16.5735961171262 -2.64376644845505 
-1.20000000000004 1.52384646936116 -6.76320802975143 -3.08647498902739 -6.57219116626476 -12.376091965852 -18.186002980344 -3.70536414098367 -7.89391935131181 -12.2195190224388 -16.5685665427231 -24.2675510369435 -8.701527282956 -10.1401026100016 -14.2158222116833 -21.601844562941 -25.7178305258632 -29.8844791428884 -36.563386318539 -43.2462206005969 -24.6629833272263 -15.4906009388522 -14.658647261475 -13.9997629057533 -8.92001822968281 -12.8728849905495 -5.06930190128476 -5.83158363501537 -16.6468206556228 -2.60440275213964 
-1.00000000000004 1.51203349686693 -6.80289787444256 -3.04678514433626 -6.59281147413422 -12.4364021184126 -18.2860029775957 -3.66413204697344 -7.81299741261045 -12.0989072390463 -16.4082649146395 -24.0675595641688 -8.68090697238494 -10.0797924547394 -14.11582221173 -21.6430851842231 -25.7987609918364 -30.0050994535528 -36.7236964738946 -43.4462206006436 -24.7779579209482 -15.565885687883 -14.6942421658147 -14.1353578072977 -9.01592328653681 -12.929100202712 -5.06366471156756 -5.8656362899893 -16.7205631552879 -2.56498330671433 
-0.800000000000041 1.50021185749938 -6.84261683854936 -3.00706618022946 -6.61337354331463 -12.4966831516998 -18.3860029749897 -3.62301725220722 -7.73216365373744 -11.9783545160665 -16.2479932275529 -23.8675689129754 -8.66034490064783 -10.0195114188955 -14.0158222117793 -21.6842093278452 -25.8796040995653 -30.1256615253885 -36.883977509837 -43.6462206006928 -24.8932988265988 -15.6415076294268 -14.7301451432516 -14.2712607820797 -9.1121072972113 -12.9855652492801 -5.05845289418901 -5.90014343671755 -16.7947892661229 -2.52551102746408 
-0.600000000000041 1.48838241366684 -6.88236202450703 -2.96732099427179 -6.63388316892632 -12.5569379632692 -18.4860029725167 -3.5820082457879 -7.65140946136044 -11.8578551377318 -16.0877486632605 -23.6675791627254 -8.63983527261509 -9.95925660490506 -13.9158222118312 -21.7252285840674 -25.9603685417451 -30.246171153526 -37.0442323239322 -43.8462206007457 -25.0089847725003 -15.7174483893706 -14.7663407172378 -14.4074563535406 -9.20855768271492 -13.042270448826 -5.05363946170375 -5.93507519018996 -16.869466205553 -2.48598863103219 
-0.400000000000041 1.47654593909829 -6.9221308327004 -2.92755218607843 -6.65434555019081 -12.617169152727 -18.5860029701679 -3.54109471628551 -7.57072712366469 -11.7374039918427 -15.927528709178 -23.4675904004495 -8.61937288905694 -9.89902541315355 -13.8158222118863 -21.7661533513482 -26.0410621172194 -30.3666335371936 -37.2044635157932 -44.0462206008 -25.1249946347276 -15.7936894434046 -14.8028129630784 -14.5439285969773 -9.30526111795828 -13.0992050758756 -5.04919817798687 -5.97040271466645 -16.9445625382228 -2.44641862941351 
-0.200000000000041 1.46470312930978 -6.9619209262981 -2.88776209248073 -6.6747653607633 -12.6773790568972 -18.6860029679358 -3.50026741180351 -7.49010972558498 -11.6169965001653 -15.7673311239029 -23.2676027215767 -8.59895307631073 -9.83881550680963 -13.7158222119447 -21.8069929770165 -26.1216918364854 -30.4870533500573 -37.3646734222546 -44.2462206008591 -25.241308152928 -15.8702128680073 -14.8395462940834 -14.6806619256918 -9.40220435307506 -13.1563582173951 -5.04510420445146 -6.00609883472874 -17.0200487518828 -2.40680333532145 
-4.1133763062362e-14 1.45285460889136 -7.00173020676978 -2.84795281200904 -6.69514679769749 -12.7375697743031 -18.7860029658134 -3.45951804287349 -7.40955107618328 -11.4966285702919 -15.6071539135579 -23.06761623076 -8.57857163731601 -9.77862478734323 -13.6158222120066 -21.8477558551909 -26.2022639951315 -30.607434789175 -37.524864141844 -44.4462206009202 -25.3579053050496 -15.9470007396572 -14.8765248852616 -14.8176405146857 -9.49937366159727 -13.2137182454452 -5.04133342663778 -6.04213733738674 -17.0958965350125 -2.36714484943015 
